0 2.25e-06
0.000234759 2.25e-06
0.000469517 2.25e-06
0.000704276 2.25e-06
0.000939035 2.75e-06
0.00117379 2.75e-06
0.00140855 3e-06
0.00164331 3e-06
0.00187807 3e-06
0.00211283 3e-06
0.00234759 3e-06
0.00258235 3e-06
0.0028171 3.25e-06
0.00305186 3.25e-06
0.00328662 3.25e-06
0.00352138 3.25e-06
0.00375614 3.25e-06
0.0039909 3.25e-06
0.00422566 3.25e-06
0.00446041 3.25e-06
0.00469517 3.5e-06
0.00492993 3.5e-06
0.00516469 3.5e-06
0.00539945 3.75e-06
0.00563421 4e-06
0.00586897 4e-06
0.00610373 4e-06
0.00633848 4e-06
0.00657324 4e-06
0.006808 4.25e-06
0.00704276 4.5e-06
0.00727752 4.5e-06
0.00751228 4.5e-06
0.00774704 4.5e-06
0.0079818 4.5e-06
0.00821655 4.5e-06
0.00845131 4.5e-06
0.00868607 5e-06
0.00892083 5e-06
0.00915559 5e-06
0.00939035 5e-06
0.00962511 5.25e-06
0.00985986 5.25e-06
0.0100946 5.5e-06
0.0103294 5.5e-06
0.0105641 5.5e-06
0.0107989 5.5e-06
0.0110337 5.75e-06
0.0112684 5.75e-06
0.0115032 5.75e-06
0.0117379 5.75e-06
0.0119727 5.75e-06
0.0122075 5.75e-06
0.0124422 6e-06
0.012677 6e-06
0.0129117 6e-06
0.0131465 6e-06
0.0133812 6e-06
0.013616 6e-06
0.0138508 6e-06
0.0140855 6.25e-06
0.0143203 6.25e-06
0.014555 6.25e-06
0.0147898 6.25e-06
0.0150246 6.25e-06
0.0152593 6.25e-06
0.0154941 6.25e-06
0.0157288 6.25e-06
0.0159636 6.25e-06
0.0161983 6.25e-06
0.0164331 6.25e-06
0.0166679 6.25e-06
0.0169026 6.75e-06
0.0171374 6.75e-06
0.0173721 6.75e-06
0.0176069 6.75e-06
0.0178417 6.75e-06
0.0180764 6.75e-06
0.0183112 6.75e-06
0.0185459 6.75e-06
0.0187807 7.5e-06
0.0190155 7.5e-06
0.0192502 7.5e-06
0.019485 7.5e-06
0.0197197 7.75e-06
0.0199545 7.75e-06
0.0201892 7.75e-06
0.020424 7.75e-06
0.0206588 7.75e-06
0.0208935 7.75e-06
0.0211283 7.75e-06
0.021363 7.75e-06
0.0215978 7.75e-06
0.0218326 7.75e-06
0.0220673 7.75e-06
0.0223021 7.75e-06
0.0225368 7.75e-06
0.0227716 7.75e-06
0.0230064 7.75e-06
0.0232411 8e-06
0.0234759 8e-06
0.0237106 8e-06
0.0239454 8e-06
0.0241801 8.25e-06
0.0244149 8.25e-06
0.0246497 8.25e-06
0.0248844 8.5e-06
0.0251192 8.5e-06
0.0253539 8.5e-06
0.0255887 8.5e-06
0.0258235 8.5e-06
0.0260582 8.5e-06
0.026293 8.5e-06
0.0265277 8.75e-06
0.0267625 9e-06
0.0269972 9e-06
0.027232 9e-06
0.0274668 9e-06
0.0277015 9e-06
0.0279363 9.25e-06
0.028171 9.25e-06
0.0284058 9.5e-06
0.0286406 9.5e-06
0.0288753 9.5e-06
0.0291101 9.75e-06
0.0293448 9.75e-06
0.0295796 1e-05
0.0298144 1e-05
0.0300491 1e-05
0.0302839 1e-05
0.0305186 1e-05
0.0307534 1.025e-05
0.0309881 1.025e-05
0.0312229 1.025e-05
0.0314577 1.025e-05
0.0316924 1.025e-05
0.0319272 1.05e-05
0.0321619 1.075e-05
0.0323967 1.125e-05
0.0326315 1.15e-05
0.0328662 1.15e-05
0.033101 1.15e-05
0.0333357 1.15e-05
0.0335705 1.15e-05
0.0338053 1.15e-05
0.03404 1.15e-05
0.0342748 1.175e-05
0.0345095 1.175e-05
0.0347443 1.175e-05
0.034979 1.175e-05
0.0352138 1.175e-05
0.0354486 1.225e-05
0.0356833 1.25e-05
0.0359181 1.25e-05
0.0361528 1.25e-05
0.0363876 1.275e-05
0.0366224 1.275e-05
0.0368571 1.275e-05
0.0370919 1.325e-05
0.0373266 1.325e-05
0.0375614 1.325e-05
0.0377961 1.325e-05
0.0380309 1.325e-05
0.0382657 1.35e-05
0.0385004 1.35e-05
0.0387352 1.35e-05
0.0389699 1.35e-05
0.0392047 1.425e-05
0.0394395 1.425e-05
0.0396742 1.425e-05
0.039909 1.425e-05
0.0401437 1.425e-05
0.0403785 1.425e-05
0.0406133 1.425e-05
0.040848 1.45e-05
0.0410828 1.45e-05
0.0413175 1.45e-05
0.0415523 1.45e-05
0.041787 1.45e-05
0.0420218 1.45e-05
0.0422566 1.45e-05
0.0424913 1.45e-05
0.0427261 1.475e-05
0.0429608 1.5e-05
0.0431956 1.5e-05
0.0434304 1.5e-05
0.0436651 1.5e-05
0.0438999 1.5e-05
0.0441346 1.5e-05
0.0443694 1.5e-05
0.0446041 1.5e-05
0.0448389 1.5e-05
0.0450737 1.5e-05
0.0453084 1.5e-05
0.0455432 1.5e-05
0.0457779 1.525e-05
0.0460127 1.525e-05
0.0462475 1.55e-05
0.0464822 1.55e-05
0.046717 1.575e-05
0.0469517 1.575e-05
0.0471865 1.6e-05
0.0474213 1.625e-05
0.047656 1.625e-05
0.0478908 1.625e-05
0.0481255 1.625e-05
0.0483603 1.625e-05
0.048595 1.625e-05
0.0488298 1.625e-05
0.0490646 1.65e-05
0.0492993 1.65e-05
0.0495341 1.65e-05
0.0497688 1.675e-05
0.0500036 1.675e-05
0.0502384 1.675e-05
0.0504731 1.75e-05
0.0507079 1.75e-05
0.0509426 1.75e-05
0.0511774 1.775e-05
0.0514122 1.775e-05
0.0516469 1.775e-05
0.0518817 1.775e-05
0.0521164 1.8e-05
0.0523512 1.8e-05
0.0525859 1.8e-05
0.0528207 1.8e-05
0.0530555 1.8e-05
0.0532902 1.8e-05
0.053525 1.85e-05
0.0537597 1.85e-05
0.0539945 1.85e-05
0.0542293 1.85e-05
0.054464 1.85e-05
0.0546988 1.85e-05
0.0549335 1.85e-05
0.0551683 1.875e-05
0.055403 1.875e-05
0.0556378 1.875e-05
0.0558726 1.875e-05
0.0561073 1.9e-05
0.0563421 1.9e-05
0.0565768 1.9e-05
0.0568116 1.9e-05
0.0570464 1.9e-05
0.0572811 1.9e-05
0.0575159 1.925e-05
0.0577506 1.925e-05
0.0579854 1.925e-05
0.0582202 1.95e-05
0.0584549 1.95e-05
0.0586897 1.975e-05
0.0589244 2e-05
0.0591592 2e-05
0.0593939 2e-05
0.0596287 2.025e-05
0.0598635 2.025e-05
0.0600982 2.025e-05
0.060333 2.025e-05
0.0605677 2.025e-05
0.0608025 2.05e-05
0.0610373 2.05e-05
0.061272 2.05e-05
0.0615068 2.05e-05
0.0617415 2.05e-05
0.0619763 2.075e-05
0.0622111 2.075e-05
0.0624458 2.1e-05
0.0626806 2.1e-05
0.0629153 2.1e-05
0.0631501 2.1e-05
0.0633848 2.1e-05
0.0636196 2.1e-05
0.0638544 2.125e-05
0.0640891 2.125e-05
0.0643239 2.125e-05
0.0645586 2.125e-05
0.0647934 2.15e-05
0.0650282 2.175e-05
0.0652629 2.175e-05
0.0654977 2.2e-05
0.0657324 2.2e-05
0.0659672 2.2e-05
0.0662019 2.2e-05
0.0664367 2.2e-05
0.0666715 2.2e-05
0.0669062 2.2e-05
0.067141 2.2e-05
0.0673757 2.2e-05
0.0676105 2.225e-05
0.0678453 2.225e-05
0.06808 2.225e-05
0.0683148 2.225e-05
0.0685495 2.225e-05
0.0687843 2.225e-05
0.0690191 2.225e-05
0.0692538 2.225e-05
0.0694886 2.225e-05
0.0697233 2.25e-05
0.0699581 2.25e-05
0.0701928 2.25e-05
0.0704276 2.25e-05
0.0706624 2.3e-05
0.0708971 2.3e-05
0.0711319 2.3e-05
0.0713666 2.3e-05
0.0716014 2.3e-05
0.0718362 2.3e-05
0.0720709 2.3e-05
0.0723057 2.35e-05
0.0725404 2.35e-05
0.0727752 2.35e-05
0.07301 2.35e-05
0.0732447 2.35e-05
0.0734795 2.35e-05
0.0737142 2.35e-05
0.073949 2.35e-05
0.0741837 2.375e-05
0.0744185 2.4e-05
0.0746533 2.45e-05
0.074888 2.45e-05
0.0751228 2.5e-05
0.0753575 2.5e-05
0.0755923 2.525e-05
0.0758271 2.575e-05
0.0760618 2.575e-05
0.0762966 2.575e-05
0.0765313 2.6e-05
0.0767661 2.6e-05
0.0770008 2.625e-05
0.0772356 2.65e-05
0.0774704 2.65e-05
0.0777051 2.65e-05
0.0779399 2.65e-05
0.0781746 2.65e-05
0.0784094 2.65e-05
0.0786442 2.7e-05
0.0788789 2.7e-05
0.0791137 2.7e-05
0.0793484 2.725e-05
0.0795832 2.725e-05
0.079818 2.725e-05
0.0800527 2.925e-05
0.0802875 2.925e-05
0.0805222 2.925e-05
0.080757 2.925e-05
0.0809917 2.925e-05
0.0812265 2.95e-05
0.0814613 2.95e-05
0.081696 2.95e-05
0.0819308 3e-05
0.0821655 3e-05
0.0824003 3e-05
0.0826351 3e-05
0.0828698 3e-05
0.0831046 3.05e-05
0.0833393 3.05e-05
0.0835741 3.05e-05
0.0838089 3.05e-05
0.0840436 3.05e-05
0.0842784 3.05e-05
0.0845131 3.05e-05
0.0847479 3.075e-05
0.0849826 3.1e-05
0.0852174 3.175e-05
0.0854522 3.175e-05
0.0856869 3.175e-05
0.0859217 3.175e-05
0.0861564 3.175e-05
0.0863912 3.2e-05
0.086626 3.225e-05
0.0868607 3.25e-05
0.0870955 3.275e-05
0.0873302 3.275e-05
0.087565 3.275e-05
0.0877997 3.275e-05
0.0880345 3.3e-05
0.0882693 3.3e-05
0.088504 3.3e-05
0.0887388 3.3e-05
0.0889735 3.325e-05
0.0892083 3.35e-05
0.0894431 3.4e-05
0.0896778 3.4e-05
0.0899126 3.4e-05
0.0901473 3.4e-05
0.0903821 3.4e-05
0.0906169 3.475e-05
0.0908516 3.475e-05
0.0910864 3.475e-05
0.0913211 3.475e-05
0.0915559 3.475e-05
0.0917906 3.5e-05
0.0920254 3.5e-05
0.0922602 3.5e-05
0.0924949 3.5e-05
0.0927297 3.5e-05
0.0929644 3.525e-05
0.0931992 3.525e-05
0.093434 3.525e-05
0.0936687 3.55e-05
0.0939035 3.575e-05
0.0941382 3.65e-05
0.094373 3.65e-05
0.0946077 3.65e-05
0.0948425 3.65e-05
0.0950773 3.7e-05
0.095312 3.7e-05
0.0955468 3.7e-05
0.0957815 3.725e-05
0.0960163 3.75e-05
0.0962511 3.75e-05
0.0964858 3.75e-05
0.0967206 3.75e-05
0.0969553 3.75e-05
0.0971901 3.775e-05
0.0974249 3.8e-05
0.0976596 3.8e-05
0.0978944 3.8e-05
0.0981291 3.85e-05
0.0983639 3.875e-05
0.0985986 3.875e-05
0.0988334 3.9e-05
0.0990682 3.9e-05
0.0993029 3.9e-05
0.0995377 3.925e-05
0.0997724 4.025e-05
0.100007 4.025e-05
0.100242 4.075e-05
0.100477 4.075e-05
0.100711 4.075e-05
0.100946 4.1e-05
0.101181 4.1e-05
0.101416 4.1e-05
0.101651 4.1e-05
0.101885 4.1e-05
0.10212 4.125e-05
0.102355 4.15e-05
0.10259 4.15e-05
0.102824 4.15e-05
0.103059 4.15e-05
0.103294 4.15e-05
0.103529 4.15e-05
0.103763 4.15e-05
0.103998 4.2e-05
0.104233 4.2e-05
0.104468 4.2e-05
0.104702 4.2e-05
0.104937 4.2e-05
0.105172 4.2e-05
0.105407 4.225e-05
0.105641 4.25e-05
0.105876 4.25e-05
0.106111 4.25e-05
0.106346 4.275e-05
0.10658 4.275e-05
0.106815 4.275e-05
0.10705 4.35e-05
0.107285 4.35e-05
0.107519 4.375e-05
0.107754 4.375e-05
0.107989 4.425e-05
0.108224 4.475e-05
0.108459 4.475e-05
0.108693 4.5e-05
0.108928 4.5e-05
0.109163 4.55e-05
0.109398 4.55e-05
0.109632 4.55e-05
0.109867 4.55e-05
0.110102 4.575e-05
0.110337 4.575e-05
0.110571 4.575e-05
0.110806 4.575e-05
0.111041 4.625e-05
0.111276 4.65e-05
0.11151 4.65e-05
0.111745 4.65e-05
0.11198 4.65e-05
0.112215 4.65e-05
0.112449 4.675e-05
0.112684 4.675e-05
0.112919 4.7e-05
0.113154 4.7e-05
0.113388 4.7e-05
0.113623 4.725e-05
0.113858 4.75e-05
0.114093 4.75e-05
0.114327 4.775e-05
0.114562 4.775e-05
0.114797 4.8e-05
0.115032 4.825e-05
0.115267 4.825e-05
0.115501 4.825e-05
0.115736 4.825e-05
0.115971 4.825e-05
0.116206 4.825e-05
0.11644 4.825e-05
0.116675 4.825e-05
0.11691 4.825e-05
0.117145 4.825e-05
0.117379 4.875e-05
0.117614 4.875e-05
0.117849 4.875e-05
0.118084 4.875e-05
0.118318 4.875e-05
0.118553 4.875e-05
0.118788 4.875e-05
0.119023 4.875e-05
0.119257 4.875e-05
0.119492 4.9e-05
0.119727 4.9e-05
0.119962 4.9e-05
0.120196 4.9e-05
0.120431 4.9e-05
0.120666 4.925e-05
0.120901 4.925e-05
0.121135 4.975e-05
0.12137 4.975e-05
0.121605 4.975e-05
0.12184 4.975e-05
0.122075 4.975e-05
0.122309 4.975e-05
0.122544 5e-05
0.122779 5e-05
0.123014 5e-05
0.123248 5.025e-05
0.123483 5.05e-05
0.123718 5.05e-05
0.123953 5.05e-05
0.124187 5.05e-05
0.124422 5.075e-05
0.124657 5.1e-05
0.124892 5.1e-05
0.125126 5.1e-05
0.125361 5.1e-05
0.125596 5.125e-05
0.125831 5.125e-05
0.126065 5.125e-05
0.1263 5.125e-05
0.126535 5.125e-05
0.12677 5.15e-05
0.127004 5.15e-05
0.127239 5.15e-05
0.127474 5.15e-05
0.127709 5.15e-05
0.127943 5.2e-05
0.128178 5.2e-05
0.128413 5.2e-05
0.128648 5.25e-05
0.128883 5.25e-05
0.129117 5.275e-05
0.129352 5.275e-05
0.129587 5.275e-05
0.129822 5.275e-05
0.130056 5.3e-05
0.130291 5.3e-05
0.130526 5.3e-05
0.130761 5.3e-05
0.130995 5.325e-05
0.13123 5.325e-05
0.131465 5.325e-05
0.1317 5.325e-05
0.131934 5.325e-05
0.132169 5.325e-05
0.132404 5.325e-05
0.132639 5.325e-05
0.132873 5.375e-05
0.133108 5.4e-05
0.133343 5.4e-05
0.133578 5.425e-05
0.133812 5.425e-05
0.134047 5.425e-05
0.134282 5.425e-05
0.134517 5.425e-05
0.134751 5.425e-05
0.134986 5.425e-05
0.135221 5.425e-05
0.135456 5.425e-05
0.135691 5.45e-05
0.135925 5.45e-05
0.13616 5.45e-05
0.136395 5.475e-05
0.13663 5.475e-05
0.136864 5.475e-05
0.137099 5.475e-05
0.137334 5.475e-05
0.137569 5.475e-05
0.137803 5.475e-05
0.138038 5.475e-05
0.138273 5.475e-05
0.138508 5.475e-05
0.138742 5.5e-05
0.138977 5.5e-05
0.139212 5.525e-05
0.139447 5.55e-05
0.139681 5.575e-05
0.139916 5.575e-05
0.140151 5.575e-05
0.140386 5.575e-05
0.14062 5.575e-05
0.140855 5.6e-05
0.14109 5.625e-05
0.141325 5.625e-05
0.141559 5.625e-05
0.141794 5.625e-05
0.142029 5.625e-05
0.142264 5.625e-05
0.142499 5.65e-05
0.142733 5.65e-05
0.142968 5.65e-05
0.143203 5.675e-05
0.143438 5.675e-05
0.143672 5.7e-05
0.143907 5.7e-05
0.144142 5.7e-05
0.144377 5.7e-05
0.144611 5.7e-05
0.144846 5.7e-05
0.145081 5.725e-05
0.145316 5.75e-05
0.14555 5.75e-05
0.145785 5.8e-05
0.14602 5.8e-05
0.146255 5.8e-05
0.146489 5.8e-05
0.146724 5.8e-05
0.146959 5.8e-05
0.147194 5.875e-05
0.147428 5.875e-05
0.147663 5.9e-05
0.147898 5.9e-05
0.148133 5.9e-05
0.148367 5.925e-05
0.148602 5.95e-05
0.148837 5.95e-05
0.149072 5.95e-05
0.149307 5.95e-05
0.149541 5.975e-05
0.149776 5.975e-05
0.150011 5.975e-05
0.150246 6e-05
0.15048 6e-05
0.150715 6e-05
0.15095 6e-05
0.151185 6.025e-05
0.151419 6.025e-05
0.151654 6.125e-05
0.151889 6.125e-05
0.152124 6.125e-05
0.152358 6.125e-05
0.152593 6.125e-05
0.152828 6.175e-05
0.153063 6.175e-05
0.153297 6.175e-05
0.153532 6.175e-05
0.153767 6.225e-05
0.154002 6.225e-05
0.154236 6.225e-05
0.154471 6.225e-05
0.154706 6.225e-05
0.154941 6.25e-05
0.155175 6.25e-05
0.15541 6.25e-05
0.155645 6.275e-05
0.15588 6.3e-05
0.156115 6.3e-05
0.156349 6.3e-05
0.156584 6.3e-05
0.156819 6.3e-05
0.157054 6.325e-05
0.157288 6.325e-05
0.157523 6.325e-05
0.157758 6.425e-05
0.157993 6.425e-05
0.158227 6.425e-05
0.158462 6.425e-05
0.158697 6.475e-05
0.158932 6.475e-05
0.159166 6.475e-05
0.159401 6.5e-05
0.159636 6.5e-05
0.159871 6.525e-05
0.160105 6.525e-05
0.16034 6.525e-05
0.160575 6.525e-05
0.16081 6.525e-05
0.161044 6.525e-05
0.161279 6.525e-05
0.161514 6.525e-05
0.161749 6.55e-05
0.161983 6.55e-05
0.162218 6.55e-05
0.162453 6.575e-05
0.162688 6.575e-05
0.162923 6.625e-05
0.163157 6.625e-05
0.163392 6.625e-05
0.163627 6.625e-05
0.163862 6.625e-05
0.164096 6.625e-05
0.164331 6.625e-05
0.164566 6.625e-05
0.164801 6.625e-05
0.165035 6.625e-05
0.16527 6.65e-05
0.165505 6.725e-05
0.16574 6.75e-05
0.165974 6.75e-05
0.166209 6.75e-05
0.166444 6.75e-05
0.166679 6.75e-05
0.166913 6.75e-05
0.167148 6.75e-05
0.167383 6.75e-05
0.167618 6.775e-05
0.167852 6.775e-05
0.168087 6.775e-05
0.168322 6.775e-05
0.168557 6.8e-05
0.168791 6.8e-05
0.169026 6.825e-05
0.169261 6.825e-05
0.169496 6.85e-05
0.169731 6.85e-05
0.169965 6.85e-05
0.1702 6.85e-05
0.170435 6.85e-05
0.17067 6.875e-05
0.170904 6.9e-05
0.171139 6.925e-05
0.171374 6.925e-05
0.171609 6.925e-05
0.171843 6.925e-05
0.172078 6.925e-05
0.172313 7.125e-05
0.172548 7.125e-05
0.172782 7.125e-05
0.173017 7.15e-05
0.173252 7.15e-05
0.173487 7.15e-05
0.173721 7.15e-05
0.173956 7.15e-05
0.174191 7.15e-05
0.174426 7.2e-05
0.17466 7.225e-05
0.174895 7.225e-05
0.17513 7.225e-05
0.175365 7.25e-05
0.175599 7.25e-05
0.175834 7.25e-05
0.176069 7.275e-05
0.176304 7.3e-05
0.176539 7.375e-05
0.176773 7.4e-05
0.177008 7.4e-05
0.177243 7.4e-05
0.177478 7.45e-05
0.177712 7.45e-05
0.177947 7.475e-05
0.178182 7.475e-05
0.178417 7.5e-05
0.178651 7.5e-05
0.178886 7.55e-05
0.179121 7.575e-05
0.179356 7.625e-05
0.17959 7.65e-05
0.179825 7.65e-05
0.18006 7.675e-05
0.180295 7.675e-05
0.180529 7.675e-05
0.180764 7.675e-05
0.180999 7.7e-05
0.181234 7.7e-05
0.181468 7.7e-05
0.181703 7.7e-05
0.181938 7.7e-05
0.182173 7.7e-05
0.182407 7.7e-05
0.182642 7.7e-05
0.182877 7.7e-05
0.183112 7.7e-05
0.183347 7.725e-05
0.183581 7.725e-05
0.183816 7.725e-05
0.184051 7.75e-05
0.184286 7.75e-05
0.18452 7.75e-05
0.184755 7.775e-05
0.18499 7.825e-05
0.185225 7.85e-05
0.185459 7.875e-05
0.185694 7.875e-05
0.185929 7.925e-05
0.186164 7.925e-05
0.186398 7.925e-05
0.186633 7.925e-05
0.186868 7.925e-05
0.187103 7.925e-05
0.187337 7.95e-05
0.187572 7.95e-05
0.187807 7.95e-05
0.188042 7.975e-05
0.188276 7.975e-05
0.188511 7.975e-05
0.188746 7.975e-05
0.188981 7.975e-05
0.189215 8.025e-05
0.18945 8.05e-05
0.189685 8.075e-05
0.18992 8.075e-05
0.190155 8.075e-05
0.190389 8.175e-05
0.190624 8.2e-05
0.190859 8.225e-05
0.191094 8.225e-05
0.191328 8.225e-05
0.191563 8.225e-05
0.191798 8.25e-05
0.192033 8.3e-05
0.192267 8.3e-05
0.192502 8.3e-05
0.192737 8.3e-05
0.192972 8.3e-05
0.193206 8.3e-05
0.193441 8.3e-05
0.193676 8.3e-05
0.193911 8.3e-05
0.194145 8.3e-05
0.19438 8.3e-05
0.194615 8.3e-05
0.19485 8.325e-05
0.195084 8.35e-05
0.195319 8.35e-05
0.195554 8.375e-05
0.195789 8.375e-05
0.196024 8.375e-05
0.196258 8.375e-05
0.196493 8.375e-05
0.196728 8.375e-05
0.196963 8.4e-05
0.197197 8.4e-05
0.197432 8.425e-05
0.197667 8.45e-05
0.197902 8.475e-05
0.198136 8.5e-05
0.198371 8.5e-05
0.198606 8.525e-05
0.198841 8.525e-05
0.199075 8.525e-05
0.19931 8.525e-05
0.199545 8.55e-05
0.19978 8.575e-05
0.200014 8.575e-05
0.200249 8.6e-05
0.200484 8.6e-05
0.200719 8.6e-05
0.200953 8.6e-05
0.201188 8.6e-05
0.201423 8.625e-05
0.201658 8.65e-05
0.201892 8.65e-05
0.202127 8.65e-05
0.202362 8.675e-05
0.202597 8.675e-05
0.202832 8.7e-05
0.203066 8.7e-05
0.203301 8.725e-05
0.203536 8.825e-05
0.203771 8.825e-05
0.204005 8.825e-05
0.20424 8.825e-05
0.204475 8.825e-05
0.20471 9.05e-05
0.204944 9.05e-05
0.205179 9.05e-05
0.205414 9.125e-05
0.205649 9.125e-05
0.205883 9.125e-05
0.206118 9.175e-05
0.206353 9.2e-05
0.206588 9.2e-05
0.206822 9.225e-05
0.207057 9.225e-05
0.207292 9.225e-05
0.207527 9.25e-05
0.207761 9.25e-05
0.207996 9.25e-05
0.208231 9.275e-05
0.208466 9.3e-05
0.2087 9.3e-05
0.208935 9.3e-05
0.20917 9.3e-05
0.209405 9.3e-05
0.20964 9.325e-05
0.209874 9.35e-05
0.210109 9.35e-05
0.210344 9.35e-05
0.210579 9.375e-05
0.210813 9.375e-05
0.211048 9.375e-05
0.211283 9.4e-05
0.211518 9.425e-05
0.211752 9.425e-05
0.211987 9.425e-05
0.212222 9.45e-05
0.212457 9.45e-05
0.212691 9.45e-05
0.212926 9.45e-05
0.213161 9.45e-05
0.213396 9.45e-05
0.21363 9.45e-05
0.213865 9.45e-05
0.2141 9.75e-05
0.214335 9.775e-05
0.214569 9.775e-05
0.214804 9.775e-05
0.215039 9.825e-05
0.215274 9.85e-05
0.215508 9.85e-05
0.215743 9.85e-05
0.215978 9.85e-05
0.216213 9.875e-05
0.216448 9.875e-05
0.216682 9.875e-05
0.216917 9.875e-05
0.217152 9.875e-05
0.217387 9.875e-05
0.217621 9.9e-05
0.217856 9.9e-05
0.218091 9.925e-05
0.218326 9.925e-05
0.21856 9.95e-05
0.218795 9.95e-05
0.21903 9.975e-05
0.219265 0.0001
0.219499 0.000101
0.219734 0.000101
0.219969 0.000101
0.220204 0.000101
0.220438 0.00010125
0.220673 0.00010125
0.220908 0.00010125
0.221143 0.00010125
0.221377 0.00010125
0.221612 0.00010125
0.221847 0.00010175
0.222082 0.00010175
0.222316 0.000102
0.222551 0.000102
0.222786 0.00010425
0.223021 0.0001045
0.223256 0.00010475
0.22349 0.000105
0.223725 0.000105
0.22396 0.000105
0.224195 0.000105
0.224429 0.000105
0.224664 0.00010525
0.224899 0.00010525
0.225134 0.0001055
0.225368 0.0001055
0.225603 0.0001055
0.225838 0.0001055
0.226073 0.0001055
0.226307 0.0001055
0.226542 0.0001055
0.226777 0.0001055
0.227012 0.0001055
0.227246 0.00010575
0.227481 0.00010575
0.227716 0.000106
0.227951 0.00010625
0.228185 0.0001065
0.22842 0.0001065
0.228655 0.00010675
0.22889 0.00010675
0.229124 0.00010675
0.229359 0.00010675
0.229594 0.000107
0.229829 0.000107
0.230064 0.000107
0.230298 0.000107
0.230533 0.000108
0.230768 0.000108
0.231003 0.000108
0.231237 0.00010825
0.231472 0.00010825
0.231707 0.0001085
0.231942 0.000109
0.232176 0.000109
0.232411 0.000109
0.232646 0.0001095
0.232881 0.00011025
0.233115 0.0001105
0.23335 0.0001105
0.233585 0.00011075
0.23382 0.00011075
0.234054 0.00011075
0.234289 0.00011075
0.234524 0.00011075
0.234759 0.00011075
0.234993 0.00011075
0.235228 0.00011075
0.235463 0.00011125
0.235698 0.00011125
0.235932 0.00011125
0.236167 0.0001115
0.236402 0.0001115
0.236637 0.0001115
0.236872 0.0001115
0.237106 0.00011175
0.237341 0.000112
0.237576 0.0001125
0.237811 0.0001125
0.238045 0.00011325
0.23828 0.00011325
0.238515 0.00011325
0.23875 0.00011325
0.238984 0.00011375
0.239219 0.00011375
0.239454 0.000114
0.239689 0.000114
0.239923 0.00011425
0.240158 0.0001145
0.240393 0.0001145
0.240628 0.0001145
0.240862 0.0001145
0.241097 0.0001145
0.241332 0.00011525
0.241567 0.00011575
0.241801 0.000116
0.242036 0.000116
0.242271 0.000116
0.242506 0.000116
0.24274 0.00011625
0.242975 0.00011625
0.24321 0.0001165
0.243445 0.00011675
0.24368 0.00011675
0.243914 0.00011675
0.244149 0.000117
0.244384 0.000117
0.244619 0.000117
0.244853 0.00011725
0.245088 0.00011725
0.245323 0.00011725
0.245558 0.00011725
0.245792 0.00011725
0.246027 0.00011725
0.246262 0.00011725
0.246497 0.0001175
0.246731 0.0001175
0.246966 0.0001175
0.247201 0.0001185
0.247436 0.0001185
0.24767 0.00011875
0.247905 0.00011875
0.24814 0.0001195
0.248375 0.0001195
0.248609 0.0001195
0.248844 0.00011975
0.249079 0.00012025
0.249314 0.00012075
0.249548 0.00012075
0.249783 0.00012075
0.250018 0.0001215
0.250253 0.0001215
0.250488 0.00012175
0.250722 0.00012175
0.250957 0.00012175
0.251192 0.00012175
0.251427 0.00012175
0.251661 0.00012175
0.251896 0.00012175
0.252131 0.00012175
0.252366 0.000122
0.2526 0.00012225
0.252835 0.00012225
0.25307 0.00012325
0.253305 0.00012325
0.253539 0.00012325
0.253774 0.0001235
0.254009 0.0001235
0.254244 0.0001235
0.254478 0.00012375
0.254713 0.00012375
0.254948 0.000124
0.255183 0.00012425
0.255417 0.00012525
0.255652 0.00012525
0.255887 0.0001255
0.256122 0.0001255
0.256356 0.000126
0.256591 0.0001265
0.256826 0.00012675
0.257061 0.00012675
0.257296 0.000127
0.25753 0.000127
0.257765 0.000127
0.258 0.00012725
0.258235 0.00012725
0.258469 0.00012725
0.258704 0.00012725
0.258939 0.00012725
0.259174 0.0001275
0.259408 0.00012775
0.259643 0.0001285
0.259878 0.0001285
0.260113 0.000129
0.260347 0.00013225
0.260582 0.0001325
0.260817 0.0001325
0.261052 0.0001325
0.261286 0.000134
0.261521 0.000134
0.261756 0.00013425
0.261991 0.00013425
0.262225 0.00013425
0.26246 0.0001345
0.262695 0.00013525
0.26293 0.0001355
0.263164 0.0001355
0.263399 0.00013575
0.263634 0.00013575
0.263869 0.00013575
0.264104 0.00013575
0.264338 0.00013575
0.264573 0.000136
0.264808 0.000136
0.265043 0.000136
0.265277 0.000136
0.265512 0.000136
0.265747 0.000136
0.265982 0.000136
0.266216 0.000136
0.266451 0.00013775
0.266686 0.00013775
0.266921 0.00013775
0.267155 0.00013825
0.26739 0.00013825
0.267625 0.00013875
0.26786 0.00013875
0.268094 0.00013875
0.268329 0.000139
0.268564 0.00013925
0.268799 0.0001395
0.269033 0.00013975
0.269268 0.00013975
0.269503 0.00014
0.269738 0.00014
0.269972 0.00014075
0.270207 0.00014075
0.270442 0.00014075
0.270677 0.00014075
0.270912 0.000141
0.271146 0.000141
0.271381 0.000142
0.271616 0.000142
0.271851 0.00014225
0.272085 0.000144
0.27232 0.000144
0.272555 0.000144
0.27279 0.00014425
0.273024 0.00014425
0.273259 0.00014475
0.273494 0.00014475
0.273729 0.000145
0.273963 0.00014525
0.274198 0.00014575
0.274433 0.00014575
0.274668 0.00014625
0.274902 0.0001495
0.275137 0.00014975
0.275372 0.00015
0.275607 0.00015
0.275841 0.00015025
0.276076 0.0001505
0.276311 0.0001505
0.276546 0.00015075
0.27678 0.00015075
0.277015 0.00015075
0.27725 0.00015075
0.277485 0.00015075
0.27772 0.000151
0.277954 0.000151
0.278189 0.000151
0.278424 0.00015125
0.278659 0.0001535
0.278893 0.000154
0.279128 0.00015425
0.279363 0.00015425
0.279598 0.00015425
0.279832 0.0001545
0.280067 0.00015475
0.280302 0.00015475
0.280537 0.00015525
0.280771 0.00015575
0.281006 0.00015575
0.281241 0.000156
0.281476 0.00015625
0.28171 0.00015625
0.281945 0.000157
0.28218 0.000157
0.282415 0.000157
0.282649 0.000157
0.282884 0.00015725
0.283119 0.0001575
0.283354 0.000158
0.283588 0.000158
0.283823 0.000158
0.284058 0.00015825
0.284293 0.00015825
0.284528 0.00015825
0.284762 0.00015825
0.284997 0.00015825
0.285232 0.00015825
0.285467 0.00015825
0.285701 0.0001585
0.285936 0.0001585
0.286171 0.00015875
0.286406 0.00015875
0.28664 0.00015875
0.286875 0.0001595
0.28711 0.0001595
0.287345 0.0001595
0.287579 0.00015975
0.287814 0.00015975
0.288049 0.00015975
0.288284 0.00015975
0.288518 0.00016
0.288753 0.00016025
0.288988 0.00016025
0.289223 0.0001605
0.289457 0.0001605
0.289692 0.000161
0.289927 0.000161
0.290162 0.000161
0.290396 0.000161
0.290631 0.000161
0.290866 0.0001615
0.291101 0.0001615
0.291336 0.0001615
0.29157 0.0001615
0.291805 0.0001615
0.29204 0.0001615
0.292275 0.0001615
0.292509 0.0001615
0.292744 0.0001615
0.292979 0.0001615
0.293214 0.000166
0.293448 0.00016625
0.293683 0.0001665
0.293918 0.0001665
0.294153 0.0001665
0.294387 0.0001665
0.294622 0.0001665
0.294857 0.00016675
0.295092 0.00016675
0.295326 0.00016675
0.295561 0.000167
0.295796 0.000167
0.296031 0.000167
0.296265 0.000167
0.2965 0.00016725
0.296735 0.00016725
0.29697 0.00016725
0.297204 0.00016725
0.297439 0.00016725
0.297674 0.00016725
0.297909 0.00016725
0.298144 0.00016725
0.298378 0.0001675
0.298613 0.0001675
0.298848 0.000168
0.299083 0.000168
0.299317 0.000168
0.299552 0.000168
0.299787 0.000168
0.300022 0.000168
0.300256 0.000168
0.300491 0.000168
0.300726 0.000168
0.300961 0.000168
0.301195 0.000168
0.30143 0.000168
0.301665 0.00016875
0.3019 0.0001695
0.302134 0.0001695
0.302369 0.00016975
0.302604 0.00016975
0.302839 0.000171
0.303073 0.00017125
0.303308 0.00017125
0.303543 0.0001715
0.303778 0.00017175
0.304012 0.00017175
0.304247 0.00017175
0.304482 0.000172
0.304717 0.00017225
0.304952 0.00017275
0.305186 0.00017275
0.305421 0.00017275
0.305656 0.00017275
0.305891 0.00017325
0.306125 0.0001735
0.30636 0.00017375
0.306595 0.000174
0.30683 0.000174
0.307064 0.000174
0.307299 0.000174
0.307534 0.0001745
0.307769 0.00017475
0.308003 0.00017475
0.308238 0.00017475
0.308473 0.000175
0.308708 0.000175
0.308942 0.00017525
0.309177 0.00018025
0.309412 0.00018175
0.309647 0.000182
0.309881 0.000182
0.310116 0.00018225
0.310351 0.00018225
0.310586 0.0001825
0.31082 0.00018275
0.311055 0.00018375
0.31129 0.0001845
0.311525 0.00018475
0.31176 0.00018475
0.311994 0.000185
0.312229 0.00018525
0.312464 0.00018575
0.312699 0.000186
0.312933 0.000186
0.313168 0.000186
0.313403 0.000186
0.313638 0.000186
0.313872 0.0001865
0.314107 0.0001865
0.314342 0.000187
0.314577 0.000187
0.314811 0.00018725
0.315046 0.00018725
0.315281 0.0001875
0.315516 0.00019025
0.31575 0.00019025
0.315985 0.00019025
0.31622 0.00019025
0.316455 0.00019025
0.316689 0.00019025
0.316924 0.00019025
0.317159 0.00019025
0.317394 0.0001905
0.317628 0.0001905
0.317863 0.00019075
0.318098 0.00019175
0.318333 0.000192
0.318568 0.0001935
0.318802 0.0001935
0.319037 0.0001935
0.319272 0.00019375
0.319507 0.000194
0.319741 0.00019425
0.319976 0.0001945
0.320211 0.0001945
0.320446 0.00019475
0.32068 0.00019475
0.320915 0.000195
0.32115 0.0001955
0.321385 0.00019575
0.321619 0.00019625
0.321854 0.00019675
0.322089 0.0001985
0.322324 0.0001985
0.322558 0.00019875
0.322793 0.00020125
0.323028 0.00020125
0.323263 0.0002015
0.323497 0.00020175
0.323732 0.00020175
0.323967 0.00020175
0.324202 0.00020175
0.324437 0.00020175
0.324671 0.00020225
0.324906 0.000203
0.325141 0.00020425
0.325376 0.0002045
0.32561 0.000205
0.325845 0.000205
0.32608 0.00020525
0.326315 0.00020525
0.326549 0.00020525
0.326784 0.00020525
0.327019 0.00020525
0.327254 0.0002055
0.327488 0.00020575
0.327723 0.00020575
0.327958 0.00020575
0.328193 0.00020575
0.328427 0.00020575
0.328662 0.000206
0.328897 0.000206
0.329132 0.000208
0.329366 0.00020825
0.329601 0.00020825
0.329836 0.00020825
0.330071 0.00020825
0.330305 0.00020825
0.33054 0.0002085
0.330775 0.00020875
0.33101 0.0002095
0.331245 0.0002095
0.331479 0.0002095
0.331714 0.00020975
0.331949 0.0002135
0.332184 0.0002135
0.332418 0.0002135
0.332653 0.0002135
0.332888 0.00021375
0.333123 0.00021375
0.333357 0.000215
0.333592 0.000215
0.333827 0.000217
0.334062 0.000217
0.334296 0.000217
0.334531 0.000218
0.334766 0.000218
0.335001 0.000218
0.335235 0.000218
0.33547 0.0002185
0.335705 0.0002185
0.33594 0.00021875
0.336174 0.0002505
0.336409 0.0002505
0.336644 0.0002505
0.336879 0.000251
0.337113 0.0002515
0.337348 0.00025175
0.337583 0.00025175
0.337818 0.000252
0.338053 0.00025375
0.338287 0.00025375
0.338522 0.00025375
0.338757 0.00025375
0.338992 0.0002545
0.339226 0.000255
0.339461 0.00025525
0.339696 0.00025525
0.339931 0.0002555
0.340165 0.00025575
0.3404 0.00025575
0.340635 0.00025625
0.34087 0.0002565
0.341104 0.00025675
0.341339 0.00025675
0.341574 0.00025675
0.341809 0.000257
0.342043 0.000257
0.342278 0.00025725
0.342513 0.00025725
0.342748 0.0002575
0.342982 0.0002575
0.343217 0.00025825
0.343452 0.00025825
0.343687 0.00025875
0.343921 0.00025875
0.344156 0.00025875
0.344391 0.00025875
0.344626 0.00025925
0.344861 0.0002595
0.345095 0.00026
0.34533 0.00026025
0.345565 0.0002605
0.3458 0.000261
0.346034 0.0002625
0.346269 0.00026325
0.346504 0.00026375
0.346739 0.00026375
0.346973 0.00026375
0.347208 0.00026375
0.347443 0.00026375
0.347678 0.0002645
0.347912 0.0002655
0.348147 0.0002655
0.348382 0.00026575
0.348617 0.00026575
0.348851 0.00026575
0.349086 0.00026575
0.349321 0.000266
0.349556 0.000266
0.34979 0.00026625
0.350025 0.0002665
0.35026 0.000267
0.350495 0.000267
0.350729 0.000267
0.350964 0.000267
0.351199 0.0002675
0.351434 0.0002675
0.351669 0.00026775
0.351903 0.000268
0.352138 0.000268
0.352373 0.00026825
0.352608 0.00026825
0.352842 0.00026825
0.353077 0.00027075
0.353312 0.00027075
0.353547 0.00027075
0.353781 0.00027125
0.354016 0.0002715
0.354251 0.000272
0.354486 0.0002725
0.35472 0.0002725
0.354955 0.0002725
0.35519 0.000273
0.355425 0.000273
0.355659 0.000273
0.355894 0.000273
0.356129 0.00027325
0.356364 0.00027325
0.356598 0.00027375
0.356833 0.0002805
0.357068 0.0002805
0.357303 0.00028075
0.357537 0.000281
0.357772 0.000281
0.358007 0.000281
0.358242 0.00028175
0.358477 0.00028175
0.358711 0.000282
0.358946 0.00028275
0.359181 0.00028275
0.359416 0.00028325
0.35965 0.00028325
0.359885 0.000284
0.36012 0.000284
0.360355 0.000284
0.360589 0.0002855
0.360824 0.000286
0.361059 0.0002865
0.361294 0.0002865
0.361528 0.00028675
0.361763 0.00028725
0.361998 0.00028725
0.362233 0.00028775
0.362467 0.000288
0.362702 0.00028825
0.362937 0.0002885
0.363172 0.0002885
0.363406 0.0002885
0.363641 0.0002885
0.363876 0.00028925
0.364111 0.0002895
0.364345 0.0002895
0.36458 0.00028975
0.364815 0.00029
0.36505 0.0002905
0.365285 0.00029075
0.365519 0.00029075
0.365754 0.000291
0.365989 0.000291
0.366224 0.000291
0.366458 0.000291
0.366693 0.000291
0.366928 0.000291
0.367163 0.00029175
0.367397 0.00029175
0.367632 0.000292
0.367867 0.0002955
0.368102 0.00029575
0.368336 0.00029775
0.368571 0.0002985
0.368806 0.0002985
0.369041 0.000299
0.369275 0.000299
0.36951 0.000299
0.369745 0.0002995
0.36998 0.0003
0.370214 0.00030025
0.370449 0.0003045
0.370684 0.00030525
0.370919 0.000312
0.371153 0.0003125
0.371388 0.0003125
0.371623 0.0003125
0.371858 0.0003125
0.372093 0.00031275
0.372327 0.00031275
0.372562 0.000313
0.372797 0.000313
0.373032 0.000313
0.373266 0.000313
0.373501 0.000313
0.373736 0.000313
0.373971 0.00031325
0.374205 0.00031325
0.37444 0.0003135
0.374675 0.0003135
0.37491 0.0003135
0.375144 0.0003205
0.375379 0.0003205
0.375614 0.0003205
0.375849 0.000329
0.376083 0.000329
0.376318 0.00032975
0.376553 0.000331
0.376788 0.000331
0.377022 0.00033125
0.377257 0.00033125
0.377492 0.0003315
0.377727 0.000335
0.377961 0.00034375
0.378196 0.00034425
0.378431 0.000345
0.378666 0.00034525
0.378901 0.00034575
0.379135 0.00034575
0.37937 0.00034775
0.379605 0.00034825
0.37984 0.0003485
0.380074 0.0003485
0.380309 0.0003485
0.380544 0.0003485
0.380779 0.00034875
0.381013 0.00034925
0.381248 0.00034925
0.381483 0.00035
0.381718 0.00035025
0.381952 0.0003505
0.382187 0.00035125
0.382422 0.00035175
0.382657 0.000352
0.382891 0.00035325
0.383126 0.00035325
0.383361 0.00035325
0.383596 0.00035325
0.38383 0.00035325
0.384065 0.00035325
0.3843 0.00035375
0.384535 0.00035375
0.384769 0.00035375
0.385004 0.00035375
0.385239 0.00035375
0.385474 0.000354
0.385709 0.00035425
0.385943 0.00035425
0.386178 0.0003545
0.386413 0.00035525
0.386648 0.0003555
0.386882 0.0003555
0.387117 0.0003555
0.387352 0.0003555
0.387587 0.00038175
0.387821 0.000382
0.388056 0.0003825
0.388291 0.000383
0.388526 0.000383
0.38876 0.000383
0.388995 0.00038325
0.38923 0.0003835
0.389465 0.0003835
0.389699 0.00038375
0.389934 0.00038375
0.390169 0.0003845
0.390404 0.0003845
0.390638 0.00038475
0.390873 0.000385
0.391108 0.00038575
0.391343 0.00038575
0.391577 0.00038675
0.391812 0.00038675
0.392047 0.00038675
0.392282 0.00038725
0.392517 0.0003875
0.392751 0.0003875
0.392986 0.00038775
0.393221 0.00038775
0.393456 0.00038775
0.39369 0.00041575
0.393925 0.000416
0.39416 0.000416
0.394395 0.000417
0.394629 0.000417
0.394864 0.00041725
0.395099 0.0004175
0.395334 0.0004175
0.395568 0.000418
0.395803 0.000418
0.396038 0.000418
0.396273 0.0004185
0.396507 0.0004185
0.396742 0.00041925
0.396977 0.0004195
0.397212 0.0004195
0.397446 0.00042025
0.397681 0.000421
0.397916 0.00042325
0.398151 0.00042325
0.398385 0.00042325
0.39862 0.00042375
0.398855 0.0004245
0.39909 0.00042475
0.399325 0.000425
0.399559 0.000425
0.399794 0.0004255
0.400029 0.00042625
0.400264 0.0004265
0.400498 0.0004265
0.400733 0.0004265
0.400968 0.00042675
0.401203 0.000427
0.401437 0.00042725
0.401672 0.00043075
0.401907 0.00043125
0.402142 0.00043125
0.402376 0.00043125
0.402611 0.00043125
0.402846 0.00044125
0.403081 0.00044175
0.403315 0.000442
0.40355 0.000442
0.403785 0.000442
0.40402 0.000442
0.404254 0.000442
0.404489 0.00044225
0.404724 0.00044225
0.404959 0.00045625
0.405193 0.00045625
0.405428 0.0004565
0.405663 0.00045675
0.405898 0.000457
0.406133 0.00045825
0.406367 0.00045925
0.406602 0.00045975
0.406837 0.00045975
0.407072 0.00046025
0.407306 0.0004605
0.407541 0.000461
0.407776 0.00046125
0.408011 0.00046125
0.408245 0.00046175
0.40848 0.00046175
0.408715 0.000462
0.40895 0.00046275
0.409184 0.00046325
0.409419 0.0004635
0.409654 0.00046375
0.409889 0.00046425
0.410123 0.0004645
0.410358 0.00046475
0.410593 0.00046525
0.410828 0.00046525
0.411062 0.00046525
0.411297 0.000466
0.411532 0.000466
0.411767 0.000466
0.412001 0.00046675
0.412236 0.00046675
0.412471 0.000467
0.412706 0.0004675
0.412941 0.0004675
0.413175 0.000468
0.41341 0.000468
0.413645 0.00046825
0.41388 0.00046825
0.414114 0.00046925
0.414349 0.0004695
0.414584 0.00046975
0.414819 0.000472
0.415053 0.000473
0.415288 0.00047725
0.415523 0.00047725
0.415758 0.0004775
0.415992 0.00047775
0.416227 0.000478
0.416462 0.000479
0.416697 0.00047925
0.416931 0.00047925
0.417166 0.00048
0.417401 0.00048275
0.417636 0.00048275
0.41787 0.000483
0.418105 0.00048325
0.41834 0.00048325
0.418575 0.0004835
0.418809 0.0004835
0.419044 0.00048375
0.419279 0.00048725
0.419514 0.0004875
0.419749 0.0004875
0.419983 0.0004875
0.420218 0.00048825
0.420453 0.0004885
0.420688 0.000489
0.420922 0.0004895
0.421157 0.00049625
0.421392 0.00049625
0.421627 0.00050375
0.421861 0.00050475
0.422096 0.00050525
0.422331 0.00050525
0.422566 0.000506
0.4228 0.00050625
0.423035 0.00050625
0.42327 0.000508
0.423505 0.00050875
0.423739 0.00040175
0.423974 0.00040175
0.424209 0.00040175
0.424444 0.00040175
0.424678 0.00040225
0.424913 0.00040225
0.425148 0.00040225
0.425383 0.0004025
0.425617 0.0004025
0.425852 0.0004025
0.426087 0.00040275
0.426322 0.000403
0.426557 0.000403
0.426791 0.00040325
0.427026 0.00040325
0.427261 0.0004035
0.427496 0.00040475
0.42773 0.00040475
0.427965 0.00040475
0.4282 0.00040525
0.428435 0.0004055
0.428669 0.0004055
0.428904 0.00040625
0.429139 0.00040925
0.429374 0.00040925
0.429608 0.0004095
0.429843 0.00040975
0.430078 0.00040975
0.430313 0.00040975
0.430547 0.00041025
0.430782 0.00041025
0.431017 0.00041025
0.431252 0.00041025
0.431486 0.00041025
0.431721 0.00041075
0.431956 0.00041125
0.432191 0.00041125
0.432425 0.00041125
0.43266 0.00041175
0.432895 0.000412
0.43313 0.00041225
0.433365 0.0004125
0.433599 0.0004125
0.433834 0.00041275
0.434069 0.0004135
0.434304 0.00041475
0.434538 0.000415
0.434773 0.000415
0.435008 0.0004435
0.435243 0.000444
0.435477 0.00044525
0.435712 0.0004455
0.435947 0.000446
0.436182 0.000446
0.436416 0.000446
0.436651 0.000446
0.436886 0.00044625
0.437121 0.0004465
0.437355 0.0004465
0.43759 0.00044675
0.437825 0.0004475
0.43806 0.0004475
0.438294 0.0004475
0.438529 0.0004475
0.438764 0.0004475
0.438999 0.00044775
0.439233 0.00044775
0.439468 0.00044825
0.439703 0.00044825
0.439938 0.00044825
0.440173 0.00044825
0.440407 0.000449
0.440642 0.0004495
0.440877 0.0004495
0.441112 0.00045
0.441346 0.00045025
0.441581 0.00045025
0.441816 0.0004505
0.442051 0.00045075
0.442285 0.00045075
0.44252 0.00045075
0.442755 0.000451
0.44299 0.00045125
0.443224 0.00045125
0.443459 0.0004515
0.443694 0.0004535
0.443929 0.0004535
0.444163 0.0004535
0.444398 0.00045425
0.444633 0.0004545
0.444868 0.000455
0.445102 0.000455
0.445337 0.00045575
0.445572 0.00045575
0.445807 0.0004565
0.446041 0.0004565
0.446276 0.00045775
0.446511 0.0004585
0.446746 0.0004585
0.446981 0.0004585
0.447215 0.0004625
0.44745 0.0004625
0.447685 0.0004625
0.44792 0.00046275
0.448154 0.000463
0.448389 0.00046375
0.448624 0.00046375
0.448859 0.00046375
0.449093 0.00046375
0.449328 0.00046375
0.449563 0.00046375
0.449798 0.0004655
0.450032 0.00046575
0.450267 0.00046575
0.450502 0.00046575
0.450737 0.00046575
0.450971 0.00046575
0.451206 0.000466
0.451441 0.000467
0.451676 0.000468
0.45191 0.0004685
0.452145 0.000469
0.45238 0.00046925
0.452615 0.00047
0.45285 0.00047
0.453084 0.0004705
0.453319 0.000471
0.453554 0.00047125
0.453789 0.0004715
0.454023 0.00047175
0.454258 0.00047175
0.454493 0.000473
0.454728 0.00047325
0.454962 0.0004735
0.455197 0.00047425
0.455432 0.00047425
0.455667 0.0004745
0.455901 0.000475
0.456136 0.00047525
0.456371 0.000476
0.456606 0.00047625
0.45684 0.00047675
0.457075 0.00047675
0.45731 0.000477
0.457545 0.00047725
0.457779 0.0004775
0.458014 0.00047775
0.458249 0.00047775
0.458484 0.000478
0.458718 0.000478
0.458953 0.0004785
0.459188 0.0004785
0.459423 0.0004785
0.459658 0.0004785
0.459892 0.00047925
0.460127 0.00048025
0.460362 0.00048275
0.460597 0.00048275
0.460831 0.000483
0.461066 0.0004835
0.461301 0.0004865
0.461536 0.00048725
0.46177 0.00048775
0.462005 0.00048775
0.46224 0.000488
0.462475 0.00048825
0.462709 0.00048875
0.462944 0.00048875
0.463179 0.00049025
0.463414 0.00049075
0.463648 0.000492
0.463883 0.00049225
0.464118 0.0004925
0.464353 0.00049325
0.464587 0.0004935
0.464822 0.0004935
0.465057 0.00049475
0.465292 0.00049525
0.465526 0.00049725
0.465761 0.0004975
0.465996 0.00049825
0.466231 0.00050375
0.466466 0.000504
0.4667 0.00050425
0.466935 0.00050525
0.46717 0.00050575
0.467405 0.00050625
0.467639 0.00050675
0.467874 0.000507
0.468109 0.00050775
0.468344 0.000512
0.468578 0.000513
0.468813 0.000513
0.469048 0.00051325
0.469283 0.00051375
0.469517 0.00051375
0.469752 0.000518
0.469987 0.00051825
0.470222 0.0005185
0.470456 0.0005185
0.470691 0.0005185
0.470926 0.0005185
0.471161 0.00051925
0.471395 0.00051925
0.47163 0.00052
0.471865 0.00052025
0.4721 0.0005205
0.472334 0.00052075
0.472569 0.00052375
0.472804 0.00052425
0.473039 0.00052425
0.473274 0.0005245
0.473508 0.00052475
0.473743 0.000525
0.473978 0.00052525
0.474213 0.00052625
0.474447 0.00054025
0.474682 0.0005405
0.474917 0.0005405
0.475152 0.0005405
0.475386 0.00054075
0.475621 0.00054125
0.475856 0.000542
0.476091 0.00054225
0.476325 0.000543
0.47656 0.0005435
0.476795 0.000544
0.47703 0.0005495
0.477264 0.0005495
0.477499 0.00055025
0.477734 0.00055075
0.477969 0.00055075
0.478203 0.00057525
0.478438 0.00057525
0.478673 0.00057625
0.478908 0.00057625
0.479142 0.0005775
0.479377 0.00057775
0.479612 0.00057825
0.479847 0.00057825
0.480082 0.00057825
0.480316 0.00057825
0.480551 0.000579
0.480786 0.000579
0.481021 0.000579
0.481255 0.000579
0.48149 0.000579
0.481725 0.000579
0.48196 0.0005795
0.482194 0.00058025
0.482429 0.0005805
0.482664 0.00058075
0.482899 0.00058075
0.483133 0.0005815
0.483368 0.0005815
0.483603 0.00058175
0.483838 0.00058175
0.484072 0.0005825
0.484307 0.00058275
0.484542 0.0005835
0.484777 0.0005835
0.485011 0.0005835
0.485246 0.0005835
0.485481 0.000584
0.485716 0.00058475
0.48595 0.00058575
0.486185 0.00058575
0.48642 0.000586
0.486655 0.000586
0.48689 0.00058675
0.487124 0.000587
0.487359 0.000587
0.487594 0.000587
0.487829 0.000587
0.488063 0.00058725
0.488298 0.00058775
0.488533 0.000597
0.488768 0.0005975
0.489002 0.0006
0.489237 0.0006005
0.489472 0.0006005
0.489707 0.00061
0.489941 0.00061025
0.490176 0.0006115
0.490411 0.0006125
0.490646 0.0006125
0.49088 0.0006125
0.491115 0.00061325
0.49135 0.0006135
0.491585 0.000614
0.491819 0.00061425
0.492054 0.0006145
0.492289 0.000617
0.492524 0.00061725
0.492758 0.0006175
0.492993 0.00061775
0.493228 0.000618
0.493463 0.000618
0.493698 0.00061875
0.493932 0.00061925
0.494167 0.000622
0.494402 0.00062225
0.494637 0.000624
0.494871 0.00062475
0.495106 0.00062525
0.495341 0.0006255
0.495576 0.00062575
0.49581 0.00062575
0.496045 0.0006265
0.49628 0.00062675
0.496515 0.00062675
0.496749 0.00062875
0.496984 0.00062925
0.497219 0.00063225
0.497454 0.00063225
0.497688 0.0006325
0.497923 0.000633
0.498158 0.00066525
0.498393 0.0006655
0.498627 0.0006655
0.498862 0.0006665
0.499097 0.0006665
0.499332 0.00066725
0.499566 0.00066825
0.499801 0.0006685
0.500036 0.0006695
0.500271 0.0006695
0.500506 0.00066975
0.50074 0.00066975
0.500975 0.0006705
0.50121 0.00067125
0.501445 0.00067125
0.501679 0.00067275
0.501914 0.000673
0.502149 0.00067325
0.502384 0.00067375
0.502618 0.000674
0.502853 0.0006745
0.503088 0.0006745
0.503323 0.00067475
0.503557 0.0006765
0.503792 0.00067675
0.504027 0.000677
0.504262 0.000677
0.504496 0.00067925
0.504731 0.00067925
0.504966 0.00067975
0.505201 0.00068025
0.505435 0.00068275
0.50567 0.00068325
0.505905 0.000684
0.50614 0.00068425
0.506374 0.0006845
0.506609 0.0006845
0.506844 0.000687
0.507079 0.0006875
0.507314 0.000688
0.507548 0.00069325
0.507783 0.00069325
0.508018 0.00069325
0.508253 0.0006935
0.508487 0.00069425
0.508722 0.00069425
0.508957 0.00069425
0.509192 0.0006955
0.509426 0.00069575
0.509661 0.000746
0.509896 0.000746
0.510131 0.00075425
0.510365 0.0007555
0.5106 0.000756
0.510835 0.00075975
0.51107 0.0007605
0.511304 0.0007605
0.511539 0.000761
0.511774 0.00076125
0.512009 0.0007615
0.512243 0.0007615
0.512478 0.0007625
0.512713 0.0007625
0.512948 0.00076275
0.513182 0.0007635
0.513417 0.0007635
0.513652 0.0007635
0.513887 0.00076375
0.514122 0.00076375
0.514356 0.000764
0.514591 0.00076475
0.514826 0.00076675
0.515061 0.0007675
0.515295 0.000768
0.51553 0.0007685
0.515765 0.00076875
0.516 0.00076975
0.516234 0.00076975
0.516469 0.00078575
0.516704 0.000787
0.516939 0.000787
0.517173 0.00078725
0.517408 0.000788
0.517643 0.000788
0.517878 0.000789
0.518112 0.000789
0.518347 0.0007915
0.518582 0.00079325
0.518817 0.00079325
0.519051 0.0007935
0.519286 0.0007935
0.519521 0.00079525
0.519756 0.00079575
0.51999 0.000796
0.520225 0.0007965
0.52046 0.0007995
0.520695 0.00080025
0.52093 0.00080025
0.521164 0.00080025
0.521399 0.000801
0.521634 0.00080125
0.521869 0.00080175
0.522103 0.00080175
0.522338 0.00080175
0.522573 0.00080175
0.522808 0.000802
0.523042 0.000802
0.523277 0.00080575
0.523512 0.00080675
0.523747 0.000807
0.523981 0.0008075
0.524216 0.0008185
0.524451 0.000819
0.524686 0.00082
0.52492 0.00082
0.525155 0.00082025
0.52539 0.00082025
0.525625 0.0008205
0.525859 0.0008215
0.526094 0.000822
0.526329 0.000823
0.526564 0.0008235
0.526798 0.000825
0.527033 0.0008275
0.527268 0.000828
0.527503 0.000828
0.527738 0.00082875
0.527972 0.00082875
0.528207 0.000829
0.528442 0.00082925
0.528677 0.0008295
0.528911 0.0008305
0.529146 0.00083075
0.529381 0.00083075
0.529616 0.000832
0.52985 0.000832
0.530085 0.000832
0.53032 0.000832
0.530555 0.000832
0.530789 0.000832
0.531024 0.000832
0.531259 0.00083225
0.531494 0.0008325
0.531728 0.000833
0.531963 0.00083325
0.532198 0.0008335
0.532433 0.0008335
0.532667 0.00083475
0.532902 0.00083475
0.533137 0.0009075
0.533372 0.00091
0.533606 0.0009115
0.533841 0.00091175
0.534076 0.0009125
0.534311 0.000913
0.534546 0.000913
0.53478 0.0009135
0.535015 0.0009145
0.53525 0.000915
0.535485 0.00091575
0.535719 0.0009165
0.535954 0.000917
0.536189 0.00091825
0.536424 0.000921
0.536658 0.0009215
0.536893 0.0009215
0.537128 0.0009215
0.537363 0.000956
0.537597 0.000956
0.537832 0.00096325
0.538067 0.000964
0.538302 0.000964
0.538536 0.000964
0.538771 0.00096425
0.539006 0.000965
0.539241 0.000966
0.539475 0.00096675
0.53971 0.00096725
0.539945 0.00096775
0.54018 0.0009685
0.540414 0.0009715
0.540649 0.000972
0.540884 0.000973
0.541119 0.0009735
0.541354 0.00097375
0.541588 0.00097375
0.541823 0.000974
0.542058 0.0009755
0.542293 0.000976
0.542527 0.00097675
0.542762 0.000979
0.542997 0.00098025
0.543232 0.0009805
0.543466 0.0009825
0.543701 0.0009855
0.543936 0.0009855
0.544171 0.0009855
0.544405 0.000987
0.54464 0.00098725
0.544875 0.0009885
0.54511 0.00098875
0.545344 0.00101775
0.545579 0.00101825
0.545814 0.00102175
0.546049 0.001022
0.546283 0.0010225
0.546518 0.0010225
0.546753 0.0010225
0.546988 0.001023
0.547222 0.00102325
0.547457 0.0010235
0.547692 0.00102575
0.547927 0.001026
0.548162 0.00102625
0.548396 0.00102675
0.548631 0.00102725
0.548866 0.00102725
0.549101 0.001028
0.549335 0.00102825
0.54957 0.0010285
0.549805 0.00102875
0.55004 0.00102925
0.550274 0.0010295
0.550509 0.001031
0.550744 0.00103275
0.550979 0.00103325
0.551213 0.00103375
0.551448 0.00103425
0.551683 0.00105875
0.551918 0.0010595
0.552152 0.00106075
0.552387 0.00106825
0.552622 0.00106825
0.552857 0.00106825
0.553091 0.00106975
0.553326 0.00115175
0.553561 0.00115225
0.553796 0.00115275
0.55403 0.00115325
0.554265 0.0011535
0.5545 0.00115375
0.554735 0.00115425
0.55497 0.001202
0.555204 0.0012025
0.555439 0.00120525
0.555674 0.0012065
0.555909 0.001207
0.556143 0.0012075
0.556378 0.00121625
0.556613 0.0012165
0.556848 0.001304
0.557082 0.00130525
0.557317 0.00130575
0.557552 0.00130575
0.557787 0.0013065
0.558021 0.00130725
0.558256 0.00130725
0.558491 0.00131
0.558726 0.00131225
0.55896 0.00131275
0.559195 0.001314
0.55943 0.00131525
0.559665 0.0013155
0.559899 0.00131575
0.560134 0.0013165
0.560369 0.0013325
0.560604 0.00133275
0.560838 0.00134475
0.561073 0.001347
0.561308 0.0013475
0.561543 0.001348
0.561778 0.001349
0.562012 0.00134975
0.562247 0.00135075
0.562482 0.001351
0.562717 0.001394
0.562951 0.00139425
0.563186 0.001395
0.563421 0.0013955
0.563656 0.00140375
0.56389 0.001405
0.564125 0.0014065
0.56436 0.00140675
0.564595 0.0014075
0.564829 0.00140775
0.565064 0.0014085
0.565299 0.00140925
0.565534 0.0014095
0.565768 0.00141
0.566003 0.00141025
0.566238 0.0014105
0.566473 0.00141075
0.566707 0.001412
0.566942 0.0014125
0.567177 0.00141275
0.567412 0.00141375
0.567646 0.00141375
0.567881 0.00141475
0.568116 0.00143175
0.568351 0.00143325
0.568586 0.001434
0.56882 0.00143475
0.569055 0.00143475
0.56929 0.0014355
0.569525 0.00143625
0.569759 0.001449
0.569994 0.00145075
0.570229 0.001452
0.570464 0.0014535
0.570698 0.00145425
0.570933 0.0014545
0.571168 0.00145475
0.571403 0.00145575
0.571637 0.00145625
0.571872 0.00145975
0.572107 0.001461
0.572342 0.001461
0.572576 0.0014615
0.572811 0.00146175
0.573046 0.00146175
0.573281 0.001462
0.573515 0.00146225
0.57375 0.00146225
0.573985 0.0014625
0.57422 0.00146325
0.574454 0.00146375
0.574689 0.0014675
0.574924 0.0014685
0.575159 0.001469
0.575394 0.00146975
0.575628 0.00147
0.575863 0.00147075
0.576098 0.00147125
0.576333 0.0014725
0.576567 0.00147325
0.576802 0.00147375
0.577037 0.001474
0.577272 0.00147625
0.577506 0.001477
0.577741 0.0014775
0.577976 0.001482
0.578211 0.00148325
0.578445 0.0014895
0.57868 0.00149225
0.578915 0.001202
0.57915 0.0012025
0.579384 0.00120375
0.579619 0.00120425
0.579854 0.00120475
0.580089 0.001205
0.580323 0.00120525
0.580558 0.0012055
0.580793 0.00120575
0.581028 0.00120675
0.581263 0.001208
0.581497 0.00120825
0.581732 0.0012085
0.581967 0.0012085
0.582202 0.00120875
0.582436 0.00120975
0.582671 0.00121
0.582906 0.00121
0.583141 0.00121025
0.583375 0.00121525
0.58361 0.00121575
0.583845 0.0012325
0.58408 0.001237
0.584314 0.00123725
0.584549 0.00123725
0.584784 0.0012375
0.585019 0.00123825
0.585253 0.00123825
0.585488 0.00123925
0.585723 0.0012415
0.585958 0.001242
0.586192 0.00124625
0.586427 0.0012465
0.586662 0.0012465
0.586897 0.00124775
0.587131 0.001248
0.587366 0.0012485
0.587601 0.0012505
0.587836 0.00125125
0.588071 0.00125175
0.588305 0.0012565
0.58854 0.00125775
0.588775 0.0012585
0.58901 0.001259
0.589244 0.0012605
0.589479 0.0012635
0.589714 0.00126425
0.589949 0.0012655
0.590183 0.001268
0.590418 0.001269
0.590653 0.0012695
0.590888 0.00127175
0.591122 0.001272
0.591357 0.0012725
0.591592 0.001274
0.591827 0.00127475
0.592061 0.00127475
0.592296 0.00127575
0.592531 0.001276
0.592766 0.001276
0.593 0.00127625
0.593235 0.0012775
0.59347 0.001278
0.593705 0.0012785
0.593939 0.00127875
0.594174 0.00127925
0.594409 0.001282
0.594644 0.00128275
0.594879 0.00130475
0.595113 0.00130575
0.595348 0.0013065
0.595583 0.0013075
0.595818 0.00131675
0.596052 0.0013175
0.596287 0.0013175
0.596522 0.00131775
0.596757 0.00131775
0.596991 0.00132175
0.597226 0.00132175
0.597461 0.001322
0.597696 0.001323
0.59793 0.00132375
0.598165 0.00132675
0.5984 0.00132725
0.598635 0.00132825
0.598869 0.0013295
0.599104 0.001334
0.599339 0.00133475
0.599574 0.00133475
0.599808 0.001335
0.600043 0.00133525
0.600278 0.0013365
0.600513 0.001337
0.600747 0.00133775
0.600982 0.0013385
0.601217 0.00133875
0.601452 0.00133875
0.601687 0.001341
0.601921 0.0013425
0.602156 0.00134525
0.602391 0.0013455
0.602626 0.001347
0.60286 0.00134775
0.603095 0.00134775
0.60333 0.00134825
0.603565 0.0013485
0.603799 0.00135175
0.604034 0.00135275
0.604269 0.001414
0.604504 0.001414
0.604738 0.00141575
0.604973 0.0014165
0.605208 0.001417
0.605443 0.001417
0.605677 0.00141725
0.605912 0.0014175
0.606147 0.0014175
0.606382 0.00141775
0.606616 0.00141825
0.606851 0.0014195
0.607086 0.00142025
0.607321 0.001421
0.607555 0.00142275
0.60779 0.00142375
0.608025 0.00142375
0.60826 0.001424
0.608495 0.00142475
0.608729 0.001425
0.608964 0.001426
0.609199 0.0014295
0.609434 0.00142975
0.609668 0.0014355
0.609903 0.00143625
0.610138 0.0014365
0.610373 0.001437
0.610607 0.0014385
0.610842 0.0014395
0.611077 0.0014415
0.611312 0.001443
0.611546 0.0014435
0.611781 0.00144375
0.612016 0.00144375
0.612251 0.00144425
0.612485 0.0014445
0.61272 0.00144775
0.612955 0.00144975
0.61319 0.00145075
0.613424 0.001453
0.613659 0.0014535
0.613894 0.001454
0.614129 0.00145425
0.614363 0.00145675
0.614598 0.001457
0.614833 0.0014575
0.615068 0.0014575
0.615303 0.00145875
0.615537 0.00146025
0.615772 0.001461
0.616007 0.001461
0.616242 0.00146175
0.616476 0.001462
0.616711 0.00146275
0.616946 0.0014665
0.617181 0.00146725
0.617415 0.001468
0.61765 0.00146825
0.617885 0.001469
0.61812 0.00147
0.618354 0.0014715
0.618589 0.0014715
0.618824 0.00151475
0.619059 0.00151725
0.619293 0.001518
0.619528 0.0015195
0.619763 0.00152025
0.619998 0.00152075
0.620232 0.001524
0.620467 0.00152625
0.620702 0.001535
0.620937 0.001536
0.621171 0.0015365
0.621406 0.00154225
0.621641 0.00154225
0.621876 0.00154275
0.622111 0.001543
0.622345 0.001544
0.62258 0.00155075
0.622815 0.0015525
0.62305 0.00155325
0.623284 0.00156975
0.623519 0.00157225
0.623754 0.0015745
0.623989 0.001576
0.624223 0.00157725
0.624458 0.001578
0.624693 0.00158
0.624928 0.00158025
0.625162 0.0015805
0.625397 0.00158275
0.625632 0.0015955
0.625867 0.001596
0.626101 0.0015965
0.626336 0.0016015
0.626571 0.00160175
0.626806 0.001605
0.62704 0.00160625
0.627275 0.00160725
0.62751 0.0016075
0.627745 0.00158325
0.627979 0.0015845
0.628214 0.00166975
0.628449 0.00166975
0.628684 0.00167075
0.628919 0.00167075
0.629153 0.0017095
0.629388 0.00171
0.629623 0.001711
0.629858 0.00171125
0.630092 0.00171175
0.630327 0.00172325
0.630562 0.0017275
0.630797 0.00172825
0.631031 0.00172975
0.631266 0.00173375
0.631501 0.0017345
0.631736 0.001735
0.63197 0.0017355
0.632205 0.001738
0.63244 0.00173925
0.632675 0.00173925
0.632909 0.00173975
0.633144 0.00174
0.633379 0.001741
0.633614 0.0017415
0.633848 0.0017525
0.634083 0.0017545
0.634318 0.001757
0.634553 0.00175775
0.634787 0.0017585
0.635022 0.001761
0.635257 0.0017625
0.635492 0.001773
0.635727 0.001506
0.635961 0.00151175
0.636196 0.001513
0.636431 0.001513
0.636666 0.00151875
0.6369 0.00152025
0.637135 0.001521
0.63737 0.0015225
0.637605 0.00152275
0.637839 0.00152275
0.638074 0.001525
0.638309 0.00142425
0.638544 0.0014245
0.638778 0.0014255
0.639013 0.00147875
0.639248 0.00147975
0.639483 0.0014805
0.639717 0.00148175
0.639952 0.00148175
0.640187 0.0014865
0.640422 0.00148675
0.640656 0.00148725
0.640891 0.00148775
0.641126 0.00148775
0.641361 0.00148825
0.641595 0.001489
0.64183 0.00148925
0.642065 0.00149025
0.6423 0.001491
0.642535 0.0014915
0.642769 0.00149275
0.643004 0.0014935
0.643239 0.0015055
0.643474 0.001506
0.643708 0.00150775
0.643943 0.00150775
0.644178 0.00151
0.644413 0.0015245
0.644647 0.0015255
0.644882 0.001527
0.645117 0.00153125
0.645352 0.001538
0.645586 0.00153875
0.645821 0.0015395
0.646056 0.00154325
0.646291 0.0015435
0.646525 0.00154625
0.64676 0.001547
0.646995 0.00154775
0.64723 0.00154825
0.647464 0.00154875
0.647699 0.00154925
0.647934 0.00154975
0.648169 0.00155
0.648403 0.00155025
0.648638 0.001551
0.648873 0.00155125
0.649108 0.00155125
0.649343 0.00159475
0.649577 0.00159525
0.649812 0.00159625
0.650047 0.00159725
0.650282 0.00159775
0.650516 0.00160325
0.650751 0.00160425
0.650986 0.00160475
0.651221 0.0016085
0.651455 0.00160875
0.65169 0.00164125
0.651925 0.00164225
0.65216 0.001648
0.652394 0.00164825
0.652629 0.0016485
0.652864 0.00164875
0.653099 0.001649
0.653333 0.0016495
0.653568 0.00165025
0.653803 0.00165025
0.654038 0.0016535
0.654272 0.001654
0.654507 0.0017895
0.654742 0.0017895
0.654977 0.00179
0.655211 0.0017905
0.655446 0.00179125
0.655681 0.00179125
0.655916 0.001795
0.656151 0.00179825
0.656385 0.00179925
0.65662 0.00180075
0.656855 0.0018035
0.65709 0.00180375
0.657324 0.00180525
0.657559 0.001806
0.657794 0.00180775
0.658029 0.00181275
0.658263 0.001813
0.658498 0.00181475
0.658733 0.00189375
0.658968 0.00189425
0.659202 0.001895
0.659437 0.00189525
0.659672 0.00189675
0.659907 0.00189675
0.660141 0.0018975
0.660376 0.001913
0.660611 0.001913
0.660846 0.0019135
0.66108 0.001914
0.661315 0.001801
0.66155 0.00181425
0.661785 0.001816
0.662019 0.0018165
0.662254 0.00181675
0.662489 0.00181725
0.662724 0.00181775
0.662959 0.00181825
0.663193 0.0018195
0.663428 0.00182
0.663663 0.00182175
0.663898 0.001824
0.664132 0.0018245
0.664367 0.00182625
0.664602 0.001827
0.664837 0.0018275
0.665071 0.00182775
0.665306 0.001831
0.665541 0.001831
0.665776 0.00183175
0.66601 0.0018325
0.666245 0.0018335
0.66648 0.0018335
0.666715 0.0018335
0.666949 0.00183575
0.667184 0.0018365
0.667419 0.0018375
0.667654 0.00183775
0.667888 0.0018405
0.668123 0.001841
0.668358 0.001842
0.668593 0.00184275
0.668827 0.001878
0.669062 0.00187925
0.669297 0.00188
0.669532 0.00188025
0.669767 0.0018805
0.670001 0.00188175
0.670236 0.00188225
0.670471 0.00188825
0.670706 0.00188975
0.67094 0.00188975
0.671175 0.001891
0.67141 0.00189675
0.671645 0.001897
0.671879 0.00189725
0.672114 0.00189775
0.672349 0.001898
0.672584 0.0018985
0.672818 0.00190375
0.673053 0.0019045
0.673288 0.00190525
0.673523 0.00190575
0.673757 0.0019065
0.673992 0.0019065
0.674227 0.001909
0.674462 0.00190925
0.674696 0.00190925
0.674931 0.0019105
0.675166 0.0019115
0.675401 0.00191175
0.675635 0.00191275
0.67587 0.00191325
0.676105 0.0019175
0.67634 0.0019175
0.676575 0.0019205
0.676809 0.00192375
0.677044 0.0019285
0.677279 0.00193025
0.677514 0.001931
0.677748 0.00193125
0.677983 0.0019325
0.678218 0.001935
0.678453 0.001936
0.678687 0.00193725
0.678922 0.001938
0.679157 0.001178
0.679392 0.0014745
0.679626 0.00147575
0.679861 0.001476
0.680096 0.00147675
0.680331 0.00148025
0.680565 0.0015335
0.6808 0.0015345
0.681035 0.00153825
0.68127 0.00153975
0.681504 0.001541
0.681739 0.00154125
0.681974 0.00154175
0.682209 0.001543
0.682443 0.00154325
0.682678 0.001409
0.682913 0.00140975
0.683148 0.00141075
0.683383 0.00141225
0.683617 0.0014125
0.683852 0.00141525
0.684087 0.001416
0.684322 0.00141625
0.684556 0.0014165
0.684791 0.0013565
0.685026 0.001357
0.685261 0.001357
0.685495 0.00135725
0.68573 0.00135875
0.685965 0.00135875
0.6862 0.001359
0.686434 0.00136025
0.686669 0.001361
0.686904 0.001361
0.687139 0.0013635
0.687373 0.0013665
0.687608 0.0013675
0.687843 0.00136775
0.688078 0.00136975
0.688312 0.00137025
0.688547 0.00137025
0.688782 0.00137075
0.689017 0.00137075
0.689251 0.00137125
0.689486 0.001381
0.689721 0.001381
0.689956 0.00138125
0.690191 0.00138225
0.690425 0.00138225
0.69066 0.00138275
0.690895 0.00138325
0.69113 0.00138825
0.691364 0.001389
0.691599 0.00139075
0.691834 0.00139075
0.692069 0.00139125
0.692303 0.00139125
0.692538 0.00139125
0.692773 0.00139225
0.693008 0.00139275
0.693242 0.00106375
0.693477 0.00106525
0.693712 0.00106525
0.693947 0.00106775
0.694181 0.001071
0.694416 0.001071
0.694651 0.0010715
0.694886 0.0010715
0.69512 0.00107225
0.695355 0.00107275
0.69559 0.00107275
0.695825 0.00107275
0.696059 0.001073
0.696294 0.001007
0.696529 0.00100725
0.696764 0.00100725
0.696999 0.001008
0.697233 0.00100875
0.697468 0.00100925
0.697703 0.00100975
0.697938 0.00101025
0.698172 0.00101025
0.698407 0.0010135
0.698642 0.0010135
0.698877 0.0010135
0.699111 0.00101375
0.699346 0.00101475
0.699581 0.00101625
0.699816 0.0010165
0.70005 0.0010175
0.700285 0.0010175
0.70052 0.00101775
0.700755 0.00102075
0.700989 0.00102125
0.701224 0.0010215
0.701459 0.00102275
0.701694 0.001023
0.701928 0.0010235
0.702163 0.0010245
0.702398 0.00102525
0.702633 0.0010255
0.702867 0.001026
0.703102 0.0010265
0.703337 0.001027
0.703572 0.0010275
0.703807 0.00102775
0.704041 0.00102875
0.704276 0.00102975
0.704511 0.00103025
0.704746 0.0010305
0.70498 0.0010335
0.705215 0.00103375
0.70545 0.001034
0.705685 0.00103425
0.705919 0.00103425
0.706154 0.00103525
0.706389 0.0010355
0.706624 0.00103575
0.706858 0.001036
0.707093 0.00103625
0.707328 0.00103675
0.707563 0.00103725
0.707797 0.00103775
0.708032 0.0010415
0.708267 0.00104175
0.708502 0.00104225
0.708736 0.001043
0.708971 0.001043
0.709206 0.001043
0.709441 0.001045
0.709676 0.0010455
0.70991 0.001046
0.710145 0.0010465
0.71038 0.00104725
0.710615 0.0010475
0.710849 0.00104925
0.711084 0.00104925
0.711319 0.0010505
0.711554 0.0010505
0.711788 0.00105075
0.712023 0.00105125
0.712258 0.0010515
0.712493 0.00105225
0.712727 0.00105225
0.712962 0.0010525
0.713197 0.00105875
0.713432 0.00109375
0.713666 0.00106475
0.713901 0.00106625
0.714136 0.0010665
0.714371 0.00106675
0.714605 0.00106775
0.71484 0.001068
0.715075 0.00106825
0.71531 0.001069
0.715544 0.001069
0.715779 0.00106975
0.716014 0.00106975
0.716249 0.00107
0.716484 0.00107025
0.716718 0.0010705
0.716953 0.00107075
0.717188 0.00107075
0.717423 0.00107075
0.717657 0.0010715
0.717892 0.00107175
0.718127 0.001072
0.718362 0.00107225
0.718596 0.0010725
0.718831 0.0010735
0.719066 0.00107425
0.719301 0.00107575
0.719535 0.00107775
0.71977 0.00107775
0.720005 0.0010795
0.72024 0.0010795
0.720474 0.00107975
0.720709 0.00108025
0.720944 0.0010805
0.721179 0.0010805
0.721413 0.001081
0.721648 0.001081
0.721883 0.00108175
0.722118 0.00108225
0.722352 0.00108225
0.722587 0.00108225
0.722822 0.00108275
0.723057 0.00108825
0.723292 0.00108825
0.723526 0.0010885
0.723761 0.00108875
0.723996 0.001089
0.724231 0.00108925
0.724465 0.00109
0.7247 0.0010905
0.724935 0.00109075
0.72517 0.0010915
0.725404 0.0010915
0.725639 0.001092
0.725874 0.00109325
0.726109 0.00109425
0.726343 0.00109425
0.726578 0.0010945
0.726813 0.00109625
0.727048 0.00109675
0.727282 0.00109675
0.727517 0.00109825
0.727752 0.0010985
0.727987 0.00109875
0.728221 0.00109875
0.728456 0.00067025
0.728691 0.0006705
0.728926 0.0006705
0.72916 0.0006705
0.729395 0.000671
0.72963 0.000671
0.729865 0.00067125
0.7301 0.0006715
0.730334 0.0006715
0.730569 0.000672
0.730804 0.000672
0.731039 0.000672
0.731273 0.000672
0.731508 0.000672
0.731743 0.00067225
0.731978 0.0006725
0.732212 0.0006725
0.732447 0.00067475
0.732682 0.00067475
0.732917 0.00067475
0.733151 0.00067475
0.733386 0.00067475
0.733621 0.000675
0.733856 0.00067525
0.73409 0.00067525
0.734325 0.0006755
0.73456 0.000676
0.734795 0.0006765
0.735029 0.0006765
0.735264 0.00067825
0.735499 0.0006785
0.735734 0.000681
0.735968 0.000681
0.736203 0.000682
0.736438 0.00068325
0.736673 0.00068325
0.736908 0.00068575
0.737142 0.000686
0.737377 0.00068675
0.737612 0.00068725
0.737847 0.00068775
0.738081 0.000688
0.738316 0.000689
0.738551 0.00068925
0.738786 0.00068925
0.73902 0.00068925
0.739255 0.0006895
0.73949 0.00069
0.739725 0.00069
0.739959 0.0006905
0.740194 0.0006905
0.740429 0.0006915
0.740664 0.000692
0.740898 0.000693
0.741133 0.00069325
0.741368 0.0006945
0.741603 0.000695
0.741837 0.000695
0.742072 0.0006955
0.742307 0.00069625
0.742542 0.00069625
0.742776 0.00069625
0.743011 0.00069625
0.743246 0.00069675
0.743481 0.00069675
0.743716 0.00069725
0.74395 0.00076125
0.744185 0.0007615
0.74442 0.00076225
0.744655 0.00076225
0.744889 0.000763
0.745124 0.00077825
0.745359 0.00069225
0.745594 0.0006925
0.745828 0.00069325
0.746063 0.0006935
0.746298 0.0006935
0.746533 0.0006935
0.746767 0.000694
0.747002 0.00059875
0.747237 0.00059875
0.747472 0.00059875
0.747706 0.000599
0.747941 0.00059975
0.748176 0.0006
0.748411 0.0006
0.748645 0.0006
0.74888 0.0006
0.749115 0.00060025
0.74935 0.00060075
0.749584 0.00060075
0.749819 0.00060075
0.750054 0.00060125
0.750289 0.000633
0.750524 0.00063325
0.750758 0.00063375
0.750993 0.000634
0.751228 0.00063425
0.751463 0.0006345
0.751697 0.000632
0.751932 0.0006365
0.752167 0.0006365
0.752402 0.00063675
0.752636 0.00063675
0.752871 0.00063675
0.753106 0.000637
0.753341 0.000637
0.753575 0.00063725
0.75381 0.00063725
0.754045 0.00063775
0.75428 0.000638
0.754514 0.000638
0.754749 0.000638
0.754984 0.000638
0.755219 0.000638
0.755453 0.00063925
0.755688 0.00063925
0.755923 0.00063975
0.756158 0.00064
0.756392 0.00064
0.756627 0.00064025
0.756862 0.00064025
0.757097 0.00064075
0.757332 0.000641
0.757566 0.00064125
0.757801 0.0006425
0.758036 0.00064275
0.758271 0.00064275
0.758505 0.0006435
0.75874 0.0006435
0.758975 0.0006385
0.75921 0.0006385
0.759444 0.0006385
0.759679 0.00063875
0.759914 0.000639
0.760149 0.00063925
0.760383 0.00064025
0.760618 0.0006405
0.760853 0.00064075
0.761088 0.000641
0.761322 0.000641
0.761557 0.000641
0.761792 0.000641
0.762027 0.00064125
0.762261 0.0006415
0.762496 0.0006415
0.762731 0.0006415
0.762966 0.0006415
0.7632 0.0006415
0.763435 0.00064175
0.76367 0.0006425
0.763905 0.0006425
0.76414 0.0006425
0.764374 0.00064275
0.764609 0.000643
0.764844 0.00068275
0.765079 0.0006835
0.765313 0.000685
0.765548 0.000685
0.765783 0.00068525
0.766018 0.0006855
0.766252 0.0006855
0.766487 0.000686
0.766722 0.000686
0.766957 0.00068675
0.767191 0.00068675
0.767426 0.000687
0.767661 0.00068725
0.767896 0.00068725
0.76813 0.000688
0.768365 0.000688
0.7686 0.00068825
0.768835 0.00070025
0.769069 0.0007005
0.769304 0.0007015
0.769539 0.0005015
0.769774 0.0005015
0.770008 0.00050175
0.770243 0.000502
0.770478 0.000502
0.770713 0.000502
0.770948 0.00050275
0.771182 0.000503
0.771417 0.00050425
0.771652 0.00050475
0.771887 0.00050475
0.772121 0.00050475
0.772356 0.00047275
0.772591 0.0004735
0.772826 0.0004335
0.77306 0.0004345
0.773295 0.0004345
0.77353 0.0004345
0.773765 0.0004345
0.773999 0.0004355
0.774234 0.00043575
0.774469 0.000436
0.774704 0.0004555
0.774938 0.0004555
0.775173 0.0004555
0.775408 0.0004555
0.775643 0.0004555
0.775877 0.000456
0.776112 0.0004565
0.776347 0.00045725
0.776582 0.0004575
0.776816 0.00045775
0.777051 0.0004585
0.777286 0.0004585
0.777521 0.0004585
0.777756 0.00045925
0.77799 0.000461
0.778225 0.00046125
0.77846 0.00046125
0.778695 0.00046125
0.778929 0.0004615
0.779164 0.0004615
0.779399 0.0004615
0.779634 0.0004615
0.779868 0.0004615
0.780103 0.0004615
0.780338 0.00046175
0.780573 0.00046175
0.780807 0.00046175
0.781042 0.00046175
0.781277 0.00046175
0.781512 0.00046175
0.781746 0.00046175
0.781981 0.00046175
0.782216 0.000462
0.782451 0.00046225
0.782685 0.00046225
0.78292 0.0004675
0.783155 0.000468
0.78339 0.000468
0.783624 0.000468
0.783859 0.00046825
0.784094 0.00046825
0.784329 0.0004685
0.784564 0.0004685
0.784798 0.00046925
0.785033 0.00046925
0.785268 0.00046925
0.785503 0.00046925
0.785737 0.00046925
0.785972 0.00046925
0.786207 0.00046925
0.786442 0.00046975
0.786676 0.00047
0.786911 0.00047
0.787146 0.0004705
0.787381 0.0004705
0.787615 0.0004705
0.78785 0.0004705
0.788085 0.0004705
0.78832 0.0004725
0.788554 0.0004725
0.788789 0.0004725
0.789024 0.0004725
0.789259 0.0004725
0.789493 0.00047275
0.789728 0.000473
0.789963 0.0004735
0.790198 0.0004735
0.790432 0.0004735
0.790667 0.000474
0.790902 0.00047425
0.791137 0.0004745
0.791372 0.0004745
0.791606 0.0004745
0.791841 0.0004745
0.792076 0.0004745
0.792311 0.0004745
0.792545 0.0004745
0.79278 0.0004745
0.793015 0.00047475
0.79325 0.00047475
0.793484 0.00047475
0.793719 0.00047475
0.793954 0.00047475
0.794189 0.000475
0.794423 0.00047725
0.794658 0.00047775
0.794893 0.00047775
0.795128 0.000478
0.795362 0.000478
0.795597 0.00047825
0.795832 0.00047825
0.796067 0.0004785
0.796301 0.000479
0.796536 0.000479
0.796771 0.000479
0.797006 0.0004795
0.79724 0.00047975
0.797475 0.00047975
0.79771 0.0004875
0.797945 0.00048925
0.79818 0.00048925
0.798414 0.00049
0.798649 0.00049
0.798884 0.00049025
0.799119 0.0004905
0.799353 0.000498
0.799588 0.000498
0.799823 0.000498
0.800058 0.00049825
0.800292 0.00049825
0.800527 0.00049825
0.800762 0.00049825
0.800997 0.00049825
0.801231 0.0004985
0.801466 0.0004985
0.801701 0.00050175
0.801936 0.00050225
0.80217 0.00050775
0.802405 0.000508
0.80264 0.000508
0.802875 0.000508
0.803109 0.0005665
0.803344 0.0005665
0.803579 0.0005665
0.803814 0.0005665
0.804048 0.0005665
0.804283 0.0005665
0.804518 0.0005665
0.804753 0.000574
0.804988 0.000574
0.805222 0.0005745
0.805457 0.0005745
0.805692 0.00058975
0.805927 0.000567
0.806161 0.00056725
0.806396 0.00056725
0.806631 0.00056725
0.806866 0.00056725
0.8071 0.00056775
0.807335 0.0005085
0.80757 0.0005085
0.807805 0.0005085
0.808039 0.0005085
0.808274 0.0005085
0.808509 0.0005085
0.808744 0.0005085
0.808978 0.0005085
0.809213 0.000509
0.809448 0.00050975
0.809683 0.00050975
0.809917 0.00050975
0.810152 0.00050975
0.810387 0.00051025
0.810622 0.00051625
0.810856 0.0005165
0.811091 0.0005165
0.811326 0.0005165
0.811561 0.00051675
0.811796 0.00051675
0.81203 0.00051675
0.812265 0.0005175
0.8125 0.00051775
0.812735 0.00051775
0.812969 0.00051825
0.813204 0.00051825
0.813439 0.00051825
0.813674 0.00051825
0.813908 0.0005185
0.814143 0.0005185
0.814378 0.000519
0.814613 0.000519
0.814847 0.000519
0.815082 0.000519
0.815317 0.000519
0.815552 0.000519
0.815786 0.000519
0.816021 0.00051925
0.816256 0.00051925
0.816491 0.0005195
0.816725 0.00052
0.81696 0.00052
0.817195 0.00052
0.81743 0.0005205
0.817664 0.00053075
0.817899 0.00053075
0.818134 0.00053225
0.818369 0.00053275
0.818604 0.00053275
0.818838 0.000533
0.819073 0.00053325
0.819308 0.00053525
0.819543 0.00053525
0.819777 0.00053525
0.820012 0.0005355
0.820247 0.000548
0.820482 0.000548
0.820716 0.000548
0.820951 0.00054825
0.821186 0.00054825
0.821421 0.00054825
0.821655 0.00054825
0.82189 0.00054875
0.822125 0.00054875
0.82236 0.00054875
0.822594 0.00054875
0.822829 0.00054875
0.823064 0.00054875
0.823299 0.00054875
0.823533 0.00054875
0.823768 0.00054875
0.824003 0.000549
0.824238 0.000549
0.824472 0.000549
0.824707 0.0005495
0.824942 0.00054975
0.825177 0.0005505
0.825412 0.0005505
0.825646 0.0005505
0.825881 0.00055075
0.826116 0.00049375
0.826351 0.00049375
0.826585 0.000494
0.82682 0.000494
0.827055 0.00050625
0.82729 0.00050625
0.827524 0.00050625
0.827759 0.00050625
0.827994 0.00050625
0.828229 0.00050625
0.828463 0.00050625
0.828698 0.000507
0.828933 0.000507
0.829168 0.000507
0.829402 0.00055025
0.829637 0.0005505
0.829872 0.00055075
0.830107 0.00055075
0.830341 0.00055075
0.830576 0.00055075
0.830811 0.00055125
0.831046 0.00055125
0.83128 0.00055125
0.831515 0.00055125
0.83175 0.00055275
0.831985 0.00055275
0.83222 0.00047225
0.832454 0.00047225
0.832689 0.00047225
0.832924 0.00047225
0.833159 0.0004725
0.833393 0.0004725
0.833628 0.000473
0.833863 0.00047325
0.834098 0.00047325
0.834332 0.00047325
0.834567 0.00047325
0.834802 0.00047325
0.835037 0.00047325
0.835271 0.000474
0.835506 0.0004745
0.835741 0.00047475
0.835976 0.000475
0.83621 0.00047525
0.836445 0.00047575
0.83668 0.00047575
0.836915 0.000476
0.837149 0.0004765
0.837384 0.0004765
0.837619 0.0004765
0.837854 0.0005255
0.838089 0.0005255
0.838323 0.0005255
0.838558 0.00052575
0.838793 0.00052575
0.839028 0.00052575
0.839262 0.00052575
0.839497 0.000526
0.839732 0.000526
0.839967 0.000526
0.840201 0.00052625
0.840436 0.00052625
0.840671 0.0005285
0.840906 0.00051725
0.84114 0.00051725
0.841375 0.00051725
0.84161 0.00051725
0.841845 0.00051775
0.842079 0.00051775
0.842314 0.00051775
0.842549 0.000518
0.842784 0.0005185
0.843018 0.0005015
0.843253 0.00050175
0.843488 0.00050225
0.843723 0.0005025
0.843957 0.0005085
0.844192 0.0005085
0.844427 0.0005085
0.844662 0.0005085
0.844897 0.00050875
0.845131 0.00050875
0.845366 0.0005095
0.845601 0.00050975
0.845836 0.00050975
0.84607 0.00051
0.846305 0.000428
0.84654 0.000428
0.846775 0.000428
0.847009 0.000428
0.847244 0.000428
0.847479 0.000428
0.847714 0.000428
0.847948 0.000428
0.848183 0.000428
0.848418 0.000428
0.848653 0.000428
0.848887 0.000428
0.849122 0.00042925
0.849357 0.000452
0.849592 0.00045225
0.849826 0.00045225
0.850061 0.00045225
0.850296 0.0004525
0.850531 0.0004525
0.850765 0.0004525
0.851 0.0004525
0.851235 0.0004525
0.85147 0.000453
0.851705 0.000453
0.851939 0.000453
0.852174 0.000461
0.852409 0.000461
0.852644 0.000461
0.852878 0.000461
0.853113 0.0004615
0.853348 0.0004615
0.853583 0.0004615
0.853817 0.0004615
0.854052 0.0004615
0.854287 0.00046225
0.854522 0.0004625
0.854756 0.0004625
0.854991 0.0004625
0.855226 0.0004625
0.855461 0.00046275
0.855695 0.00046275
0.85593 0.00046275
0.856165 0.00046275
0.8564 0.00046275
0.856634 0.00046275
0.856869 0.000463
0.857104 0.000463
0.857339 0.00046325
0.857573 0.00046325
0.857808 0.00046325
0.858043 0.00046325
0.858278 0.00046325
0.858513 0.00046325
0.858747 0.00046375
0.858982 0.00046425
0.859217 0.00046475
0.859452 0.000465
0.859686 0.00046725
0.859921 0.00046825
0.860156 0.00046875
0.860391 0.00046875
0.860625 0.00046875
0.86086 0.00046875
0.861095 0.00046875
0.86133 0.00046875
0.861564 0.000469
0.861799 0.000469
0.862034 0.000469
0.862269 0.0004695
0.862503 0.00046975
0.862738 0.00047
0.862973 0.00047025
0.863208 0.00047025
0.863442 0.00047025
0.863677 0.00047025
0.863912 0.0004705
0.864147 0.0004705
0.864381 0.0004705
0.864616 0.0004705
0.864851 0.00047075
0.865086 0.00047075
0.865321 0.00047075
0.865555 0.00047075
0.86579 0.00047075
0.866025 0.00047075
0.86626 0.00047075
0.866494 0.00047075
0.866729 0.0004715
0.866964 0.0004715
0.867199 0.00047175
0.867433 0.00047175
0.867668 0.000472
0.867903 0.000472
0.868138 0.00047225
0.868372 0.00047225
0.868607 0.00047225
0.868842 0.00047275
0.869077 0.00047275
0.869311 0.00047275
0.869546 0.00047275
0.869781 0.00047275
0.870016 0.00047275
0.87025 0.000473
0.870485 0.000473
0.87072 0.000475
0.870955 0.000475
0.871189 0.00047525
0.871424 0.0004755
0.871659 0.0004755
0.871894 0.0004755
0.872129 0.0004755
0.872363 0.0004755
0.872598 0.0004755
0.872833 0.00047625
0.873068 0.0004775
0.873302 0.00047775
0.873537 0.00047775
0.873772 0.00047775
0.874007 0.000478
0.874241 0.000478
0.874476 0.000478
0.874711 0.00047825
0.874946 0.00048075
0.87518 0.00048075
0.875415 0.00048075
0.87565 0.00048075
0.875885 0.00048075
0.876119 0.000481
0.876354 0.000481
0.876589 0.00048125
0.876824 0.0004815
0.877058 0.00048025
0.877293 0.00048025
0.877528 0.00048025
0.877763 0.0004805
0.877997 0.00048075
0.878232 0.000481
0.878467 0.000481
0.878702 0.000481
0.878937 0.000484
0.879171 0.000484
0.879406 0.000484
0.879641 0.000484
0.879876 0.000484
0.88011 0.000484
0.880345 0.000484
0.88058 0.000484
0.880815 0.000484
0.881049 0.000484
0.881284 0.00048425
0.881519 0.0004845
0.881754 0.0004845
0.881988 0.0004845
0.882223 0.0004845
0.882458 0.0004845
0.882693 0.0004845
0.882927 0.000486
0.883162 0.00048625
0.883397 0.00048625
0.883632 0.00048625
0.883866 0.00048625
0.884101 0.0004865
0.884336 0.0004865
0.884571 0.0004865
0.884805 0.0004865
0.88504 0.0004865
0.885275 0.000489
0.88551 0.000489
0.885745 0.000489
0.885979 0.00048925
0.886214 0.00048925
0.886449 0.00048925
0.886684 0.00048925
0.886918 0.00048925
0.887153 0.00048925
0.887388 0.00048925
0.887623 0.00048925
0.887857 0.00048925
0.888092 0.00048925
0.888327 0.00048925
0.888562 0.00048925
0.888796 0.0004895
0.889031 0.0004895
0.889266 0.0004895
0.889501 0.00048975
0.889735 0.00048975
0.88997 0.00049
0.890205 0.0004905
0.89044 0.0004905
0.890674 0.0004905
0.890909 0.0004905
0.891144 0.0004905
0.891379 0.000494
0.891613 0.000494
0.891848 0.00049425
0.892083 0.00049425
0.892318 0.000496
0.892553 0.00049675
0.892787 0.00049675
0.893022 0.00049675
0.893257 0.00049675
0.893492 0.00049675
0.893726 0.000497
0.893961 0.000497
0.894196 0.000497
0.894431 0.000497
0.894665 0.000497
0.8949 0.000497
0.895135 0.00049725
0.89537 0.0004975
0.895604 0.00049775
0.895839 0.00049775
0.896074 0.00049775
0.896309 0.00049775
0.896543 0.000498
0.896778 0.000498
0.897013 0.000498
0.897248 0.000498
0.897482 0.000498
0.897717 0.00049825
0.897952 0.00049825
0.898187 0.00049825
0.898421 0.00049825
0.898656 0.00049825
0.898891 0.0004985
0.899126 0.0004995
0.899361 0.0005
0.899595 0.0005
0.89983 0.0005
0.900065 0.0005
0.9003 0.0005
0.900534 0.00050025
0.900769 0.00050025
0.901004 0.00050025
0.901239 0.00050025
0.901473 0.000501
0.901708 0.00045175
0.901943 0.00045175
0.902178 0.00045175
0.902412 0.00045175
0.902647 0.000452
0.902882 0.000452
0.903117 0.00045225
0.903351 0.0004525
0.903586 0.0004525
0.903821 0.0004525
0.904056 0.00045275
0.90429 0.000454
0.904525 0.00045425
0.90476 0.00045425
0.904995 0.0004545
0.905229 0.00045475
0.905464 0.000456
0.905699 0.00045625
0.905934 0.00045625
0.906169 0.00045725
0.906403 0.00045725
0.906638 0.00045725
0.906873 0.00045725
0.907108 0.00045725
0.907342 0.00045725
0.907577 0.00045725
0.907812 0.0004575
0.908047 0.0004575
0.908281 0.0004585
0.908516 0.0004585
0.908751 0.00045875
0.908986 0.00045875
0.90922 0.00046
0.909455 0.00046
0.90969 0.0004605
0.909925 0.0004605
0.910159 0.0004735
0.910394 0.000474
0.910629 0.000474
0.910864 0.000474
0.911098 0.000474
0.911333 0.000474
0.911568 0.00047475
0.911803 0.00047475
0.912037 0.000475
0.912272 0.000475
0.912507 0.000475
0.912742 0.000475
0.912977 0.000475
0.913211 0.000475
0.913446 0.00047525
0.913681 0.00047525
0.913916 0.0004755
0.91415 0.0004755
0.914385 0.0004755
0.91462 0.0004755
0.914855 0.0004755
0.915089 0.00049625
0.915324 0.00049625
0.915559 0.00049625
0.915794 0.0004325
0.916028 0.000434
0.916263 0.000434
0.916498 0.000434
0.916733 0.000434
0.916967 0.000435
0.917202 0.00043525
0.917437 0.00043525
0.917672 0.00043575
0.917906 0.00043625
0.918141 0.0004365
0.918376 0.0004365
0.918611 0.0004365
0.918845 0.0004365
0.91908 0.0004365
0.919315 0.00044225
0.91955 0.00044875
0.919785 0.00044875
0.920019 0.00044875
0.920254 0.00044875
0.920489 0.000449
0.920724 0.00044925
0.920958 0.00044925
0.921193 0.0004495
0.921428 0.0004495
0.921663 0.0004495
0.921897 0.0004495
0.922132 0.0004495
0.922367 0.0004495
0.922602 0.0004495
0.922836 0.0004505
0.923071 0.0004505
0.923306 0.0004505
0.923541 0.00045075
0.923775 0.00045075
0.92401 0.000451
0.924245 0.000451
0.92448 0.00045175
0.924714 0.000452
0.924949 0.000452
0.925184 0.000452
0.925419 0.000452
0.925653 0.000452
0.925888 0.00045725
0.926123 0.00045725
0.926358 0.0004575
0.926593 0.0004575
0.926827 0.0004575
0.927062 0.0004575
0.927297 0.0004575
0.927532 0.00045775
0.927766 0.00045775
0.928001 0.00045775
0.928236 0.000458
0.928471 0.000458
0.928705 0.0004585
0.92894 0.00045875
0.929175 0.0004595
0.92941 0.00046075
0.929644 0.00046075
0.929879 0.00046075
0.930114 0.00046075
0.930349 0.000461
0.930583 0.000461
0.930818 0.00046125
0.931053 0.0004615
0.931288 0.0004615
0.931522 0.0004615
0.931757 0.00046225
0.931992 0.0004625
0.932227 0.0004625
0.932461 0.00046275
0.932696 0.00046275
0.932931 0.00046275
0.933166 0.00046275
0.933401 0.00046275
0.933635 0.00046275
0.93387 0.00046275
0.934105 0.00046275
0.93434 0.00046275
0.934574 0.00046275
0.934809 0.00046275
0.935044 0.000464
0.935279 0.000464
0.935513 0.000464
0.935748 0.000464
0.935983 0.000464
0.936218 0.000464
0.936452 0.000464
0.936687 0.00046475
0.936922 0.00046475
0.937157 0.00046475
0.937391 0.00046475
0.937626 0.00046475
0.937861 0.00046475
0.938096 0.00046475
0.93833 0.00046475
0.938565 0.000465
0.9388 0.000465
0.939035 0.000465
0.939269 0.000465
0.939504 0.000465
0.939739 0.000465
0.939974 0.00046525
0.940209 0.00047125
0.940443 0.00047125
0.940678 0.00047125
0.940913 0.00047125
0.941148 0.00047125
0.941382 0.00047125
0.941617 0.00047125
0.941852 0.000476
0.942087 0.000476
0.942321 0.00047625
0.942556 0.0004765
0.942791 0.0004765
0.943026 0.000477
0.94326 0.000477
0.943495 0.00047725
0.94373 0.00047725
0.943965 0.00047725
0.944199 0.0004775
0.944434 0.00047775
0.944669 0.000478
0.944904 0.000478
0.945138 0.0004785
0.945373 0.0004785
0.945608 0.00047875
0.945843 0.00047875
0.946077 0.00047875
0.946312 0.00047875
0.946547 0.00047875
0.946782 0.0004795
0.947017 0.00047975
0.947251 0.00048
0.947486 0.00048
0.947721 0.00048
0.947956 0.00048025
0.94819 0.00048025
0.948425 0.00048075
0.94866 0.00048125
0.948895 0.0004815
0.949129 0.0004815
0.949364 0.0004815
0.949599 0.00048275
0.949834 0.000484
0.950068 0.000484
0.950303 0.00048425
0.950538 0.00048425
0.950773 0.00048425
0.951007 0.00048425
0.951242 0.00048425
0.951477 0.000485
0.951712 0.00048525
0.951946 0.00044925
0.952181 0.00044925
0.952416 0.00044925
0.952651 0.00044925
0.952885 0.0004495
0.95312 0.0004495
0.953355 0.0004495
0.95359 0.0004495
0.953825 0.00044975
0.954059 0.00044975
0.954294 0.00044975
0.954529 0.00045025
0.954764 0.00045025
0.954998 0.00045025
0.955233 0.0004505
0.955468 0.0004505
0.955703 0.00045175
0.955937 0.000452
0.956172 0.000452
0.956407 0.000453
0.956642 0.00045325
0.956876 0.00045375
0.957111 0.00045375
0.957346 0.000454
0.957581 0.000454
0.957815 0.0003815
0.95805 0.00038175
0.958285 0.00038175
0.95852 0.00038175
0.958754 0.00038175
0.958989 0.00038175
0.959224 0.000382
0.959459 0.000382
0.959693 0.000382
0.959928 0.00038225
0.960163 0.00038225
0.960398 0.00038225
0.960633 0.0003825
0.960867 0.0003825
0.961102 0.0003825
0.961337 0.0003825
0.961572 0.0003825
0.961806 0.0003825
0.962041 0.00038275
0.962276 0.00038275
0.962511 0.00038275
0.962745 0.000383
0.96298 0.000383
0.963215 0.00038325
0.96345 0.00038325
0.963684 0.00038325
0.963919 0.0003835
0.964154 0.0003835
0.964389 0.0003835
0.964623 0.0003835
0.964858 0.0003835
0.965093 0.0003835
0.965328 0.0003835
0.965562 0.0003835
0.965797 0.0003835
0.966032 0.0003835
0.966267 0.0003835
0.966502 0.0003835
0.966736 0.00038375
0.966971 0.00038375
0.967206 0.00038425
0.967441 0.00038425
0.967675 0.00038475
0.96791 0.000385
0.968145 0.00038525
0.96838 0.00038525
0.968614 0.00038525
0.968849 0.00038525
0.969084 0.00038525
0.969319 0.00038575
0.969553 0.000386
0.969788 0.00038625
0.970023 0.00038625
0.970258 0.00038625
0.970492 0.00038625
0.970727 0.00038625
0.970962 0.0003515
0.971197 0.000352
0.971431 0.000352
0.971666 0.00035225
0.971901 0.00035225
0.972136 0.000355
0.97237 0.000355
0.972605 0.00035525
0.97284 0.00035525
0.973075 0.0003555
0.97331 0.00035575
0.973544 0.00035575
0.973779 0.00036275
0.974014 0.00036275
0.974249 0.000364
0.974483 0.000364
0.974718 0.000364
0.974953 0.000364
0.975188 0.000364
0.975422 0.000364
0.975657 0.00036425
0.975892 0.0003645
0.976127 0.00036475
0.976361 0.00036475
0.976596 0.000367
0.976831 0.000367
0.977066 0.000367
0.9773 0.00036725
0.977535 0.00036725
0.97777 0.00036975
0.978005 0.00036975
0.978239 0.00036975
0.978474 0.00036975
0.978709 0.00036975
0.978944 0.00036975
0.979178 0.00036975
0.979413 0.00036275
0.979648 0.00036275
0.979883 0.00036275
0.980118 0.00036275
0.980352 0.00036275
0.980587 0.000363
0.980822 0.000363
0.981057 0.0003635
0.981291 0.0003635
0.981526 0.0003635
0.981761 0.0003635
0.981996 0.00036375
0.98223 0.00036375
0.982465 0.00036375
0.9827 0.00036425
0.982935 0.0003645
0.983169 0.0003645
0.983404 0.0003645
0.983639 0.0003645
0.983874 0.00036475
0.984108 0.00036475
0.984343 0.00036525
0.984578 0.00036525
0.984813 0.00036525
0.985047 0.000366
0.985282 0.00036625
0.985517 0.00036625
0.985752 0.00036625
0.985986 0.00036625
0.986221 0.00036625
0.986456 0.00036675
0.986691 0.00036675
0.986926 0.000367
0.98716 0.000367
0.987395 0.000367
0.98763 0.000367
0.987865 0.000367
0.988099 0.000367
0.988334 0.0003675
0.988569 0.0003675
0.988804 0.0003675
0.989038 0.0003675
0.989273 0.0003675
0.989508 0.0003675
0.989743 0.0003675
0.989977 0.0003675
0.990212 0.0003675
0.990447 0.0003675
0.990682 0.0003675
0.990916 0.0003675
0.991151 0.0003675
0.991386 0.0003675
0.991621 0.00036775
0.991855 0.00036775
0.99209 0.000368
0.992325 0.00036875
0.99256 0.00036875
0.992794 0.00031625
0.993029 0.00031625
0.993264 0.00031725
0.993499 0.0003175
0.993734 0.0003175
0.993968 0.0003175
0.994203 0.0003175
0.994438 0.0003175
0.994673 0.0003175
0.994907 0.0003175
0.995142 0.0003175
0.995377 0.0003175
0.995612 0.0003175
0.995846 0.00031775
0.996081 0.00031775
0.996316 0.00031775
0.996551 0.000318
0.996785 0.000318
0.99702 0.000311
0.997255 0.000311
0.99749 0.000311
0.997724 0.000311
0.997959 0.000311
0.998194 0.000311
0.998429 0.00031475
0.998663 0.00031475
0.998898 0.00031475
0.999133 0.00031475
0.999368 0.000315
0.999602 0.000315
0.999837 0.000315
