0 7.375e-05
0.000373623 0.0001475
0.000747246 0.00022875
0.00112087 0.000285
0.00149449 0.0003075
0.00186812 0.00018125
0.00224174 0.000175
0.00261536 0.00015875
0.00298899 0.00014875
0.00336261 0.00016875
0.00373623 0.00018375
0.00410986 0.0001675
0.00448348 0.0001725
0.0048571 0.0001725
0.00523072 0.0001925
0.00560435 0.0001875
0.00597797 0.0001975
0.00635159 0.00019
0.00672522 0.000175
0.00709884 0.00016625
0.00747246 0.0001625
0.00784609 0.00014375
0.00821971 0.00014125
0.00859333 0.0001525
0.00896696 0.00017125
0.00934058 0.00016625
0.0097142 0.0001725
0.0100878 0.000175
0.0104614 0.0001825
0.0108351 0.00018375
0.0112087 0.0001925
0.0115823 0.0002025
0.0119559 0.00019
0.0123296 0.00019125
0.0127032 0.0001675
0.0130768 0.00018125
0.0134504 0.00018125
0.0138241 0.0001875
0.0141977 0.00019125
0.0145713 0.0001925
0.0149449 0.000195
0.0153186 0.00018375
0.0156922 0.00019375
0.0160658 0.00017875
0.0164394 0.0001525
0.016813 0.00015875
0.0171867 0.0001625
0.0175603 0.0001625
0.0179339 0.0001625
0.0183075 0.000165
0.0186812 0.00016625
0.0190548 0.00016875
0.0194284 0.00017125
0.019802 0.00017375
0.0201757 0.0001725
0.0205493 0.0001775
0.0209229 0.00018375
0.0212965 0.00016875
0.0216701 0.000175
0.0220438 0.0001625
0.0224174 0.00016375
0.022791 0.0001675
0.0231646 0.0001725
0.0235383 0.00018
0.0239119 0.00018125
0.0242855 0.00015375
0.0246591 0.0001475
0.0250328 0.00015
0.0254064 0.0001575
0.02578 0.0001575
0.0261536 0.00015
0.0265272 0.0001525
0.0269009 0.00015625
0.0272745 0.00015625
0.0276481 0.00014875
0.0280217 0.00015
0.0283954 0.000155
0.028769 0.0001425
0.0291426 0.00013
0.0295162 0.00012875
0.0298899 0.00013125
0.0302635 0.00013375
0.0306371 0.00014875
0.0310107 0.00014625
0.0313843 0.0001275
0.031758 0.00013
0.0321316 0.00013125
0.0325052 0.000135
0.0328788 0.00012625
0.0332525 0.0001275
0.0336261 0.00012375
0.0339997 0.0001325
0.0343733 0.0001275
0.034747 0.000115
0.0351206 0.00011125
0.0354942 0.0001125
0.0358678 0.00011625
0.0362415 0.0001125
0.0366151 0.00011375
0.0369887 0.000115
0.0373623 0.00011875
0.0377359 0.00011875
0.0381096 0.00011875
0.0384832 0.00012125
0.0388568 0.00012125
0.0392304 0.00012125
0.0396041 0.00012125
0.0399777 0.00012375
0.0403513 0.0001275
0.0407249 0.0001275
0.0410986 0.0001275
0.0414722 0.0001275
0.0418458 0.0001275
0.0422194 0.00013125
0.042593 0.00011125
0.0429667 0.00011125
0.0433403 0.00011375
0.0437139 0.00011375
0.0440875 0.00011625
0.0444612 0.00011625
0.0448348 0.00011625
0.0452084 0.0001125
0.045582 0.00011
0.0459557 0.0001125
0.0463293 0.00011375
0.0467029 0.00011375
0.0470765 0.00011375
0.0474501 0.00011
0.0478238 0.00011
0.0481974 0.00011
0.048571 0.00011375
0.0489446 0.0001125
0.0493183 0.000115
0.0496919 0.00011375
0.0500655 0.00011375
0.0504391 0.00011375
0.0508128 0.00011375
0.0511864 0.0001125
0.05156 0.0001125
0.0519336 0.00011
0.0523072 0.00011
0.0526809 0.0001125
0.0530545 0.0001075
0.0534281 0.0001075
0.0538017 0.000105
0.0541754 0.00010625
0.054549 0.00010625
0.0549226 0.00010875
0.0552962 0.00010875
0.0556699 0.00010875
0.0560435 0.00010875
0.0564171 0.00011125
0.0567907 0.00011375
0.0571643 0.000105
0.057538 0.000105
0.0579116 0.00010375
0.0582852 0.000105
0.0586588 0.00010625
0.0590325 0.00010625
0.0594061 0.000115
0.0597797 0.000115
0.0601533 0.00011625
0.060527 0.00011625
0.0609006 0.00011875
0.0612742 0.00011875
0.0616478 0.00012
0.0620215 0.00012125
0.0623951 0.00010875
0.0627687 0.00010875
0.0631423 0.00011
0.0635159 0.00011
0.0638896 0.00011
0.0642632 0.00011
0.0646368 0.0001025
0.0650104 0.00010125
0.0653841 0.00010125
0.0657577 0.0001025
0.0661313 0.00010375
0.0665049 0.0001025
0.0668786 0.0001025
0.0672522 0.0001025
0.0676258 0.0001025
0.0679994 0.00010375
0.068373 0.000105
0.0687467 0.00010375
0.0691203 0.00010375
0.0694939 0.000105
0.0698675 0.000105
0.0702412 0.00010375
0.0706148 0.00010375
0.0709884 0.00010375
0.071362 0.00010125
0.0717357 0.00010125
0.0721093 0.00010375
0.0724829 0.00010375
0.0728565 0.00010625
0.0732301 0.00010625
0.0736038 0.00010375
0.0739774 0.00010375
0.074351 0.000105
0.0747246 0.000105
0.0750983 0.000105
0.0754719 0.000105
0.0758455 0.00010625
0.0762191 0.00010625
0.0765928 0.00010625
0.0769664 0.00010625
0.07734 0.00010875
0.0777136 0.00010875
0.0780872 0.0001025
0.0784609 0.00010125
0.0788345 0.000105
0.0792081 0.000105
0.0795817 0.0001025
0.0799554 0.00010375
0.080329 0.00010375
0.0807026 0.00010375
0.0810762 0.0001025
0.0814499 0.00010375
0.0818235 9.75e-05
0.0821971 9.75e-05
0.0825707 9.75e-05
0.0829444 9.75e-05
0.083318 9.75e-05
0.0836916 9.75e-05
0.0840652 0.0001025
0.0844388 0.000105
0.0848125 0.000105
0.0851861 0.000105
0.0855597 0.000105
0.0859333 0.00010375
0.086307 0.00010375
0.0866806 0.00010375
0.0870542 0.00010375
0.0874278 0.0001025
0.0878015 0.00010375
0.0881751 0.00010375
0.0885487 0.00010375
0.0889223 9.875e-05
0.0892959 0.00010125
0.0896696 0.00010125
0.0900432 0.00010125
0.0904168 0.00010125
0.0907904 0.0001025
0.0911641 0.0001025
0.0915377 0.0001025
0.0919113 0.0001025
0.0922849 0.00010375
0.0926586 0.00010375
0.0930322 0.00010375
0.0934058 0.00010375
0.0937794 0.00010375
0.094153 0.0001075
0.0945267 0.0001075
0.0949003 0.00010875
0.0952739 0.00010875
0.0956475 0.00010875
0.0960212 0.00010875
0.0963948 0.00010875
0.0967684 0.00010625
0.097142 0.00010625
0.0975157 0.00010625
0.0978893 0.00010625
0.0982629 0.0001075
0.0986365 0.00010875
0.0990101 0.00010875
0.0993838 0.00010875
0.0997574 0.00010875
0.100131 0.00010875
0.100505 0.00011
0.100878 0.00011
0.101252 0.00011
0.101626 0.00011
0.101999 0.00011
0.102373 0.00010625
0.102746 0.0001075
0.10312 0.0001075
0.103494 0.0001075
0.103867 0.0001075
0.104241 0.00010625
0.104614 0.00010625
0.104988 0.00010625
0.105362 0.00010625
0.105735 0.0001
0.106109 0.0001
0.106483 0.0001
0.106856 0.0001
0.10723 0.0001
0.107603 9.75e-05
0.107977 9.75e-05
0.108351 9.625e-05
0.108724 9.625e-05
0.109098 9.375e-05
0.109472 9.375e-05
0.109845 9.375e-05
0.110219 9.375e-05
0.110592 9.375e-05
0.110966 9.375e-05
0.11134 9.375e-05
0.111713 9.5e-05
0.112087 9.5e-05
0.112461 9.5e-05
0.112834 9.5e-05
0.113208 9.5e-05
0.113581 9.5e-05
0.113955 9.5e-05
0.114329 9.5e-05
0.114702 9.5e-05
0.115076 9.5e-05
0.11545 9.5e-05
0.115823 9.5e-05
0.116197 9.5e-05
0.11657 9.5e-05
0.116944 9.5e-05
0.117318 9.5e-05
0.117691 9.5e-05
0.118065 9.5e-05
0.118439 9.5e-05
0.118812 9.5e-05
0.119186 9.5e-05
0.119559 9.625e-05
0.119933 9.625e-05
0.120307 9.625e-05
0.12068 9.625e-05
0.121054 9.5e-05
0.121428 9.5e-05
0.121801 9.5e-05
0.122175 9.5e-05
0.122548 9.5e-05
0.122922 9.375e-05
0.123296 9.25e-05
0.123669 9.25e-05
0.124043 9.25e-05
0.124417 9.25e-05
0.12479 9.25e-05
0.125164 9.5e-05
0.125537 9.625e-05
0.125911 9.625e-05
0.126285 9.625e-05
0.126658 9.625e-05
0.127032 0.00010125
0.127406 0.00010125
0.127779 0.000105
0.128153 0.000105
0.128526 0.000105
0.1289 0.00010625
0.129274 0.00010625
0.129647 0.00010625
0.130021 0.00010625
0.130394 0.00010625
0.130768 0.00010625
0.131142 0.00010625
0.131515 0.00010625
0.131889 0.00010625
0.132263 0.00010625
0.132636 0.00010625
0.13301 0.0001025
0.133383 0.0001025
0.133757 0.0001
0.134131 9.5e-05
0.134504 9.5e-05
0.134878 9.5e-05
0.135252 9.5e-05
0.135625 9.5e-05
0.135999 9.5e-05
0.136372 9.5e-05
0.136746 9.625e-05
0.13712 9.625e-05
0.137493 9.625e-05
0.137867 9.625e-05
0.138241 9.625e-05
0.138614 9.625e-05
0.138988 9.625e-05
0.139361 9.625e-05
0.139735 9.625e-05
0.140109 9.625e-05
0.140482 9.625e-05
0.140856 9.625e-05
0.14123 9.625e-05
0.141603 9.625e-05
0.141977 9.75e-05
0.14235 9.75e-05
0.142724 9.75e-05
0.143098 9.75e-05
0.143471 9.75e-05
0.143845 9.75e-05
0.144219 9.75e-05
0.144592 9.75e-05
0.144966 9.75e-05
0.145339 0.0001
0.145713 9.875e-05
0.146087 9.75e-05
0.14646 9.75e-05
0.146834 9.75e-05
0.147208 9.75e-05
0.147581 9.75e-05
0.147955 9.875e-05
0.148328 9.875e-05
0.148702 9.625e-05
0.149076 9.625e-05
0.149449 9.625e-05
0.149823 9.625e-05
0.150197 9.625e-05
0.15057 9.625e-05
0.150944 9.625e-05
0.151317 9.625e-05
0.151691 9.625e-05
0.152065 9.625e-05
0.152438 9.625e-05
0.152812 9.625e-05
0.153186 9.625e-05
0.153559 9.625e-05
0.153933 9.625e-05
0.154306 9.75e-05
0.15468 9.75e-05
0.155054 9.75e-05
0.155427 9.75e-05
0.155801 9.75e-05
0.156174 9.75e-05
0.156548 9.75e-05
0.156922 9.75e-05
0.157295 9.75e-05
0.157669 9.75e-05
0.158043 9.75e-05
0.158416 9.75e-05
0.15879 9.75e-05
0.159163 9.75e-05
0.159537 9.75e-05
0.159911 9.75e-05
0.160284 9.75e-05
0.160658 9.75e-05
0.161032 9.75e-05
0.161405 9.875e-05
0.161779 9.875e-05
0.162152 9.875e-05
0.162526 9.875e-05
0.1629 9.75e-05
0.163273 9.75e-05
0.163647 9.75e-05
0.164021 9.75e-05
0.164394 9.75e-05
0.164768 9.75e-05
0.165141 9.75e-05
0.165515 9.75e-05
0.165889 9.75e-05
0.166262 9.75e-05
0.166636 9.75e-05
0.16701 9.75e-05
0.167383 9.75e-05
0.167757 9.375e-05
0.16813 9.375e-05
0.168504 9.875e-05
0.168878 9.875e-05
0.169251 9.875e-05
0.169625 9.875e-05
0.169999 9.875e-05
0.170372 9.875e-05
0.170746 9.875e-05
0.171119 9.875e-05
0.171493 9.875e-05
0.171867 9.875e-05
0.17224 9.875e-05
0.172614 9.875e-05
0.172988 9.875e-05
0.173361 9.875e-05
0.173735 9.875e-05
0.174108 9.875e-05
0.174482 9.875e-05
0.174856 9.875e-05
0.175229 9.875e-05
0.175603 9.875e-05
0.175977 9.875e-05
0.17635 9.875e-05
0.176724 9.875e-05
0.177097 9.125e-05
0.177471 9.125e-05
0.177845 9.125e-05
0.178218 9.125e-05
0.178592 9.125e-05
0.178966 9.375e-05
0.179339 9.375e-05
0.179713 9.375e-05
0.180086 9.375e-05
0.18046 9.375e-05
0.180834 9.375e-05
0.181207 9.375e-05
0.181581 9.25e-05
0.181954 9.125e-05
0.182328 9.125e-05
0.182702 9.125e-05
0.183075 9.125e-05
0.183449 9.5e-05
0.183823 9.5e-05
0.184196 9.5e-05
0.18457 9.5e-05
0.184943 9.5e-05
0.185317 9.25e-05
0.185691 9.125e-05
0.186064 9.125e-05
0.186438 9.125e-05
0.186812 9.125e-05
0.187185 9.125e-05
0.187559 9.125e-05
0.187932 9.125e-05
0.188306 9.125e-05
0.18868 9.125e-05
0.189053 9.125e-05
0.189427 9.125e-05
0.189801 8.875e-05
0.190174 8.875e-05
0.190548 8.875e-05
0.190921 8.75e-05
0.191295 8.75e-05
0.191669 8.75e-05
0.192042 8.75e-05
0.192416 8.75e-05
0.19279 8.75e-05
0.193163 8.75e-05
0.193537 8.75e-05
0.19391 8.75e-05
0.194284 8.75e-05
0.194658 8.75e-05
0.195031 8.75e-05
0.195405 8.75e-05
0.195779 8.75e-05
0.196152 8.75e-05
0.196526 8.75e-05
0.196899 8.75e-05
0.197273 8.75e-05
0.197647 8.75e-05
0.19802 8.75e-05
0.198394 8.75e-05
0.198768 8.875e-05
0.199141 8.875e-05
0.199515 8.875e-05
0.199888 8.875e-05
0.200262 8.875e-05
0.200636 8.875e-05
0.201009 8.875e-05
0.201383 8.875e-05
0.201757 8.875e-05
0.20213 8.875e-05
0.202504 8.875e-05
0.202877 9e-05
0.203251 9.25e-05
0.203625 8.5e-05
0.203998 8.5e-05
0.204372 8.625e-05
0.204746 8.625e-05
0.205119 8.625e-05
0.205493 8.625e-05
0.205866 8.625e-05
0.20624 8.625e-05
0.206614 8.625e-05
0.206987 8.625e-05
0.207361 8.625e-05
0.207734 8.625e-05
0.208108 8.625e-05
0.208482 8.625e-05
0.208855 8.625e-05
0.209229 8.625e-05
0.209603 8.75e-05
0.209976 8.75e-05
0.21035 8.75e-05
0.210723 8.75e-05
0.211097 8.75e-05
0.211471 8.875e-05
0.211844 8.875e-05
0.212218 8.875e-05
0.212592 8.875e-05
0.212965 8.875e-05
0.213339 8.875e-05
0.213712 8.5e-05
0.214086 8.5e-05
0.21446 8.5e-05
0.214833 8.5e-05
0.215207 8.5e-05
0.215581 8.5e-05
0.215954 8.5e-05
0.216328 8.5e-05
0.216701 8.5e-05
0.217075 8.5e-05
0.217449 8.5e-05
0.217822 8.5e-05
0.218196 8.5e-05
0.21857 8.5e-05
0.218943 8.5e-05
0.219317 8.5e-05
0.21969 8.5e-05
0.220064 8.125e-05
0.220438 8.125e-05
0.220811 8.125e-05
0.221185 8.125e-05
0.221559 8.125e-05
0.221932 8.125e-05
0.222306 8.125e-05
0.222679 8.125e-05
0.223053 8.125e-05
0.223427 8.125e-05
0.2238 8.125e-05
0.224174 8.125e-05
0.224548 8.125e-05
0.224921 8.125e-05
0.225295 7.75e-05
0.225668 7.75e-05
0.226042 7.75e-05
0.226416 7.75e-05
0.226789 7.75e-05
0.227163 7.75e-05
0.227537 7.75e-05
0.22791 7.75e-05
0.228284 7.75e-05
0.228657 7.75e-05
0.229031 7.75e-05
0.229405 7.75e-05
0.229778 7.75e-05
0.230152 7.625e-05
0.230526 7.625e-05
0.230899 7.625e-05
0.231273 7.625e-05
0.231646 7.625e-05
0.23202 7.75e-05
0.232394 7.75e-05
0.232767 7.75e-05
0.233141 7.75e-05
0.233514 7.75e-05
0.233888 7.75e-05
0.234262 7.75e-05
0.234635 7.75e-05
0.235009 7.5e-05
0.235383 7.5e-05
0.235756 7.5e-05
0.23613 7.5e-05
0.236503 7.375e-05
0.236877 7.375e-05
0.237251 7.375e-05
0.237624 7.375e-05
0.237998 7.375e-05
0.238372 7.375e-05
0.238745 7.375e-05
0.239119 7.375e-05
0.239492 7.375e-05
0.239866 7.375e-05
0.24024 7.375e-05
0.240613 7.375e-05
0.240987 7.5e-05
0.241361 7.5e-05
0.241734 7.5e-05
0.242108 7.5e-05
0.242481 7.5e-05
0.242855 7.5e-05
0.243229 7.5e-05
0.243602 7.5e-05
0.243976 7.5e-05
0.24435 7.5e-05
0.244723 7.5e-05
0.245097 7.625e-05
0.24547 7.625e-05
0.245844 7.375e-05
0.246218 7.375e-05
0.246591 7.375e-05
0.246965 7.375e-05
0.247339 7.375e-05
0.247712 7.375e-05
0.248086 7.375e-05
0.248459 7.375e-05
0.248833 7.375e-05
0.249207 7.375e-05
0.24958 7.375e-05
0.249954 7.375e-05
0.250328 7.375e-05
0.250701 7.375e-05
0.251075 7.5e-05
0.251448 7.5e-05
0.251822 7.5e-05
0.252196 7.5e-05
0.252569 7.5e-05
0.252943 7.5e-05
0.253317 7.5e-05
0.25369 7.5e-05
0.254064 7.5e-05
0.254437 7.625e-05
0.254811 7.625e-05
0.255185 7.625e-05
0.255558 7.625e-05
0.255932 7.625e-05
0.256306 7.625e-05
0.256679 7.625e-05
0.257053 7.625e-05
0.257426 7.625e-05
0.2578 7.625e-05
0.258174 7.625e-05
0.258547 7.625e-05
0.258921 7.625e-05
0.259294 7.625e-05
0.259668 7.625e-05
0.260042 7.625e-05
0.260415 7.625e-05
0.260789 7.625e-05
0.261163 7.625e-05
0.261536 7.625e-05
0.26191 7.625e-05
0.262283 7.625e-05
0.262657 7.625e-05
0.263031 7.625e-05
0.263404 7.625e-05
0.263778 7.375e-05
0.264152 7.375e-05
0.264525 7.375e-05
0.264899 7.375e-05
0.265272 7.375e-05
0.265646 7.375e-05
0.26602 7.375e-05
0.266393 7.375e-05
0.266767 7.375e-05
0.267141 7.375e-05
0.267514 7.375e-05
0.267888 7.125e-05
0.268261 7.125e-05
0.268635 7.125e-05
0.269009 7.125e-05
0.269382 7.125e-05
0.269756 7.125e-05
0.27013 7.125e-05
0.270503 7.125e-05
0.270877 7.125e-05
0.27125 7.125e-05
0.271624 7.125e-05
0.271998 7.125e-05
0.272371 7.125e-05
0.272745 7.125e-05
0.273119 7.125e-05
0.273492 7.125e-05
0.273866 7.125e-05
0.274239 7.125e-05
0.274613 7.125e-05
0.274987 7e-05
0.27536 7e-05
0.275734 7e-05
0.276108 7e-05
0.276481 7e-05
0.276855 7e-05
0.277228 7.125e-05
0.277602 7.125e-05
0.277976 7.125e-05
0.278349 7.125e-05
0.278723 7.125e-05
0.279097 7.125e-05
0.27947 7.125e-05
0.279844 7.125e-05
0.280217 7.125e-05
0.280591 7.125e-05
0.280965 7.125e-05
0.281338 7.125e-05
0.281712 7.125e-05
0.282086 7.125e-05
0.282459 7e-05
0.282833 7e-05
0.283206 7e-05
0.28358 6.875e-05
0.283954 6.875e-05
0.284327 6.875e-05
0.284701 6.875e-05
0.285075 6.75e-05
0.285448 6.75e-05
0.285822 6.75e-05
0.286195 6.75e-05
0.286569 6.75e-05
0.286943 6.75e-05
0.287316 6.75e-05
0.28769 6.75e-05
0.288063 6.75e-05
0.288437 6.75e-05
0.288811 6.75e-05
0.289184 6.75e-05
0.289558 6.75e-05
0.289932 6.875e-05
0.290305 6.875e-05
0.290679 6.875e-05
0.291052 6.875e-05
0.291426 6.875e-05
0.2918 7e-05
0.292173 7e-05
0.292547 7e-05
0.292921 7e-05
0.293294 7e-05
0.293668 7e-05
0.294041 7e-05
0.294415 7e-05
0.294789 6.875e-05
0.295162 6.875e-05
0.295536 6.875e-05
0.29591 6.875e-05
0.296283 6.875e-05
0.296657 6.875e-05
0.29703 6.875e-05
0.297404 6.875e-05
0.297778 6.875e-05
0.298151 6.875e-05
0.298525 6.875e-05
0.298899 6.875e-05
0.299272 7e-05
0.299646 7e-05
0.300019 7e-05
0.300393 7e-05
0.300767 7e-05
0.30114 7e-05
0.301514 7e-05
0.301888 7e-05
0.302261 7e-05
0.302635 7e-05
0.303008 7e-05
0.303382 7e-05
0.303756 7e-05
0.304129 7e-05
0.304503 7e-05
0.304877 7e-05
0.30525 7e-05
0.305624 7e-05
0.305997 7e-05
0.306371 7e-05
0.306745 7e-05
0.307118 7e-05
0.307492 7e-05
0.307866 7e-05
0.308239 7e-05
0.308613 7e-05
0.308986 7e-05
0.30936 7e-05
0.309734 7e-05
0.310107 7e-05
0.310481 7e-05
0.310855 7e-05
0.311228 7e-05
0.311602 7e-05
0.311975 7e-05
0.312349 7e-05
0.312723 7e-05
0.313096 7e-05
0.31347 7e-05
0.313843 7.125e-05
0.314217 7.125e-05
0.314591 7.125e-05
0.314964 7.125e-05
0.315338 7.125e-05
0.315712 7.25e-05
0.316085 7.25e-05
0.316459 7.25e-05
0.316832 7.25e-05
0.317206 7.25e-05
0.31758 7.125e-05
0.317953 7.125e-05
0.318327 7.125e-05
0.318701 7.125e-05
0.319074 7.125e-05
0.319448 7.125e-05
0.319821 7.125e-05
0.320195 7.125e-05
0.320569 7e-05
0.320942 7e-05
0.321316 7e-05
0.32169 7e-05
0.322063 7e-05
0.322437 7e-05
0.32281 7e-05
0.323184 7e-05
0.323558 7e-05
0.323931 7e-05
0.324305 7e-05
0.324679 7e-05
0.325052 7e-05
0.325426 7e-05
0.325799 7e-05
0.326173 7e-05
0.326547 7e-05
0.32692 7e-05
0.327294 7e-05
0.327668 7e-05
0.328041 7e-05
0.328415 7e-05
0.328788 7e-05
0.329162 7e-05
0.329536 7e-05
0.329909 7e-05
0.330283 7e-05
0.330657 7e-05
0.33103 7e-05
0.331404 7e-05
0.331777 7e-05
0.332151 7e-05
0.332525 7e-05
0.332898 7e-05
0.333272 7e-05
0.333646 7e-05
0.334019 7e-05
0.334393 7e-05
0.334766 7.125e-05
0.33514 6.875e-05
0.335514 6.875e-05
0.335887 6.875e-05
0.336261 6.875e-05
0.336635 6.875e-05
0.337008 6.875e-05
0.337382 6.875e-05
0.337755 6.875e-05
0.338129 6.875e-05
0.338503 6.875e-05
0.338876 6.875e-05
0.33925 6.875e-05
0.339623 6.875e-05
0.339997 7e-05
0.340371 7e-05
0.340744 7e-05
0.341118 7e-05
0.341492 7e-05
0.341865 7e-05
0.342239 7e-05
0.342612 7e-05
0.342986 7e-05
0.34336 7e-05
0.343733 7e-05
0.344107 7e-05
0.344481 7e-05
0.344854 7e-05
0.345228 7e-05
0.345601 7e-05
0.345975 7e-05
0.346349 7e-05
0.346722 7e-05
0.347096 7e-05
0.34747 7e-05
0.347843 7e-05
0.348217 7e-05
0.34859 7e-05
0.348964 7e-05
0.349338 7e-05
0.349711 7e-05
0.350085 7e-05
0.350459 7e-05
0.350832 7e-05
0.351206 7e-05
0.351579 7e-05
0.351953 7e-05
0.352327 7e-05
0.3527 7e-05
0.353074 7e-05
0.353448 7e-05
0.353821 7e-05
0.354195 7e-05
0.354568 7e-05
0.354942 7e-05
0.355316 7e-05
0.355689 6.75e-05
0.356063 6.75e-05
0.356437 6.75e-05
0.35681 6.75e-05
0.357184 6.75e-05
0.357557 6.75e-05
0.357931 6.875e-05
0.358305 6.875e-05
0.358678 6.875e-05
0.359052 6.875e-05
0.359426 6.875e-05
0.359799 6.875e-05
0.360173 6.875e-05
0.360546 6.875e-05
0.36092 6.75e-05
0.361294 6.75e-05
0.361667 6.75e-05
0.362041 6.75e-05
0.362415 6.75e-05
0.362788 6.75e-05
0.363162 6.75e-05
0.363535 6.75e-05
0.363909 6.75e-05
0.364283 6.75e-05
0.364656 6.75e-05
0.36503 6.75e-05
0.365403 6.75e-05
0.365777 6.75e-05
0.366151 6.75e-05
0.366524 6.75e-05
0.366898 6.75e-05
0.367272 6.75e-05
0.367645 6.75e-05
0.368019 6.75e-05
0.368392 6.5e-05
0.368766 6.5e-05
0.36914 6.625e-05
0.369513 6.5e-05
0.369887 6.5e-05
0.370261 6.5e-05
0.370634 6.5e-05
0.371008 6.5e-05
0.371381 6.5e-05
0.371755 6.5e-05
0.372129 6.5e-05
0.372502 6.5e-05
0.372876 6.5e-05
0.37325 6.5e-05
0.373623 6.5e-05
0.373997 6.5e-05
0.37437 6.625e-05
0.374744 6.625e-05
0.375118 6.625e-05
0.375491 6.625e-05
0.375865 6.625e-05
0.376239 6.625e-05
0.376612 6.625e-05
0.376986 6.625e-05
0.377359 6.625e-05
0.377733 6.625e-05
0.378107 6.625e-05
0.37848 6.625e-05
0.378854 6.625e-05
0.379228 6.625e-05
0.379601 6.625e-05
0.379975 6.625e-05
0.380348 6.625e-05
0.380722 6.625e-05
0.381096 6.625e-05
0.381469 6.875e-05
0.381843 6.875e-05
0.382217 6.875e-05
0.38259 6.875e-05
0.382964 6.875e-05
0.383337 6.875e-05
0.383711 6.875e-05
0.384085 6.875e-05
0.384458 6.875e-05
0.384832 6.875e-05
0.385206 6.875e-05
0.385579 6.875e-05
0.385953 6.875e-05
0.386326 6.875e-05
0.3867 6.875e-05
0.387074 6.875e-05
0.387447 6.875e-05
0.387821 6.875e-05
0.388195 6.875e-05
0.388568 6.875e-05
0.388942 6.875e-05
0.389315 6.875e-05
0.389689 6.875e-05
0.390063 6.875e-05
0.390436 6.75e-05
0.39081 6.5e-05
0.391183 6.5e-05
0.391557 6.5e-05
0.391931 6.5e-05
0.392304 6.5e-05
0.392678 6.5e-05
0.393052 6.5e-05
0.393425 6.5e-05
0.393799 6.5e-05
0.394172 6.5e-05
0.394546 6.5e-05
0.39492 6.5e-05
0.395293 6.5e-05
0.395667 6.5e-05
0.396041 6.5e-05
0.396414 6.5e-05
0.396788 6.5e-05
0.397161 6.5e-05
0.397535 6.5e-05
0.397909 6.5e-05
0.398282 6.5e-05
0.398656 6.5e-05
0.39903 6.5e-05
0.399403 6.5e-05
0.399777 6.5e-05
0.40015 6.5e-05
0.400524 6.5e-05
0.400898 6.5e-05
0.401271 6.5e-05
0.401645 6.5e-05
0.402019 6.5e-05
0.402392 6.5e-05
0.402766 6.5e-05
0.403139 6.25e-05
0.403513 6.25e-05
0.403887 6.25e-05
0.40426 6.25e-05
0.404634 6.25e-05
0.405008 6.25e-05
0.405381 6.25e-05
0.405755 6.25e-05
0.406128 6.25e-05
0.406502 6.375e-05
0.406876 6.375e-05
0.407249 6.375e-05
0.407623 6.375e-05
0.407997 6.375e-05
0.40837 6.375e-05
0.408744 6.375e-05
0.409117 6.375e-05
0.409491 6.375e-05
0.409865 6.375e-05
0.410238 6.375e-05
0.410612 6.375e-05
0.410986 6.375e-05
0.411359 6.375e-05
0.411733 6.375e-05
0.412106 6.375e-05
0.41248 6.375e-05
0.412854 6.375e-05
0.413227 6.375e-05
0.413601 6.5e-05
0.413975 6.5e-05
0.414348 6.5e-05
0.414722 6.5e-05
0.415095 6.5e-05
0.415469 6.375e-05
0.415843 6.5e-05
0.416216 6.5e-05
0.41659 6.5e-05
0.416963 6.5e-05
0.417337 6.5e-05
0.417711 6.5e-05
0.418084 6.5e-05
0.418458 6.5e-05
0.418832 6.5e-05
0.419205 6.5e-05
0.419579 6.5e-05
0.419952 6.25e-05
0.420326 6.375e-05
0.4207 6.375e-05
0.421073 6.375e-05
0.421447 6.375e-05
0.421821 6.375e-05
0.422194 6.375e-05
0.422568 6.375e-05
0.422941 6.375e-05
0.423315 6.375e-05
0.423689 6.375e-05
0.424062 6.375e-05
0.424436 6.25e-05
0.42481 6.25e-05
0.425183 6.25e-05
0.425557 6.25e-05
0.42593 6.25e-05
0.426304 6.25e-05
0.426678 6.25e-05
0.427051 6.25e-05
0.427425 6.25e-05
0.427799 6.25e-05
0.428172 6.25e-05
0.428546 6.25e-05
0.428919 6.25e-05
0.429293 6.25e-05
0.429667 6.25e-05
0.43004 6.25e-05
0.430414 6.25e-05
0.430788 6.25e-05
0.431161 6.25e-05
0.431535 6.25e-05
0.431908 6.25e-05
0.432282 6.25e-05
0.432656 6.375e-05
0.433029 6.375e-05
0.433403 6.375e-05
0.433777 6.375e-05
0.43415 6.375e-05
0.434524 6.375e-05
0.434897 6.375e-05
0.435271 6.375e-05
0.435645 6.375e-05
0.436018 6.375e-05
0.436392 6.375e-05
0.436766 6.375e-05
0.437139 6.375e-05
0.437513 6.375e-05
0.437886 6.375e-05
0.43826 6.375e-05
0.438634 6.125e-05
0.439007 6.25e-05
0.439381 6.25e-05
0.439755 6.25e-05
0.440128 6.25e-05
0.440502 6.25e-05
0.440875 6.25e-05
0.441249 6.25e-05
0.441623 6.25e-05
0.441996 6.25e-05
0.44237 6.25e-05
0.442743 6.25e-05
0.443117 6.25e-05
0.443491 6.25e-05
0.443864 6.25e-05
0.444238 6.25e-05
0.444612 6.25e-05
0.444985 6.25e-05
0.445359 6.25e-05
0.445732 6.25e-05
0.446106 6.25e-05
0.44648 6.25e-05
0.446853 6.25e-05
0.447227 6.25e-05
0.447601 6.25e-05
0.447974 6.25e-05
0.448348 6.25e-05
0.448721 6.25e-05
0.449095 6.25e-05
0.449469 6.25e-05
0.449842 6.25e-05
0.450216 6.25e-05
0.45059 6.25e-05
0.450963 6.25e-05
0.451337 6.125e-05
0.45171 6.125e-05
0.452084 6.125e-05
0.452458 6.125e-05
0.452831 6.125e-05
0.453205 6.125e-05
0.453579 6.125e-05
0.453952 6.25e-05
0.454326 6.25e-05
0.454699 6.25e-05
0.455073 6.25e-05
0.455447 6.25e-05
0.45582 6.25e-05
0.456194 6.25e-05
0.456568 6.25e-05
0.456941 6.25e-05
0.457315 6.25e-05
0.457688 6.25e-05
0.458062 6.25e-05
0.458436 6.25e-05
0.458809 6.25e-05
0.459183 6.25e-05
0.459557 6.25e-05
0.45993 6.25e-05
0.460304 6.25e-05
0.460677 6.25e-05
0.461051 6.25e-05
0.461425 6.25e-05
0.461798 6.25e-05
0.462172 6.25e-05
0.462546 6.25e-05
0.462919 6.25e-05
0.463293 6.25e-05
0.463666 6.25e-05
0.46404 6.25e-05
0.464414 6.25e-05
0.464787 6.25e-05
0.465161 6.25e-05
0.465535 6.25e-05
0.465908 6.25e-05
0.466282 6.25e-05
0.466655 6.25e-05
0.467029 6.25e-05
0.467403 6.25e-05
0.467776 6.25e-05
0.46815 6.25e-05
0.468523 6.25e-05
0.468897 6.25e-05
0.469271 6.25e-05
0.469644 6.25e-05
0.470018 6.25e-05
0.470392 6.25e-05
0.470765 6.25e-05
0.471139 6.25e-05
0.471512 6.25e-05
0.471886 6.25e-05
0.47226 6.25e-05
0.472633 6.25e-05
0.473007 6.25e-05
0.473381 6.25e-05
0.473754 6.25e-05
0.474128 6.25e-05
0.474501 6.25e-05
0.474875 6.25e-05
0.475249 6.25e-05
0.475622 6.25e-05
0.475996 6.25e-05
0.47637 6.25e-05
0.476743 6.25e-05
0.477117 6.25e-05
0.47749 6.25e-05
0.477864 6.25e-05
0.478238 6.25e-05
0.478611 6.25e-05
0.478985 6.25e-05
0.479359 6.25e-05
0.479732 6.25e-05
0.480106 6.25e-05
0.480479 6.25e-05
0.480853 6.25e-05
0.481227 6.25e-05
0.4816 6.25e-05
0.481974 6.125e-05
0.482348 6.125e-05
0.482721 6.125e-05
0.483095 6.125e-05
0.483468 6.125e-05
0.483842 6.125e-05
0.484216 6.125e-05
0.484589 6.125e-05
0.484963 6.125e-05
0.485337 6.125e-05
0.48571 6.125e-05
0.486084 6.125e-05
0.486457 6e-05
0.486831 6.25e-05
0.487205 6.25e-05
0.487578 6.25e-05
0.487952 6.25e-05
0.488326 6.25e-05
0.488699 6.25e-05
0.489073 6.25e-05
0.489446 6.25e-05
0.48982 6.25e-05
0.490194 6.375e-05
0.490567 6.375e-05
0.490941 6.375e-05
0.491315 6.375e-05
0.491688 6.25e-05
0.492062 6.25e-05
0.492435 6.25e-05
0.492809 6.25e-05
0.493183 6.25e-05
0.493556 6.25e-05
0.49393 6.25e-05
0.494303 6.25e-05
0.494677 6.125e-05
0.495051 6.125e-05
0.495424 6.125e-05
0.495798 6.125e-05
0.496172 6.125e-05
0.496545 6.125e-05
0.496919 6.125e-05
0.497292 6.125e-05
0.497666 6.125e-05
0.49804 6.125e-05
0.498413 6.125e-05
0.498787 6.125e-05
0.499161 6.125e-05
0.499534 6.125e-05
0.499908 6.125e-05
0.500281 6.125e-05
0.500655 6.125e-05
0.501029 6.125e-05
0.501402 6.125e-05
0.501776 6.125e-05
0.50215 6.125e-05
0.502523 6.125e-05
0.502897 6.125e-05
0.50327 6.125e-05
0.503644 6.125e-05
0.504018 6.125e-05
0.504391 6.125e-05
0.504765 6.125e-05
0.505139 6.125e-05
0.505512 6.125e-05
0.505886 6.125e-05
0.506259 6.125e-05
0.506633 6.125e-05
0.507007 6.125e-05
0.50738 6.125e-05
0.507754 6.125e-05
0.508128 6.125e-05
0.508501 6.125e-05
0.508875 6.125e-05
0.509248 6.125e-05
0.509622 6.125e-05
0.509996 6.125e-05
0.510369 6.125e-05
0.510743 6.125e-05
0.511117 6.125e-05
0.51149 6.125e-05
0.511864 6.125e-05
0.512237 6.125e-05
0.512611 6.125e-05
0.512985 6.125e-05
0.513358 6.125e-05
0.513732 6.125e-05
0.514106 6.125e-05
0.514479 5.875e-05
0.514853 5.875e-05
0.515226 5.875e-05
0.5156 5.875e-05
0.515974 5.875e-05
0.516347 5.875e-05
0.516721 5.875e-05
0.517095 5.875e-05
0.517468 5.875e-05
0.517842 5.875e-05
0.518215 5.875e-05
0.518589 5.875e-05
0.518963 5.875e-05
0.519336 5.875e-05
0.51971 5.875e-05
0.520083 5.875e-05
0.520457 5.875e-05
0.520831 5.875e-05
0.521204 5.875e-05
0.521578 5.875e-05
0.521952 5.75e-05
0.522325 5.75e-05
0.522699 5.75e-05
0.523072 5.5e-05
0.523446 5.5e-05
0.52382 5.5e-05
0.524193 5.5e-05
0.524567 5.5e-05
0.524941 5.5e-05
0.525314 5.5e-05
0.525688 5.5e-05
0.526061 5.5e-05
0.526435 5.5e-05
0.526809 5.5e-05
0.527182 5.5e-05
0.527556 5.375e-05
0.52793 5.375e-05
0.528303 5.375e-05
0.528677 5.375e-05
0.52905 5.375e-05
0.529424 5.375e-05
0.529798 5.375e-05
0.530171 5.375e-05
0.530545 5.375e-05
0.530919 5.375e-05
0.531292 5.375e-05
0.531666 5.375e-05
0.532039 5.375e-05
0.532413 5.375e-05
0.532787 5.375e-05
0.53316 5.375e-05
0.533534 5.375e-05
0.533908 5.375e-05
0.534281 5.375e-05
0.534655 5.375e-05
0.535028 5.375e-05
0.535402 5.375e-05
0.535776 5.375e-05
0.536149 5.375e-05
0.536523 5.375e-05
0.536897 5.375e-05
0.53727 5.375e-05
0.537644 5.375e-05
0.538017 5.375e-05
0.538391 5.375e-05
0.538765 5.375e-05
0.539138 5.375e-05
0.539512 5.375e-05
0.539886 5.375e-05
0.540259 5.375e-05
0.540633 5.375e-05
0.541006 5.375e-05
0.54138 5.375e-05
0.541754 5.375e-05
0.542127 5.375e-05
0.542501 5.375e-05
0.542875 5.375e-05
0.543248 5.375e-05
0.543622 5.375e-05
0.543995 5.375e-05
0.544369 5.375e-05
0.544743 5.375e-05
0.545116 5.375e-05
0.54549 5.375e-05
0.545863 5.375e-05
0.546237 5.375e-05
0.546611 5.375e-05
0.546984 5.375e-05
0.547358 5.375e-05
0.547732 5.375e-05
0.548105 5.375e-05
0.548479 5.375e-05
0.548852 5.375e-05
0.549226 5.375e-05
0.5496 5.375e-05
0.549973 5.375e-05
0.550347 5.375e-05
0.550721 5.375e-05
0.551094 5.375e-05
0.551468 5.375e-05
0.551841 5.375e-05
0.552215 5.375e-05
0.552589 5.375e-05
0.552962 5.375e-05
0.553336 5.375e-05
0.55371 5.375e-05
0.554083 5.375e-05
0.554457 5.375e-05
0.55483 5.375e-05
0.555204 5.375e-05
0.555578 5.375e-05
0.555951 5.375e-05
0.556325 5.375e-05
0.556699 5.375e-05
0.557072 5.375e-05
0.557446 5.375e-05
0.557819 5.375e-05
0.558193 5.375e-05
0.558567 5.375e-05
0.55894 5.375e-05
0.559314 5.375e-05
0.559688 5.375e-05
0.560061 5.375e-05
0.560435 5.375e-05
0.560808 5.375e-05
0.561182 5.375e-05
0.561556 5.375e-05
0.561929 5.375e-05
0.562303 5.375e-05
0.562677 5.375e-05
0.56305 5.375e-05
0.563424 5.375e-05
0.563797 5.375e-05
0.564171 5.375e-05
0.564545 5.375e-05
0.564918 5.375e-05
0.565292 5.375e-05
0.565666 5.375e-05
0.566039 5.375e-05
0.566413 5.375e-05
0.566786 5.375e-05
0.56716 5.375e-05
0.567534 5.375e-05
0.567907 5.375e-05
0.568281 5.375e-05
0.568655 5.375e-05
0.569028 5.375e-05
0.569402 5.375e-05
0.569775 5.375e-05
0.570149 5.375e-05
0.570523 5.375e-05
0.570896 5.375e-05
0.57127 5.375e-05
0.571643 5.375e-05
0.572017 5.375e-05
0.572391 5.375e-05
0.572764 5.375e-05
0.573138 5.375e-05
0.573512 5.375e-05
0.573885 5.375e-05
0.574259 5.375e-05
0.574632 5.375e-05
0.575006 5.375e-05
0.57538 5.375e-05
0.575753 5.375e-05
0.576127 5.375e-05
0.576501 5.375e-05
0.576874 5.375e-05
0.577248 5.375e-05
0.577621 5.375e-05
0.577995 5.375e-05
0.578369 5.375e-05
0.578742 5.375e-05
0.579116 5.375e-05
0.57949 5.375e-05
0.579863 5.375e-05
0.580237 5.375e-05
0.58061 5.375e-05
0.580984 5.375e-05
0.581358 5.375e-05
0.581731 5.375e-05
0.582105 5.375e-05
0.582479 5.375e-05
0.582852 5.375e-05
0.583226 5.375e-05
0.583599 5.375e-05
0.583973 5.375e-05
0.584347 5.25e-05
0.58472 5.25e-05
0.585094 5.125e-05
0.585468 5.125e-05
0.585841 5.125e-05
0.586215 5.125e-05
0.586588 5.125e-05
0.586962 5.125e-05
0.587336 5.125e-05
0.587709 5.125e-05
0.588083 5.125e-05
0.588457 5.125e-05
0.58883 5.125e-05
0.589204 5.125e-05
0.589577 5.125e-05
0.589951 5.125e-05
0.590325 5.125e-05
0.590698 5.125e-05
0.591072 5.125e-05
0.591446 5.125e-05
0.591819 5.125e-05
0.592193 5.125e-05
0.592566 5.125e-05
0.59294 5.125e-05
0.593314 5.125e-05
0.593687 5.125e-05
0.594061 5.125e-05
0.594435 5.125e-05
0.594808 5.125e-05
0.595182 5.125e-05
0.595555 5.125e-05
0.595929 5.125e-05
0.596303 5.125e-05
0.596676 5.125e-05
0.59705 5.125e-05
0.597423 5.125e-05
0.597797 5e-05
0.598171 5e-05
0.598544 5e-05
0.598918 5e-05
0.599292 5e-05
0.599665 5e-05
0.600039 5e-05
0.600412 5e-05
0.600786 5e-05
0.60116 5e-05
0.601533 5e-05
0.601907 5e-05
0.602281 5e-05
0.602654 5e-05
0.603028 5e-05
0.603401 5e-05
0.603775 5e-05
0.604149 5e-05
0.604522 5e-05
0.604896 5e-05
0.60527 5e-05
0.605643 5e-05
0.606017 5e-05
0.60639 5e-05
0.606764 5e-05
0.607138 5e-05
0.607511 5e-05
0.607885 5e-05
0.608259 5e-05
0.608632 5e-05
0.609006 5e-05
0.609379 5e-05
0.609753 5e-05
0.610127 5e-05
0.6105 5e-05
0.610874 5e-05
0.611248 5e-05
0.611621 5e-05
0.611995 5e-05
0.612368 5e-05
0.612742 5e-05
0.613116 5e-05
0.613489 5e-05
0.613863 5e-05
0.614237 5e-05
0.61461 5e-05
0.614984 5e-05
0.615357 5e-05
0.615731 5e-05
0.616105 5e-05
0.616478 5e-05
0.616852 5e-05
0.617226 5e-05
0.617599 5e-05
0.617973 5e-05
0.618346 5e-05
0.61872 5e-05
0.619094 5e-05
0.619467 5e-05
0.619841 5e-05
0.620215 5e-05
0.620588 5e-05
0.620962 5e-05
0.621335 5e-05
0.621709 5e-05
0.622083 5e-05
0.622456 5e-05
0.62283 5e-05
0.623203 5e-05
0.623577 5e-05
0.623951 5e-05
0.624324 5e-05
0.624698 5e-05
0.625072 5e-05
0.625445 5e-05
0.625819 5e-05
0.626192 5e-05
0.626566 5e-05
0.62694 5e-05
0.627313 5.125e-05
0.627687 5.125e-05
0.628061 5.125e-05
0.628434 5.125e-05
0.628808 5.125e-05
0.629181 5.125e-05
0.629555 5.125e-05
0.629929 5.125e-05
0.630302 5.125e-05
0.630676 5.125e-05
0.63105 5.125e-05
0.631423 5.125e-05
0.631797 5.125e-05
0.63217 5.125e-05
0.632544 5.125e-05
0.632918 5.125e-05
0.633291 5.125e-05
0.633665 5.125e-05
0.634039 5.125e-05
0.634412 5.125e-05
0.634786 5.125e-05
0.635159 5.125e-05
0.635533 5.125e-05
0.635907 5.125e-05
0.63628 5.125e-05
0.636654 5.125e-05
0.637028 5.125e-05
0.637401 5.125e-05
0.637775 5.125e-05
0.638148 5.125e-05
0.638522 5.125e-05
0.638896 5.125e-05
0.639269 5.125e-05
0.639643 5.125e-05
0.640017 5.125e-05
0.64039 5.125e-05
0.640764 5.125e-05
0.641137 5.125e-05
0.641511 5.125e-05
0.641885 5.125e-05
0.642258 5.125e-05
0.642632 5.125e-05
0.643006 5.125e-05
0.643379 5.125e-05
0.643753 5.125e-05
0.644126 5.125e-05
0.6445 5.125e-05
0.644874 5.125e-05
0.645247 5.125e-05
0.645621 5.125e-05
0.645995 5.125e-05
0.646368 5.125e-05
0.646742 5.125e-05
0.647115 5.125e-05
0.647489 5.25e-05
0.647863 5.25e-05
0.648236 5.25e-05
0.64861 5.125e-05
0.648983 5.125e-05
0.649357 5.125e-05
0.649731 5.125e-05
0.650104 5.125e-05
0.650478 5.125e-05
0.650852 5.125e-05
0.651225 5.125e-05
0.651599 5.125e-05
0.651972 5.125e-05
0.652346 5.125e-05
0.65272 5.125e-05
0.653093 5.125e-05
0.653467 5.125e-05
0.653841 5.125e-05
0.654214 5.125e-05
0.654588 5.125e-05
0.654961 5.125e-05
0.655335 5.125e-05
0.655709 5.125e-05
0.656082 5.125e-05
0.656456 5.125e-05
0.65683 5.125e-05
0.657203 5.125e-05
0.657577 5.125e-05
0.65795 5.125e-05
0.658324 5.125e-05
0.658698 5.125e-05
0.659071 5.125e-05
0.659445 5.125e-05
0.659819 5.125e-05
0.660192 5.125e-05
0.660566 5.125e-05
0.660939 5.125e-05
0.661313 5.125e-05
0.661687 5.125e-05
0.66206 5.125e-05
0.662434 4.875e-05
0.662808 4.875e-05
0.663181 4.875e-05
0.663555 4.875e-05
0.663928 4.875e-05
0.664302 4.875e-05
0.664676 4.875e-05
0.665049 4.875e-05
0.665423 4.875e-05
0.665797 4.875e-05
0.66617 4.875e-05
0.666544 4.875e-05
0.666917 4.875e-05
0.667291 4.875e-05
0.667665 4.875e-05
0.668038 4.875e-05
0.668412 4.875e-05
0.668786 4.875e-05
0.669159 4.875e-05
0.669533 4.875e-05
0.669906 4.875e-05
0.67028 4.875e-05
0.670654 4.875e-05
0.671027 4.875e-05
0.671401 4.875e-05
0.671775 4.875e-05
0.672148 4.875e-05
0.672522 4.75e-05
0.672895 4.75e-05
0.673269 4.75e-05
0.673643 4.75e-05
0.674016 4.75e-05
0.67439 4.75e-05
0.674763 4.75e-05
0.675137 4.75e-05
0.675511 4.75e-05
0.675884 4.75e-05
0.676258 4.75e-05
0.676632 4.875e-05
0.677005 4.875e-05
0.677379 4.875e-05
0.677752 4.875e-05
0.678126 4.875e-05
0.6785 4.875e-05
0.678873 4.875e-05
0.679247 4.875e-05
0.679621 4.875e-05
0.679994 4.875e-05
0.680368 4.875e-05
0.680741 4.875e-05
0.681115 4.875e-05
0.681489 4.875e-05
0.681862 4.625e-05
0.682236 4.625e-05
0.68261 4.625e-05
0.682983 4.625e-05
0.683357 4.625e-05
0.68373 4.625e-05
0.684104 4.625e-05
0.684478 4.625e-05
0.684851 4.625e-05
0.685225 4.625e-05
0.685599 4.625e-05
0.685972 4.625e-05
0.686346 4.625e-05
0.686719 4.625e-05
0.687093 4.625e-05
0.687467 4.625e-05
0.68784 4.625e-05
0.688214 4.625e-05
0.688588 4.625e-05
0.688961 4.625e-05
0.689335 4.625e-05
0.689708 4.625e-05
0.690082 4.625e-05
0.690456 4.625e-05
0.690829 4.625e-05
0.691203 4.625e-05
0.691577 4.625e-05
0.69195 4.625e-05
0.692324 4.5e-05
0.692697 4.5e-05
0.693071 4.5e-05
0.693445 4.5e-05
0.693818 4.5e-05
0.694192 4.5e-05
0.694566 4.5e-05
0.694939 4.5e-05
0.695313 4.5e-05
0.695686 4.5e-05
0.69606 4.5e-05
0.696434 4.5e-05
0.696807 4.5e-05
0.697181 4.5e-05
0.697555 4.5e-05
0.697928 4.5e-05
0.698302 4.5e-05
0.698675 4.5e-05
0.699049 4.5e-05
0.699423 4.5e-05
0.699796 4.5e-05
0.70017 4.5e-05
0.700543 4.5e-05
0.700917 4.5e-05
0.701291 4.5e-05
0.701664 4.5e-05
0.702038 4.5e-05
0.702412 4.5e-05
0.702785 4.5e-05
0.703159 4.5e-05
0.703532 4.5e-05
0.703906 4.5e-05
0.70428 4.5e-05
0.704653 4.5e-05
0.705027 4.5e-05
0.705401 4.5e-05
0.705774 4.5e-05
0.706148 4.5e-05
0.706521 4.5e-05
0.706895 4.5e-05
0.707269 4.5e-05
0.707642 4.5e-05
0.708016 4.5e-05
0.70839 4.5e-05
0.708763 4.5e-05
0.709137 4.5e-05
0.70951 4.5e-05
0.709884 4.5e-05
0.710258 4.5e-05
0.710631 4.5e-05
0.711005 4.5e-05
0.711379 4.5e-05
0.711752 4.5e-05
0.712126 4.5e-05
0.712499 4.5e-05
0.712873 4.5e-05
0.713247 4.5e-05
0.71362 4.5e-05
0.713994 4.5e-05
0.714368 4.5e-05
0.714741 4.5e-05
0.715115 4.5e-05
0.715488 4.5e-05
0.715862 4.5e-05
0.716236 4.5e-05
0.716609 4.5e-05
0.716983 4.5e-05
0.717357 4.5e-05
0.71773 4.5e-05
0.718104 4.5e-05
0.718477 4.5e-05
0.718851 4.5e-05
0.719225 4.5e-05
0.719598 4.5e-05
0.719972 4.5e-05
0.720346 4.5e-05
0.720719 4.5e-05
0.721093 4.5e-05
0.721466 4.5e-05
0.72184 4.5e-05
0.722214 4.5e-05
0.722587 4.5e-05
0.722961 4.5e-05
0.723335 4.5e-05
0.723708 4.5e-05
0.724082 4.5e-05
0.724455 4.5e-05
0.724829 4.5e-05
0.725203 4.5e-05
0.725576 4.5e-05
0.72595 4.5e-05
0.726323 4.5e-05
0.726697 4.5e-05
0.727071 4.5e-05
0.727444 4.5e-05
0.727818 4.5e-05
0.728192 4.5e-05
0.728565 4.5e-05
0.728939 4.5e-05
0.729312 4.5e-05
0.729686 4.5e-05
0.73006 4.5e-05
0.730433 4.5e-05
0.730807 4.5e-05
0.731181 4.5e-05
0.731554 4.5e-05
0.731928 4.5e-05
0.732301 4.5e-05
0.732675 4.5e-05
0.733049 4.375e-05
0.733422 4.375e-05
0.733796 4.375e-05
0.73417 4.375e-05
0.734543 4.375e-05
0.734917 4.375e-05
0.73529 4.375e-05
0.735664 4.375e-05
0.736038 4.375e-05
0.736411 4.375e-05
0.736785 4.375e-05
0.737159 4.375e-05
0.737532 4.375e-05
0.737906 4.375e-05
0.738279 4.375e-05
0.738653 4.375e-05
0.739027 4.375e-05
0.7394 4.375e-05
0.739774 4.375e-05
0.740148 4.375e-05
0.740521 4.375e-05
0.740895 4.375e-05
0.741268 4.375e-05
0.741642 4.25e-05
0.742016 4.25e-05
0.742389 4.25e-05
0.742763 4.25e-05
0.743137 4.25e-05
0.74351 4.25e-05
0.743884 4.25e-05
0.744257 4.25e-05
0.744631 4.25e-05
0.745005 4.25e-05
0.745378 4.25e-05
0.745752 4.25e-05
0.746126 4.25e-05
0.746499 4.25e-05
0.746873 4.25e-05
0.747246 4.25e-05
0.74762 4.25e-05
0.747994 4.25e-05
0.748367 4.25e-05
0.748741 4.25e-05
0.749115 4.25e-05
0.749488 4.25e-05
0.749862 4.25e-05
0.750235 4.25e-05
0.750609 4.25e-05
0.750983 4.25e-05
0.751356 4.25e-05
0.75173 4.25e-05
0.752103 4.25e-05
0.752477 4.25e-05
0.752851 4.25e-05
0.753224 4.25e-05
0.753598 4.25e-05
0.753972 4.25e-05
0.754345 4.25e-05
0.754719 4.25e-05
0.755092 4.25e-05
0.755466 4.25e-05
0.75584 4.25e-05
0.756213 4.25e-05
0.756587 4.25e-05
0.756961 4.25e-05
0.757334 4.125e-05
0.757708 4.125e-05
0.758081 4.125e-05
0.758455 4.125e-05
0.758829 4.125e-05
0.759202 4.125e-05
0.759576 4.125e-05
0.75995 4.125e-05
0.760323 4.125e-05
0.760697 4.125e-05
0.76107 4.125e-05
0.761444 4.125e-05
0.761818 4.125e-05
0.762191 4.125e-05
0.762565 4.125e-05
0.762939 4.125e-05
0.763312 4.125e-05
0.763686 4.125e-05
0.764059 4.125e-05
0.764433 4.125e-05
0.764807 4.125e-05
0.76518 4.125e-05
0.765554 4.125e-05
0.765928 4.125e-05
0.766301 4.125e-05
0.766675 4.125e-05
0.767048 4.125e-05
0.767422 4.125e-05
0.767796 4.125e-05
0.768169 4.125e-05
0.768543 4.125e-05
0.768917 4.125e-05
0.76929 4.125e-05
0.769664 4.125e-05
0.770037 4.125e-05
0.770411 4.125e-05
0.770785 4.125e-05
0.771158 4.125e-05
0.771532 4.125e-05
0.771906 4.125e-05
0.772279 4.125e-05
0.772653 4.125e-05
0.773026 4.125e-05
0.7734 4.125e-05
0.773774 4.125e-05
0.774147 4.125e-05
0.774521 4.125e-05
0.774895 4.125e-05
0.775268 4.125e-05
0.775642 4.125e-05
0.776015 4.125e-05
0.776389 4.125e-05
0.776763 4.125e-05
0.777136 4.125e-05
0.77751 4.125e-05
0.777883 4.125e-05
0.778257 4.125e-05
0.778631 4.125e-05
0.779004 4.125e-05
0.779378 4.125e-05
0.779752 4.125e-05
0.780125 4.125e-05
0.780499 4.125e-05
0.780872 4.125e-05
0.781246 4.125e-05
0.78162 4.125e-05
0.781993 4.125e-05
0.782367 4.125e-05
0.782741 4.125e-05
0.783114 4.125e-05
0.783488 4.125e-05
0.783861 4.125e-05
0.784235 4.125e-05
0.784609 4.125e-05
0.784982 4.125e-05
0.785356 4.125e-05
0.78573 4.125e-05
0.786103 4.125e-05
0.786477 4.125e-05
0.78685 4.125e-05
0.787224 4.125e-05
0.787598 4.125e-05
0.787971 4.125e-05
0.788345 4.125e-05
0.788719 4.125e-05
0.789092 4.125e-05
0.789466 4.125e-05
0.789839 4.125e-05
0.790213 4.125e-05
0.790587 4.125e-05
0.79096 4.125e-05
0.791334 4.125e-05
0.791708 4.125e-05
0.792081 4.125e-05
0.792455 4.125e-05
0.792828 4.125e-05
0.793202 4.125e-05
0.793576 4.125e-05
0.793949 4.125e-05
0.794323 4.125e-05
0.794697 4.125e-05
0.79507 4.125e-05
0.795444 4.125e-05
0.795817 4.125e-05
0.796191 4.125e-05
0.796565 4.125e-05
0.796938 4.125e-05
0.797312 4.125e-05
0.797686 4.125e-05
0.798059 4.125e-05
0.798433 4.125e-05
0.798806 4.125e-05
0.79918 4.125e-05
0.799554 4e-05
0.799927 4e-05
0.800301 4e-05
0.800675 4e-05
0.801048 4e-05
0.801422 4e-05
0.801795 4.125e-05
0.802169 4.125e-05
0.802543 4.125e-05
0.802916 4.125e-05
0.80329 4.125e-05
0.803664 4.125e-05
0.804037 4.125e-05
0.804411 4.125e-05
0.804784 4.125e-05
0.805158 4.125e-05
0.805532 4.125e-05
0.805905 4.125e-05
0.806279 4.125e-05
0.806652 4.125e-05
0.807026 4.125e-05
0.8074 4.125e-05
0.807773 4.125e-05
0.808147 4.125e-05
0.808521 4.125e-05
0.808894 4.125e-05
0.809268 4.125e-05
0.809641 4.125e-05
0.810015 4.125e-05
0.810389 4.125e-05
0.810762 4.125e-05
0.811136 4.125e-05
0.81151 4.125e-05
0.811883 4.125e-05
0.812257 4.125e-05
0.81263 4.125e-05
0.813004 4.125e-05
0.813378 4.125e-05
0.813751 4.125e-05
0.814125 4.125e-05
0.814499 4e-05
0.814872 4e-05
0.815246 4e-05
0.815619 4e-05
0.815993 4e-05
0.816367 4e-05
0.81674 4e-05
0.817114 4e-05
0.817488 4e-05
0.817861 4e-05
0.818235 4e-05
0.818608 4e-05
0.818982 4e-05
0.819356 4e-05
0.819729 4e-05
0.820103 4e-05
0.820477 4e-05
0.82085 4e-05
0.821224 4e-05
0.821597 4e-05
0.821971 4e-05
0.822345 4e-05
0.822718 4e-05
0.823092 4e-05
0.823466 4e-05
0.823839 4e-05
0.824213 4e-05
0.824586 4e-05
0.82496 4e-05
0.825334 4e-05
0.825707 4e-05
0.826081 4e-05
0.826455 4e-05
0.826828 4e-05
0.827202 4e-05
0.827575 4e-05
0.827949 4e-05
0.828323 4e-05
0.828696 4e-05
0.82907 4e-05
0.829444 4e-05
0.829817 4e-05
0.830191 4e-05
0.830564 4e-05
0.830938 4e-05
0.831312 4e-05
0.831685 4e-05
0.832059 4e-05
0.832432 4e-05
0.832806 4e-05
0.83318 4e-05
0.833553 4e-05
0.833927 4e-05
0.834301 4e-05
0.834674 4e-05
0.835048 4e-05
0.835421 3.875e-05
0.835795 3.875e-05
0.836169 3.875e-05
0.836542 3.875e-05
0.836916 3.875e-05
0.83729 3.875e-05
0.837663 3.875e-05
0.838037 3.875e-05
0.83841 3.875e-05
0.838784 3.875e-05
0.839158 3.875e-05
0.839531 3.875e-05
0.839905 3.875e-05
0.840279 3.875e-05
0.840652 3.875e-05
0.841026 3.875e-05
0.841399 3.875e-05
0.841773 3.875e-05
0.842147 3.875e-05
0.84252 3.875e-05
0.842894 3.875e-05
0.843268 3.875e-05
0.843641 3.875e-05
0.844015 3.875e-05
0.844388 3.875e-05
0.844762 3.875e-05
0.845136 3.875e-05
0.845509 3.875e-05
0.845883 3.75e-05
0.846257 3.75e-05
0.84663 3.75e-05
0.847004 3.75e-05
0.847377 3.75e-05
0.847751 3.75e-05
0.848125 3.75e-05
0.848498 3.75e-05
0.848872 3.75e-05
0.849246 3.75e-05
0.849619 3.75e-05
0.849993 3.75e-05
0.850366 3.75e-05
0.85074 3.75e-05
0.851114 3.75e-05
0.851487 3.75e-05
0.851861 3.75e-05
0.852235 3.75e-05
0.852608 3.75e-05
0.852982 3.75e-05
0.853355 3.75e-05
0.853729 3.75e-05
0.854103 3.75e-05
0.854476 3.75e-05
0.85485 3.75e-05
0.855224 3.75e-05
0.855597 3.75e-05
0.855971 3.75e-05
0.856344 3.75e-05
0.856718 3.75e-05
0.857092 3.75e-05
0.857465 3.75e-05
0.857839 3.75e-05
0.858212 3.75e-05
0.858586 3.75e-05
0.85896 3.75e-05
0.859333 3.75e-05
0.859707 3.75e-05
0.860081 3.75e-05
0.860454 3.75e-05
0.860828 3.75e-05
0.861201 3.75e-05
0.861575 3.75e-05
0.861949 3.75e-05
0.862322 3.75e-05
0.862696 3.75e-05
0.86307 3.75e-05
0.863443 3.75e-05
0.863817 3.75e-05
0.86419 3.75e-05
0.864564 3.75e-05
0.864938 3.75e-05
0.865311 3.75e-05
0.865685 3.75e-05
0.866059 3.75e-05
0.866432 3.75e-05
0.866806 3.75e-05
0.867179 3.75e-05
0.867553 3.875e-05
0.867927 3.875e-05
0.8683 3.875e-05
0.868674 3.875e-05
0.869048 3.875e-05
0.869421 3.875e-05
0.869795 3.875e-05
0.870168 3.875e-05
0.870542 3.875e-05
0.870916 3.875e-05
0.871289 3.875e-05
0.871663 3.875e-05
0.872037 3.875e-05
0.87241 3.875e-05
0.872784 3.875e-05
0.873157 3.875e-05
0.873531 3.875e-05
0.873905 3.875e-05
0.874278 3.875e-05
0.874652 3.875e-05
0.875026 3.875e-05
0.875399 3.875e-05
0.875773 3.875e-05
0.876146 3.875e-05
0.87652 3.875e-05
0.876894 3.875e-05
0.877267 3.875e-05
0.877641 3.875e-05
0.878015 3.875e-05
0.878388 3.875e-05
0.878762 3.875e-05
0.879135 3.875e-05
0.879509 3.875e-05
0.879883 3.875e-05
0.880256 3.875e-05
0.88063 3.875e-05
0.881004 3.875e-05
0.881377 3.875e-05
0.881751 3.875e-05
0.882124 3.875e-05
0.882498 3.875e-05
0.882872 3.875e-05
0.883245 3.875e-05
0.883619 3.875e-05
0.883992 3.875e-05
0.884366 3.875e-05
0.88474 3.875e-05
0.885113 3.875e-05
0.885487 3.875e-05
0.885861 3.875e-05
0.886234 3.875e-05
0.886608 3.875e-05
0.886981 3.875e-05
0.887355 3.875e-05
0.887729 3.875e-05
0.888102 3.875e-05
0.888476 3.875e-05
0.88885 3.875e-05
0.889223 3.875e-05
0.889597 3.875e-05
0.88997 3.875e-05
0.890344 3.875e-05
0.890718 3.875e-05
0.891091 3.875e-05
0.891465 3.875e-05
0.891839 3.875e-05
0.892212 3.875e-05
0.892586 3.875e-05
0.892959 3.875e-05
0.893333 3.875e-05
0.893707 3.875e-05
0.89408 3.875e-05
0.894454 3.875e-05
0.894828 3.875e-05
0.895201 3.875e-05
0.895575 3.875e-05
0.895948 3.875e-05
0.896322 3.875e-05
0.896696 3.875e-05
0.897069 3.875e-05
0.897443 3.875e-05
0.897817 3.875e-05
0.89819 3.875e-05
0.898564 3.875e-05
0.898937 3.875e-05
0.899311 3.875e-05
0.899685 3.875e-05
0.900058 3.875e-05
0.900432 3.875e-05
0.900806 3.875e-05
0.901179 3.875e-05
0.901553 3.875e-05
0.901926 3.875e-05
0.9023 3.875e-05
0.902674 3.875e-05
0.903047 3.875e-05
0.903421 3.875e-05
0.903795 3.875e-05
0.904168 3.875e-05
0.904542 3.875e-05
0.904915 3.875e-05
0.905289 3.875e-05
0.905663 3.875e-05
0.906036 3.875e-05
0.90641 3.875e-05
0.906784 3.875e-05
0.907157 3.875e-05
0.907531 3.875e-05
0.907904 3.75e-05
0.908278 3.75e-05
0.908652 3.75e-05
0.909025 3.75e-05
0.909399 3.75e-05
0.909772 3.75e-05
0.910146 3.5e-05
0.91052 3.5e-05
0.910893 3.5e-05
0.911267 3.5e-05
0.911641 3.375e-05
0.912014 3.375e-05
0.912388 3.375e-05
0.912761 3.375e-05
0.913135 3.375e-05
0.913509 3.375e-05
0.913882 3.375e-05
0.914256 3.375e-05
0.91463 3.375e-05
0.915003 3.375e-05
0.915377 3.375e-05
0.91575 3.375e-05
0.916124 3.375e-05
0.916498 3.375e-05
0.916871 3.375e-05
0.917245 3.375e-05
0.917619 3.375e-05
0.917992 3.375e-05
0.918366 3.375e-05
0.918739 3.375e-05
0.919113 3.375e-05
0.919487 3.375e-05
0.91986 3.375e-05
0.920234 3.375e-05
0.920608 3.375e-05
0.920981 3.375e-05
0.921355 3.375e-05
0.921728 3.375e-05
0.922102 3.375e-05
0.922476 3.375e-05
0.922849 3.375e-05
0.923223 3.375e-05
0.923597 3.375e-05
0.92397 3.375e-05
0.924344 3.375e-05
0.924717 3.375e-05
0.925091 3.375e-05
0.925465 3.375e-05
0.925838 3.375e-05
0.926212 3.375e-05
0.926586 3.375e-05
0.926959 3.375e-05
0.927333 3.375e-05
0.927706 3.375e-05
0.92808 3.375e-05
0.928454 3.375e-05
0.928827 3.375e-05
0.929201 3.375e-05
0.929575 3.375e-05
0.929948 3.375e-05
0.930322 3.375e-05
0.930695 3.375e-05
0.931069 3.375e-05
0.931443 3.375e-05
0.931816 3.375e-05
0.93219 3.375e-05
0.932564 3.375e-05
0.932937 3.375e-05
0.933311 3.375e-05
0.933684 3.375e-05
0.934058 3.375e-05
0.934432 3.375e-05
0.934805 3.375e-05
0.935179 3.375e-05
0.935552 3.375e-05
0.935926 3.375e-05
0.9363 3.375e-05
0.936673 3.375e-05
0.937047 3.375e-05
0.937421 3.375e-05
0.937794 3.375e-05
0.938168 3.375e-05
0.938541 3.375e-05
0.938915 3.375e-05
0.939289 3.375e-05
0.939662 3.375e-05
0.940036 3.375e-05
0.94041 3.375e-05
0.940783 3.375e-05
0.941157 3.375e-05
0.94153 3.375e-05
0.941904 3.375e-05
0.942278 3.375e-05
0.942651 3.375e-05
0.943025 3.375e-05
0.943399 3.375e-05
0.943772 3.375e-05
0.944146 3.375e-05
0.944519 3.375e-05
0.944893 3.375e-05
0.945267 3.375e-05
0.94564 3.375e-05
0.946014 3.375e-05
0.946388 3.375e-05
0.946761 3.375e-05
0.947135 3.375e-05
0.947508 3.375e-05
0.947882 3.375e-05
0.948256 3.375e-05
0.948629 3.375e-05
0.949003 3.375e-05
0.949377 3.375e-05
0.94975 3.375e-05
0.950124 3.25e-05
0.950497 3.25e-05
0.950871 3.125e-05
0.951245 3.125e-05
0.951618 3.125e-05
0.951992 3.125e-05
0.952366 3.125e-05
0.952739 3.125e-05
0.953113 3.125e-05
0.953486 3.125e-05
0.95386 3.125e-05
0.954234 3.125e-05
0.954607 3.125e-05
0.954981 3.125e-05
0.955355 3.125e-05
0.955728 3.125e-05
0.956102 3.125e-05
0.956475 3.125e-05
0.956849 3.125e-05
0.957223 3.125e-05
0.957596 3.125e-05
0.95797 3.125e-05
0.958344 3.125e-05
0.958717 3.125e-05
0.959091 3.125e-05
0.959464 3.125e-05
0.959838 3.125e-05
0.960212 3.125e-05
0.960585 3.125e-05
0.960959 3.125e-05
0.961332 3.125e-05
0.961706 3.125e-05
0.96208 3.125e-05
0.962453 3.125e-05
0.962827 3.125e-05
0.963201 3.125e-05
0.963574 3e-05
0.963948 2.875e-05
0.964321 2.875e-05
0.964695 2.875e-05
0.965069 2.875e-05
0.965442 2.75e-05
0.965816 2.75e-05
0.96619 2.75e-05
0.966563 2.75e-05
0.966937 2.75e-05
0.96731 2.75e-05
0.967684 2.75e-05
0.968058 2.75e-05
0.968431 2.75e-05
0.968805 2.75e-05
0.969179 2.75e-05
0.969552 2.75e-05
0.969926 2.75e-05
0.970299 2.75e-05
0.970673 2.75e-05
0.971047 2.75e-05
0.97142 2.75e-05
0.971794 2.75e-05
0.972168 2.75e-05
0.972541 2.75e-05
0.972915 2.625e-05
0.973288 2.625e-05
0.973662 2.625e-05
0.974036 2.625e-05
0.974409 2.625e-05
0.974783 2.625e-05
0.975157 2.625e-05
0.97553 2.625e-05
0.975904 2.375e-05
0.976277 2.375e-05
0.976651 2.375e-05
0.977025 2.375e-05
0.977398 2.25e-05
0.977772 2.25e-05
0.978146 2.25e-05
0.978519 2.25e-05
0.978893 2.25e-05
0.979266 2.25e-05
0.97964 2e-05
0.980014 2e-05
0.980387 2e-05
0.980761 2e-05
0.981135 1.875e-05
0.981508 1.875e-05
0.981882 1.875e-05
0.982255 1.875e-05
0.982629 1.75e-05
0.983003 1.75e-05
0.983376 1.75e-05
0.98375 1.75e-05
0.984124 1.75e-05
0.984497 1.75e-05
0.984871 1.75e-05
0.985244 1.875e-05
0.985618 1.875e-05
0.985992 1.75e-05
0.986365 1.625e-05
0.986739 1.5e-05
0.987112 1.5e-05
0.987486 1.5e-05
0.98786 1.375e-05
0.988233 1.375e-05
0.988607 1.375e-05
0.988981 1.375e-05
0.989354 1.375e-05
0.989728 1.375e-05
0.990101 1.375e-05
0.990475 1.375e-05
0.990849 1.25e-05
0.991222 1.25e-05
0.991596 1.25e-05
0.99197 1.25e-05
0.992343 1.25e-05
0.992717 1.25e-05
0.99309 1.25e-05
0.993464 1.25e-05
0.993838 1.25e-05
0.994211 1.25e-05
0.994585 1.25e-05
0.994959 1.125e-05
0.995332 1.125e-05
0.995706 8.75e-06
0.996079 6.25e-06
0.996453 5e-06
0.996827 1.25e-06
0.9972 1.25e-06
0.997574 0
0.997948 0
0.998321 0
0.998695 0
0.999068 0
0.999442 0
0.999816 0
