0 4e-06
0.000203915 4e-06
0.00040783 4e-06
0.000611746 4e-06
0.000815661 4e-06
0.00101958 4e-06
0.00122349 4e-06
0.00142741 4e-06
0.00163132 4e-06
0.00183524 4e-06
0.00203915 4e-06
0.00224307 4e-06
0.00244698 4e-06
0.0026509 4e-06
0.00285481 4e-06
0.00305873 4e-06
0.00326264 4e-06
0.00346656 4e-06
0.00367047 4e-06
0.00387439 4e-06
0.0040783 6e-06
0.00428222 6e-06
0.00448613 6e-06
0.00469005 6e-06
0.00489396 6e-06
0.00509788 6e-06
0.00530179 6e-06
0.00550571 6e-06
0.00570962 6e-06
0.00591354 6e-06
0.00611746 6e-06
0.00632137 6e-06
0.00652529 6e-06
0.0067292 6e-06
0.00693312 6e-06
0.00713703 6e-06
0.00734095 6e-06
0.00754486 6e-06
0.00774878 6e-06
0.00795269 6e-06
0.00815661 6e-06
0.00836052 6e-06
0.00856444 6e-06
0.00876835 6e-06
0.00897227 6e-06
0.00917618 6e-06
0.0093801 6e-06
0.00958401 6e-06
0.00978793 6e-06
0.00999184 6e-06
0.0101958 6e-06
0.0103997 6e-06
0.0106036 6e-06
0.0108075 6e-06
0.0110114 6e-06
0.0112153 6e-06
0.0114192 6e-06
0.0116232 6e-06
0.0118271 6e-06
0.012031 6e-06
0.0122349 6e-06
0.0124388 6e-06
0.0126427 6e-06
0.0128467 6e-06
0.0130506 6e-06
0.0132545 6e-06
0.0134584 6e-06
0.0136623 6e-06
0.0138662 6e-06
0.0140701 6e-06
0.0142741 6e-06
0.014478 6e-06
0.0146819 6e-06
0.0148858 6e-06
0.0150897 6e-06
0.0152936 6e-06
0.0154976 6e-06
0.0157015 6e-06
0.0159054 6e-06
0.0161093 6e-06
0.0163132 6e-06
0.0165171 6e-06
0.016721 6e-06
0.016925 6e-06
0.0171289 6e-06
0.0173328 6e-06
0.0175367 6e-06
0.0177406 6e-06
0.0179445 6e-06
0.0181485 6e-06
0.0183524 6e-06
0.0185563 6e-06
0.0187602 6e-06
0.0189641 6e-06
0.019168 6e-06
0.0193719 6e-06
0.0195759 6e-06
0.0197798 6e-06
0.0199837 6e-06
0.0201876 6e-06
0.0203915 6e-06
0.0205954 6e-06
0.0207993 6e-06
0.0210033 6e-06
0.0212072 6e-06
0.0214111 6e-06
0.021615 6e-06
0.0218189 6e-06
0.0220228 6e-06
0.0222268 6e-06
0.0224307 6e-06
0.0226346 6e-06
0.0228385 8e-06
0.0230424 8e-06
0.0232463 8e-06
0.0234502 8e-06
0.0236542 8e-06
0.0238581 8e-06
0.024062 8e-06
0.0242659 8e-06
0.0244698 8e-06
0.0246737 8e-06
0.0248777 8e-06
0.0250816 8e-06
0.0252855 8e-06
0.0254894 8e-06
0.0256933 8e-06
0.0258972 8e-06
0.0261011 8e-06
0.0263051 8e-06
0.026509 8e-06
0.0267129 8e-06
0.0269168 8e-06
0.0271207 8e-06
0.0273246 8e-06
0.0275285 8e-06
0.0277325 8e-06
0.0279364 8e-06
0.0281403 8e-06
0.0283442 8e-06
0.0285481 8e-06
0.028752 8e-06
0.028956 8e-06
0.0291599 8e-06
0.0293638 8e-06
0.0295677 8e-06
0.0297716 8e-06
0.0299755 8e-06
0.0301794 8e-06
0.0303834 8e-06
0.0305873 8e-06
0.0307912 8e-06
0.0309951 8e-06
0.031199 8e-06
0.0314029 8e-06
0.0316069 8e-06
0.0318108 8e-06
0.0320147 8e-06
0.0322186 8e-06
0.0324225 8e-06
0.0326264 8e-06
0.0328303 8e-06
0.0330343 8e-06
0.0332382 8e-06
0.0334421 8e-06
0.033646 8e-06
0.0338499 8e-06
0.0340538 8e-06
0.0342577 8e-06
0.0344617 8e-06
0.0346656 8e-06
0.0348695 8e-06
0.0350734 8e-06
0.0352773 8e-06
0.0354812 8e-06
0.0356852 8e-06
0.0358891 8e-06
0.036093 8e-06
0.0362969 8e-06
0.0365008 8e-06
0.0367047 8e-06
0.0369086 8e-06
0.0371126 8e-06
0.0373165 8e-06
0.0375204 8e-06
0.0377243 8e-06
0.0379282 8e-06
0.0381321 8e-06
0.0383361 8e-06
0.03854 8e-06
0.0387439 8e-06
0.0389478 8e-06
0.0391517 8e-06
0.0393556 8e-06
0.0395595 8e-06
0.0397635 8e-06
0.0399674 8e-06
0.0401713 8e-06
0.0403752 8e-06
0.0405791 8e-06
0.040783 8e-06
0.0409869 8e-06
0.0411909 8e-06
0.0413948 8e-06
0.0415987 8e-06
0.0418026 8e-06
0.0420065 8e-06
0.0422104 8e-06
0.0424144 8e-06
0.0426183 8e-06
0.0428222 8e-06
0.0430261 8e-06
0.04323 8e-06
0.0434339 8e-06
0.0436378 8e-06
0.0438418 8e-06
0.0440457 8e-06
0.0442496 8e-06
0.0444535 8e-06
0.0446574 8e-06
0.0448613 8e-06
0.0450653 8e-06
0.0452692 8e-06
0.0454731 8e-06
0.045677 8e-06
0.0458809 8e-06
0.0460848 8e-06
0.0462887 8e-06
0.0464927 8e-06
0.0466966 8e-06
0.0469005 8e-06
0.0471044 8e-06
0.0473083 8e-06
0.0475122 8e-06
0.0477162 8e-06
0.0479201 8e-06
0.048124 8e-06
0.0483279 8e-06
0.0485318 8e-06
0.0487357 8e-06
0.0489396 8e-06
0.0491436 8e-06
0.0493475 8e-06
0.0495514 8e-06
0.0497553 8e-06
0.0499592 8e-06
0.0501631 8e-06
0.050367 8e-06
0.050571 8e-06
0.0507749 8e-06
0.0509788 8e-06
0.0511827 8e-06
0.0513866 8e-06
0.0515905 8e-06
0.0517945 8e-06
0.0519984 8e-06
0.0522023 8e-06
0.0524062 8e-06
0.0526101 8e-06
0.052814 8e-06
0.0530179 8e-06
0.0532219 8e-06
0.0534258 8e-06
0.0536297 8e-06
0.0538336 8e-06
0.0540375 8e-06
0.0542414 8e-06
0.0544454 8e-06
0.0546493 8e-06
0.0548532 8e-06
0.0550571 8e-06
0.055261 8e-06
0.0554649 8e-06
0.0556688 8e-06
0.0558728 8e-06
0.0560767 8e-06
0.0562806 8e-06
0.0564845 8e-06
0.0566884 8e-06
0.0568923 8e-06
0.0570962 8e-06
0.0573002 8e-06
0.0575041 8e-06
0.057708 8e-06
0.0579119 8e-06
0.0581158 8e-06
0.0583197 8e-06
0.0585237 8e-06
0.0587276 8e-06
0.0589315 8e-06
0.0591354 8e-06
0.0593393 8e-06
0.0595432 1e-05
0.0597471 1e-05
0.0599511 1e-05
0.060155 1e-05
0.0603589 1e-05
0.0605628 1e-05
0.0607667 1e-05
0.0609706 1e-05
0.0611746 1e-05
0.0613785 1e-05
0.0615824 1e-05
0.0617863 1e-05
0.0619902 1e-05
0.0621941 1e-05
0.062398 1e-05
0.062602 1e-05
0.0628059 1e-05
0.0630098 1e-05
0.0632137 1e-05
0.0634176 1e-05
0.0636215 1e-05
0.0638254 1e-05
0.0640294 1e-05
0.0642333 1e-05
0.0644372 1e-05
0.0646411 1e-05
0.064845 1e-05
0.0650489 1e-05
0.0652529 1e-05
0.0654568 1e-05
0.0656607 1e-05
0.0658646 1e-05
0.0660685 1e-05
0.0662724 1e-05
0.0664763 1e-05
0.0666803 1e-05
0.0668842 1e-05
0.0670881 1e-05
0.067292 1e-05
0.0674959 1e-05
0.0676998 1e-05
0.0679038 1e-05
0.0681077 1e-05
0.0683116 1e-05
0.0685155 1e-05
0.0687194 1e-05
0.0689233 1e-05
0.0691272 1e-05
0.0693312 1e-05
0.0695351 1e-05
0.069739 1e-05
0.0699429 1e-05
0.0701468 1e-05
0.0703507 1e-05
0.0705546 1e-05
0.0707586 1e-05
0.0709625 1e-05
0.0711664 1e-05
0.0713703 1e-05
0.0715742 1e-05
0.0717781 1e-05
0.0719821 1e-05
0.072186 1e-05
0.0723899 1e-05
0.0725938 1e-05
0.0727977 1e-05
0.0730016 1e-05
0.0732055 1e-05
0.0734095 1e-05
0.0736134 1e-05
0.0738173 1e-05
0.0740212 1e-05
0.0742251 1e-05
0.074429 1e-05
0.074633 1e-05
0.0748369 1e-05
0.0750408 1e-05
0.0752447 1e-05
0.0754486 1e-05
0.0756525 1e-05
0.0758564 1e-05
0.0760604 1e-05
0.0762643 1e-05
0.0764682 1e-05
0.0766721 1e-05
0.076876 1e-05
0.0770799 1e-05
0.0772838 1e-05
0.0774878 1e-05
0.0776917 1e-05
0.0778956 1e-05
0.0780995 1e-05
0.0783034 1e-05
0.0785073 1e-05
0.0787113 1e-05
0.0789152 1e-05
0.0791191 1e-05
0.079323 1e-05
0.0795269 1e-05
0.0797308 1e-05
0.0799347 1e-05
0.0801387 1e-05
0.0803426 1e-05
0.0805465 1e-05
0.0807504 1e-05
0.0809543 1e-05
0.0811582 1e-05
0.0813622 1e-05
0.0815661 1e-05
0.08177 1e-05
0.0819739 1e-05
0.0821778 1e-05
0.0823817 1e-05
0.0825856 1e-05
0.0827896 1e-05
0.0829935 1.2e-05
0.0831974 1.2e-05
0.0834013 1.2e-05
0.0836052 1.2e-05
0.0838091 1.2e-05
0.0840131 1.2e-05
0.084217 1.2e-05
0.0844209 1.2e-05
0.0846248 1.2e-05
0.0848287 1.2e-05
0.0850326 1.2e-05
0.0852365 1.2e-05
0.0854405 1.2e-05
0.0856444 1.2e-05
0.0858483 1.2e-05
0.0860522 1.2e-05
0.0862561 1.2e-05
0.08646 1.2e-05
0.0866639 1.2e-05
0.0868679 1.2e-05
0.0870718 1.2e-05
0.0872757 1.2e-05
0.0874796 1.2e-05
0.0876835 1.2e-05
0.0878874 1.2e-05
0.0880914 1.2e-05
0.0882953 1.2e-05
0.0884992 1.2e-05
0.0887031 1.2e-05
0.088907 1.2e-05
0.0891109 1.2e-05
0.0893148 1.2e-05
0.0895188 1.2e-05
0.0897227 1.2e-05
0.0899266 1.2e-05
0.0901305 1.2e-05
0.0903344 1.2e-05
0.0905383 1.2e-05
0.0907423 1.2e-05
0.0909462 1.2e-05
0.0911501 1.2e-05
0.091354 1.2e-05
0.0915579 1.2e-05
0.0917618 1.2e-05
0.0919657 1.2e-05
0.0921697 1.2e-05
0.0923736 1.2e-05
0.0925775 1.2e-05
0.0927814 1.2e-05
0.0929853 1.2e-05
0.0931892 1.2e-05
0.0933931 1.2e-05
0.0935971 1.2e-05
0.093801 1.2e-05
0.0940049 1.2e-05
0.0942088 1.2e-05
0.0944127 1.2e-05
0.0946166 1.2e-05
0.0948206 1.2e-05
0.0950245 1.2e-05
0.0952284 1.2e-05
0.0954323 1.2e-05
0.0956362 1.2e-05
0.0958401 1.2e-05
0.096044 1.2e-05
0.096248 1.2e-05
0.0964519 1.2e-05
0.0966558 1.2e-05
0.0968597 1.2e-05
0.0970636 1.2e-05
0.0972675 1.2e-05
0.0974715 1.2e-05
0.0976754 1.2e-05
0.0978793 1.2e-05
0.0980832 1.2e-05
0.0982871 1.2e-05
0.098491 1.2e-05
0.0986949 1.2e-05
0.0988989 1.2e-05
0.0991028 1.2e-05
0.0993067 1.2e-05
0.0995106 1.2e-05
0.0997145 1.2e-05
0.0999184 1.2e-05
0.100122 1.2e-05
0.100326 1.2e-05
0.10053 1.2e-05
0.100734 1.2e-05
0.100938 1.2e-05
0.101142 1.2e-05
0.101346 1.2e-05
0.10155 1.2e-05
0.101754 1.2e-05
0.101958 1.2e-05
0.102162 1.2e-05
0.102365 1.2e-05
0.102569 1.2e-05
0.102773 1.2e-05
0.102977 1.2e-05
0.103181 1.2e-05
0.103385 1.2e-05
0.103589 1.2e-05
0.103793 1.2e-05
0.103997 1.2e-05
0.104201 1.2e-05
0.104405 1.2e-05
0.104608 1.2e-05
0.104812 1.2e-05
0.105016 1.2e-05
0.10522 1.4e-05
0.105424 1.4e-05
0.105628 1.4e-05
0.105832 1.4e-05
0.106036 1.4e-05
0.10624 1.4e-05
0.106444 1.4e-05
0.106648 1.4e-05
0.106852 1.4e-05
0.107055 1.4e-05
0.107259 1.4e-05
0.107463 1.4e-05
0.107667 1.4e-05
0.107871 1.4e-05
0.108075 1.4e-05
0.108279 1.4e-05
0.108483 1.4e-05
0.108687 1.4e-05
0.108891 1.4e-05
0.109095 1.4e-05
0.109299 1.4e-05
0.109502 1.4e-05
0.109706 1.4e-05
0.10991 1.4e-05
0.110114 1.4e-05
0.110318 1.4e-05
0.110522 1.4e-05
0.110726 1.4e-05
0.11093 1.4e-05
0.111134 1.4e-05
0.111338 1.4e-05
0.111542 1.4e-05
0.111746 1.4e-05
0.111949 1.4e-05
0.112153 1.4e-05
0.112357 1.4e-05
0.112561 1.4e-05
0.112765 1.4e-05
0.112969 1.4e-05
0.113173 1.4e-05
0.113377 1.4e-05
0.113581 1.4e-05
0.113785 1.4e-05
0.113989 1.4e-05
0.114192 1.4e-05
0.114396 1.4e-05
0.1146 1.4e-05
0.114804 1.4e-05
0.115008 1.4e-05
0.115212 1.4e-05
0.115416 1.4e-05
0.11562 1.4e-05
0.115824 1.4e-05
0.116028 1.4e-05
0.116232 1.4e-05
0.116436 1.4e-05
0.116639 1.4e-05
0.116843 1.4e-05
0.117047 1.4e-05
0.117251 1.4e-05
0.117455 1.4e-05
0.117659 1.4e-05
0.117863 1.4e-05
0.118067 1.4e-05
0.118271 1.4e-05
0.118475 1.4e-05
0.118679 1.4e-05
0.118883 1.4e-05
0.119086 1.4e-05
0.11929 1.4e-05
0.119494 1.4e-05
0.119698 1.4e-05
0.119902 1.4e-05
0.120106 1.4e-05
0.12031 1.4e-05
0.120514 1.4e-05
0.120718 1.4e-05
0.120922 1.4e-05
0.121126 1.4e-05
0.12133 1.4e-05
0.121533 1.4e-05
0.121737 1.4e-05
0.121941 1.4e-05
0.122145 1.4e-05
0.122349 1.4e-05
0.122553 1.4e-05
0.122757 1.4e-05
0.122961 1.4e-05
0.123165 1.4e-05
0.123369 1.4e-05
0.123573 1.4e-05
0.123777 1.4e-05
0.12398 1.4e-05
0.124184 1.4e-05
0.124388 1.4e-05
0.124592 1.4e-05
0.124796 1.4e-05
0.125 1.4e-05
0.125204 1.4e-05
0.125408 1.4e-05
0.125612 1.4e-05
0.125816 1.4e-05
0.12602 1.4e-05
0.126223 1.4e-05
0.126427 1.4e-05
0.126631 1.4e-05
0.126835 1.4e-05
0.127039 1.4e-05
0.127243 1.4e-05
0.127447 1.4e-05
0.127651 1.4e-05
0.127855 1.4e-05
0.128059 1.4e-05
0.128263 1.4e-05
0.128467 1.4e-05
0.12867 1.4e-05
0.128874 1.4e-05
0.129078 1.4e-05
0.129282 1.4e-05
0.129486 1.4e-05
0.12969 1.4e-05
0.129894 1.4e-05
0.130098 1.4e-05
0.130302 1.4e-05
0.130506 1.4e-05
0.13071 1.4e-05
0.130914 1.4e-05
0.131117 1.4e-05
0.131321 1.4e-05
0.131525 1.4e-05
0.131729 1.4e-05
0.131933 1.4e-05
0.132137 1.4e-05
0.132341 1.4e-05
0.132545 1.4e-05
0.132749 1.4e-05
0.132953 1.4e-05
0.133157 1.4e-05
0.133361 1.4e-05
0.133564 1.6e-05
0.133768 1.6e-05
0.133972 1.6e-05
0.134176 1.6e-05
0.13438 1.6e-05
0.134584 1.6e-05
0.134788 1.6e-05
0.134992 1.6e-05
0.135196 1.6e-05
0.1354 1.6e-05
0.135604 1.6e-05
0.135808 1.6e-05
0.136011 1.6e-05
0.136215 1.6e-05
0.136419 1.6e-05
0.136623 1.6e-05
0.136827 1.6e-05
0.137031 1.6e-05
0.137235 1.6e-05
0.137439 1.6e-05
0.137643 1.6e-05
0.137847 1.6e-05
0.138051 1.6e-05
0.138254 1.6e-05
0.138458 1.6e-05
0.138662 1.6e-05
0.138866 1.6e-05
0.13907 1.6e-05
0.139274 1.6e-05
0.139478 1.6e-05
0.139682 1.6e-05
0.139886 1.6e-05
0.14009 1.6e-05
0.140294 1.6e-05
0.140498 1.6e-05
0.140701 1.6e-05
0.140905 1.6e-05
0.141109 1.6e-05
0.141313 1.6e-05
0.141517 1.6e-05
0.141721 1.6e-05
0.141925 1.6e-05
0.142129 1.6e-05
0.142333 1.6e-05
0.142537 1.6e-05
0.142741 1.6e-05
0.142945 1.6e-05
0.143148 1.6e-05
0.143352 1.6e-05
0.143556 1.6e-05
0.14376 1.6e-05
0.143964 1.6e-05
0.144168 1.6e-05
0.144372 1.6e-05
0.144576 1.6e-05
0.14478 1.6e-05
0.144984 1.6e-05
0.145188 1.6e-05
0.145392 1.6e-05
0.145595 1.6e-05
0.145799 1.6e-05
0.146003 1.6e-05
0.146207 1.6e-05
0.146411 1.6e-05
0.146615 1.6e-05
0.146819 1.6e-05
0.147023 1.6e-05
0.147227 1.6e-05
0.147431 1.6e-05
0.147635 1.6e-05
0.147838 1.6e-05
0.148042 1.6e-05
0.148246 1.6e-05
0.14845 1.6e-05
0.148654 1.6e-05
0.148858 1.6e-05
0.149062 1.6e-05
0.149266 1.6e-05
0.14947 1.6e-05
0.149674 1.6e-05
0.149878 1.6e-05
0.150082 1.6e-05
0.150285 1.6e-05
0.150489 1.6e-05
0.150693 1.6e-05
0.150897 1.6e-05
0.151101 1.6e-05
0.151305 1.6e-05
0.151509 1.6e-05
0.151713 1.6e-05
0.151917 1.6e-05
0.152121 1.6e-05
0.152325 1.6e-05
0.152529 1.6e-05
0.152732 1.6e-05
0.152936 1.6e-05
0.15314 1.6e-05
0.153344 1.6e-05
0.153548 1.6e-05
0.153752 1.6e-05
0.153956 1.6e-05
0.15416 1.6e-05
0.154364 1.6e-05
0.154568 1.6e-05
0.154772 1.6e-05
0.154976 1.6e-05
0.155179 1.6e-05
0.155383 1.6e-05
0.155587 1.6e-05
0.155791 1.6e-05
0.155995 1.6e-05
0.156199 1.6e-05
0.156403 1.6e-05
0.156607 1.6e-05
0.156811 1.6e-05
0.157015 1.6e-05
0.157219 1.6e-05
0.157423 1.6e-05
0.157626 1.6e-05
0.15783 1.6e-05
0.158034 1.6e-05
0.158238 1.6e-05
0.158442 1.6e-05
0.158646 1.6e-05
0.15885 1.6e-05
0.159054 1.6e-05
0.159258 1.6e-05
0.159462 1.6e-05
0.159666 1.6e-05
0.159869 1.6e-05
0.160073 1.6e-05
0.160277 1.6e-05
0.160481 1.6e-05
0.160685 1.6e-05
0.160889 1.6e-05
0.161093 1.6e-05
0.161297 1.6e-05
0.161501 1.6e-05
0.161705 1.6e-05
0.161909 1.6e-05
0.162113 1.6e-05
0.162316 1.6e-05
0.16252 1.6e-05
0.162724 1.6e-05
0.162928 1.6e-05
0.163132 1.6e-05
0.163336 1.8e-05
0.16354 1.8e-05
0.163744 1.8e-05
0.163948 1.8e-05
0.164152 1.8e-05
0.164356 1.8e-05
0.16456 1.8e-05
0.164763 1.8e-05
0.164967 1.8e-05
0.165171 1.8e-05
0.165375 1.8e-05
0.165579 1.8e-05
0.165783 1.8e-05
0.165987 1.8e-05
0.166191 1.8e-05
0.166395 1.8e-05
0.166599 1.8e-05
0.166803 1.8e-05
0.167007 1.8e-05
0.16721 1.8e-05
0.167414 1.8e-05
0.167618 1.8e-05
0.167822 1.8e-05
0.168026 1.8e-05
0.16823 1.8e-05
0.168434 1.8e-05
0.168638 1.8e-05
0.168842 1.8e-05
0.169046 1.8e-05
0.16925 1.8e-05
0.169454 1.8e-05
0.169657 1.8e-05
0.169861 1.8e-05
0.170065 1.8e-05
0.170269 1.8e-05
0.170473 1.8e-05
0.170677 1.8e-05
0.170881 1.8e-05
0.171085 1.8e-05
0.171289 1.8e-05
0.171493 1.8e-05
0.171697 1.8e-05
0.1719 1.8e-05
0.172104 1.8e-05
0.172308 1.8e-05
0.172512 1.8e-05
0.172716 1.8e-05
0.17292 1.8e-05
0.173124 1.8e-05
0.173328 1.8e-05
0.173532 1.8e-05
0.173736 1.8e-05
0.17394 1.8e-05
0.174144 1.8e-05
0.174347 1.8e-05
0.174551 1.8e-05
0.174755 1.8e-05
0.174959 1.8e-05
0.175163 1.8e-05
0.175367 1.8e-05
0.175571 1.8e-05
0.175775 1.8e-05
0.175979 1.8e-05
0.176183 1.8e-05
0.176387 1.8e-05
0.176591 1.8e-05
0.176794 1.8e-05
0.176998 1.8e-05
0.177202 1.8e-05
0.177406 1.8e-05
0.17761 1.8e-05
0.177814 1.8e-05
0.178018 1.8e-05
0.178222 1.8e-05
0.178426 1.8e-05
0.17863 1.8e-05
0.178834 1.8e-05
0.179038 1.8e-05
0.179241 1.8e-05
0.179445 1.8e-05
0.179649 1.8e-05
0.179853 1.8e-05
0.180057 1.8e-05
0.180261 1.8e-05
0.180465 1.8e-05
0.180669 1.8e-05
0.180873 1.8e-05
0.181077 1.8e-05
0.181281 1.8e-05
0.181485 1.8e-05
0.181688 1.8e-05
0.181892 1.8e-05
0.182096 1.8e-05
0.1823 1.8e-05
0.182504 1.8e-05
0.182708 1.8e-05
0.182912 1.8e-05
0.183116 1.8e-05
0.18332 1.8e-05
0.183524 1.8e-05
0.183728 1.8e-05
0.183931 1.8e-05
0.184135 1.8e-05
0.184339 1.8e-05
0.184543 1.8e-05
0.184747 1.8e-05
0.184951 1.8e-05
0.185155 1.8e-05
0.185359 1.8e-05
0.185563 1.8e-05
0.185767 1.8e-05
0.185971 1.8e-05
0.186175 2e-05
0.186378 2e-05
0.186582 2e-05
0.186786 2e-05
0.18699 2e-05
0.187194 2e-05
0.187398 2e-05
0.187602 2e-05
0.187806 2e-05
0.18801 2e-05
0.188214 2e-05
0.188418 2e-05
0.188622 2e-05
0.188825 2e-05
0.189029 2e-05
0.189233 2e-05
0.189437 2e-05
0.189641 2e-05
0.189845 2e-05
0.190049 2e-05
0.190253 2e-05
0.190457 2e-05
0.190661 2e-05
0.190865 2e-05
0.191069 2e-05
0.191272 2e-05
0.191476 2e-05
0.19168 2e-05
0.191884 2e-05
0.192088 2e-05
0.192292 2e-05
0.192496 2e-05
0.1927 2e-05
0.192904 2e-05
0.193108 2e-05
0.193312 2e-05
0.193515 2e-05
0.193719 2e-05
0.193923 2e-05
0.194127 2e-05
0.194331 2e-05
0.194535 2e-05
0.194739 2e-05
0.194943 2e-05
0.195147 2e-05
0.195351 2e-05
0.195555 2e-05
0.195759 2e-05
0.195962 2e-05
0.196166 2e-05
0.19637 2e-05
0.196574 2e-05
0.196778 2e-05
0.196982 2e-05
0.197186 2e-05
0.19739 2e-05
0.197594 2e-05
0.197798 2e-05
0.198002 2e-05
0.198206 2e-05
0.198409 2e-05
0.198613 2e-05
0.198817 2e-05
0.199021 2e-05
0.199225 2e-05
0.199429 2e-05
0.199633 2e-05
0.199837 2e-05
0.200041 2e-05
0.200245 2e-05
0.200449 2e-05
0.200653 2e-05
0.200856 2e-05
0.20106 2e-05
0.201264 2e-05
0.201468 2e-05
0.201672 2e-05
0.201876 2e-05
0.20208 2e-05
0.202284 2e-05
0.202488 2e-05
0.202692 2.2e-05
0.202896 2.2e-05
0.2031 2.2e-05
0.203303 2.2e-05
0.203507 2.2e-05
0.203711 2.2e-05
0.203915 2.2e-05
0.204119 2.2e-05
0.204323 2.2e-05
0.204527 2.2e-05
0.204731 2.2e-05
0.204935 2.2e-05
0.205139 2.2e-05
0.205343 2.2e-05
0.205546 2.2e-05
0.20575 2.2e-05
0.205954 2.2e-05
0.206158 2.2e-05
0.206362 2.2e-05
0.206566 2.2e-05
0.20677 2.2e-05
0.206974 2.2e-05
0.207178 2.2e-05
0.207382 2.2e-05
0.207586 2.2e-05
0.20779 2.2e-05
0.207993 2.2e-05
0.208197 2.2e-05
0.208401 2.2e-05
0.208605 2.2e-05
0.208809 2.2e-05
0.209013 2.2e-05
0.209217 2.2e-05
0.209421 2.2e-05
0.209625 2.2e-05
0.209829 2.2e-05
0.210033 2.2e-05
0.210237 2.2e-05
0.21044 2.2e-05
0.210644 2.2e-05
0.210848 2.2e-05
0.211052 2.2e-05
0.211256 2.2e-05
0.21146 2.2e-05
0.211664 2.2e-05
0.211868 2.2e-05
0.212072 2.2e-05
0.212276 2.2e-05
0.21248 2.2e-05
0.212684 2.2e-05
0.212887 2.2e-05
0.213091 2.2e-05
0.213295 2.2e-05
0.213499 2.2e-05
0.213703 2.2e-05
0.213907 2.2e-05
0.214111 2.2e-05
0.214315 2.2e-05
0.214519 2.2e-05
0.214723 2.2e-05
0.214927 2.2e-05
0.215131 2.2e-05
0.215334 2.2e-05
0.215538 2.2e-05
0.215742 2.2e-05
0.215946 2.2e-05
0.21615 2.2e-05
0.216354 2.2e-05
0.216558 2.2e-05
0.216762 2.2e-05
0.216966 2.2e-05
0.21717 2.2e-05
0.217374 2.2e-05
0.217577 2.2e-05
0.217781 2.2e-05
0.217985 2.2e-05
0.218189 2.2e-05
0.218393 2.2e-05
0.218597 2.2e-05
0.218801 2.2e-05
0.219005 2.2e-05
0.219209 2.2e-05
0.219413 2.2e-05
0.219617 2.2e-05
0.219821 2.2e-05
0.220024 2.2e-05
0.220228 2.2e-05
0.220432 2.2e-05
0.220636 2.2e-05
0.22084 2.4e-05
0.221044 2.4e-05
0.221248 2.4e-05
0.221452 2.4e-05
0.221656 2.4e-05
0.22186 2.4e-05
0.222064 2.4e-05
0.222268 2.4e-05
0.222471 2.4e-05
0.222675 2.4e-05
0.222879 2.4e-05
0.223083 2.4e-05
0.223287 2.4e-05
0.223491 2.4e-05
0.223695 2.4e-05
0.223899 2.4e-05
0.224103 2.4e-05
0.224307 2.4e-05
0.224511 2.4e-05
0.224715 2.4e-05
0.224918 2.4e-05
0.225122 2.4e-05
0.225326 2.4e-05
0.22553 2.4e-05
0.225734 2.4e-05
0.225938 2.4e-05
0.226142 2.4e-05
0.226346 2.4e-05
0.22655 2.4e-05
0.226754 2.4e-05
0.226958 2.4e-05
0.227162 2.4e-05
0.227365 2.4e-05
0.227569 2.4e-05
0.227773 2.4e-05
0.227977 2.4e-05
0.228181 2.4e-05
0.228385 2.4e-05
0.228589 2.4e-05
0.228793 2.4e-05
0.228997 2.4e-05
0.229201 2.4e-05
0.229405 2.4e-05
0.229608 2.4e-05
0.229812 2.4e-05
0.230016 2.4e-05
0.23022 2.4e-05
0.230424 2.4e-05
0.230628 2.4e-05
0.230832 2.4e-05
0.231036 2.4e-05
0.23124 2.4e-05
0.231444 2.4e-05
0.231648 2.4e-05
0.231852 2.4e-05
0.232055 2.4e-05
0.232259 2.4e-05
0.232463 2.4e-05
0.232667 2.4e-05
0.232871 2.4e-05
0.233075 2.4e-05
0.233279 2.4e-05
0.233483 2.4e-05
0.233687 2.4e-05
0.233891 2.4e-05
0.234095 2.4e-05
0.234299 2.4e-05
0.234502 2.4e-05
0.234706 2.4e-05
0.23491 2.4e-05
0.235114 2.4e-05
0.235318 2.4e-05
0.235522 2.4e-05
0.235726 2.4e-05
0.23593 2.4e-05
0.236134 2.4e-05
0.236338 2.4e-05
0.236542 2.4e-05
0.236746 2.4e-05
0.236949 2.4e-05
0.237153 2.4e-05
0.237357 2.4e-05
0.237561 2.4e-05
0.237765 2.4e-05
0.237969 2.4e-05
0.238173 2.4e-05
0.238377 2.4e-05
0.238581 2.4e-05
0.238785 2.4e-05
0.238989 2.4e-05
0.239192 2.4e-05
0.239396 2.4e-05
0.2396 2.4e-05
0.239804 2.4e-05
0.240008 2.6e-05
0.240212 2.6e-05
0.240416 2.6e-05
0.24062 2.6e-05
0.240824 2.6e-05
0.241028 2.6e-05
0.241232 2.6e-05
0.241436 2.6e-05
0.241639 2.6e-05
0.241843 2.6e-05
0.242047 2.6e-05
0.242251 2.6e-05
0.242455 2.6e-05
0.242659 2.6e-05
0.242863 2.6e-05
0.243067 2.6e-05
0.243271 2.6e-05
0.243475 2.6e-05
0.243679 2.6e-05
0.243883 2.6e-05
0.244086 2.6e-05
0.24429 2.6e-05
0.244494 2.6e-05
0.244698 2.6e-05
0.244902 2.6e-05
0.245106 2.6e-05
0.24531 2.6e-05
0.245514 2.6e-05
0.245718 2.6e-05
0.245922 2.6e-05
0.246126 2.6e-05
0.24633 2.6e-05
0.246533 2.6e-05
0.246737 2.6e-05
0.246941 2.6e-05
0.247145 2.6e-05
0.247349 2.6e-05
0.247553 2.6e-05
0.247757 2.6e-05
0.247961 2.6e-05
0.248165 2.6e-05
0.248369 2.6e-05
0.248573 2.6e-05
0.248777 2.6e-05
0.24898 2.6e-05
0.249184 2.6e-05
0.249388 2.6e-05
0.249592 2.6e-05
0.249796 2.6e-05
0.25 2.6e-05
0.250204 2.6e-05
0.250408 2.6e-05
0.250612 2.6e-05
0.250816 2.6e-05
0.25102 2.6e-05
0.251223 2.6e-05
0.251427 2.6e-05
0.251631 2.6e-05
0.251835 2.6e-05
0.252039 2.6e-05
0.252243 2.6e-05
0.252447 2.6e-05
0.252651 2.6e-05
0.252855 2.6e-05
0.253059 2.6e-05
0.253263 2.6e-05
0.253467 2.6e-05
0.25367 2.6e-05
0.253874 2.6e-05
0.254078 2.6e-05
0.254282 2.6e-05
0.254486 2.6e-05
0.25469 2.6e-05
0.254894 2.6e-05
0.255098 2.6e-05
0.255302 2.6e-05
0.255506 2.6e-05
0.25571 2.6e-05
0.255914 2.6e-05
0.256117 2.6e-05
0.256321 2.6e-05
0.256525 2.6e-05
0.256729 2.6e-05
0.256933 2.6e-05
0.257137 2.6e-05
0.257341 2.6e-05
0.257545 2.6e-05
0.257749 2.6e-05
0.257953 2.6e-05
0.258157 2.6e-05
0.258361 2.6e-05
0.258564 2.6e-05
0.258768 2.6e-05
0.258972 2.6e-05
0.259176 2.6e-05
0.25938 2.6e-05
0.259584 2.6e-05
0.259788 2.6e-05
0.259992 2.6e-05
0.260196 2.6e-05
0.2604 2.6e-05
0.260604 2.6e-05
0.260808 2.6e-05
0.261011 2.6e-05
0.261215 2.6e-05
0.261419 2.6e-05
0.261623 2.6e-05
0.261827 2.6e-05
0.262031 2.6e-05
0.262235 2.6e-05
0.262439 2.6e-05
0.262643 2.6e-05
0.262847 2.6e-05
0.263051 2.6e-05
0.263254 2.6e-05
0.263458 2.6e-05
0.263662 2.6e-05
0.263866 2.6e-05
0.26407 2.6e-05
0.264274 2.6e-05
0.264478 2.6e-05
0.264682 2.6e-05
0.264886 2.6e-05
0.26509 2.6e-05
0.265294 2.6e-05
0.265498 2.6e-05
0.265701 2.6e-05
0.265905 2.6e-05
0.266109 2.6e-05
0.266313 2.6e-05
0.266517 2.6e-05
0.266721 2.6e-05
0.266925 2.6e-05
0.267129 2.6e-05
0.267333 2.6e-05
0.267537 2.6e-05
0.267741 2.6e-05
0.267945 2.6e-05
0.268148 2.6e-05
0.268352 2.6e-05
0.268556 2.6e-05
0.26876 2.6e-05
0.268964 2.6e-05
0.269168 2.6e-05
0.269372 2.6e-05
0.269576 2.6e-05
0.26978 2.6e-05
0.269984 2.6e-05
0.270188 2.6e-05
0.270392 2.6e-05
0.270595 2.6e-05
0.270799 2.6e-05
0.271003 2.6e-05
0.271207 2.6e-05
0.271411 2.6e-05
0.271615 3e-05
0.271819 3e-05
0.272023 3e-05
0.272227 3e-05
0.272431 3e-05
0.272635 3e-05
0.272838 3e-05
0.273042 3e-05
0.273246 3e-05
0.27345 3e-05
0.273654 3e-05
0.273858 3e-05
0.274062 3e-05
0.274266 3e-05
0.27447 3e-05
0.274674 3e-05
0.274878 3e-05
0.275082 3e-05
0.275285 3e-05
0.275489 3e-05
0.275693 3e-05
0.275897 3e-05
0.276101 3e-05
0.276305 3e-05
0.276509 3e-05
0.276713 3e-05
0.276917 3e-05
0.277121 3e-05
0.277325 3e-05
0.277529 3e-05
0.277732 3e-05
0.277936 3e-05
0.27814 3e-05
0.278344 3e-05
0.278548 3e-05
0.278752 3e-05
0.278956 3e-05
0.27916 3e-05
0.279364 3e-05
0.279568 3e-05
0.279772 3e-05
0.279976 3e-05
0.280179 3e-05
0.280383 3e-05
0.280587 3e-05
0.280791 3e-05
0.280995 3e-05
0.281199 3e-05
0.281403 3e-05
0.281607 3e-05
0.281811 3e-05
0.282015 3e-05
0.282219 3e-05
0.282423 3e-05
0.282626 3e-05
0.28283 3.2e-05
0.283034 3.2e-05
0.283238 3.2e-05
0.283442 3.2e-05
0.283646 3.2e-05
0.28385 3.2e-05
0.284054 3.2e-05
0.284258 3.2e-05
0.284462 3.2e-05
0.284666 3.2e-05
0.284869 3.2e-05
0.285073 3.2e-05
0.285277 3.2e-05
0.285481 3.2e-05
0.285685 3.2e-05
0.285889 3.2e-05
0.286093 3.2e-05
0.286297 3.2e-05
0.286501 3.2e-05
0.286705 3.2e-05
0.286909 3.2e-05
0.287113 3.2e-05
0.287316 3.2e-05
0.28752 3.2e-05
0.287724 3.2e-05
0.287928 3.2e-05
0.288132 3.2e-05
0.288336 3.2e-05
0.28854 3.2e-05
0.288744 3.2e-05
0.288948 3.2e-05
0.289152 3.2e-05
0.289356 3.2e-05
0.28956 3.2e-05
0.289763 3.2e-05
0.289967 3.2e-05
0.290171 3.2e-05
0.290375 3.2e-05
0.290579 3.2e-05
0.290783 3.2e-05
0.290987 3.2e-05
0.291191 3.2e-05
0.291395 3.2e-05
0.291599 3.2e-05
0.291803 3.2e-05
0.292007 3.2e-05
0.29221 3.2e-05
0.292414 3.2e-05
0.292618 3.2e-05
0.292822 3.2e-05
0.293026 3.2e-05
0.29323 3.2e-05
0.293434 3.2e-05
0.293638 3.2e-05
0.293842 3.2e-05
0.294046 3.2e-05
0.29425 3.2e-05
0.294454 3.2e-05
0.294657 3.2e-05
0.294861 3.2e-05
0.295065 3.2e-05
0.295269 3.2e-05
0.295473 3.2e-05
0.295677 3.2e-05
0.295881 3.2e-05
0.296085 3.2e-05
0.296289 3.2e-05
0.296493 3.2e-05
0.296697 3.2e-05
0.2969 3.2e-05
0.297104 3.2e-05
0.297308 3.2e-05
0.297512 3.2e-05
0.297716 3.2e-05
0.29792 3.2e-05
0.298124 3.2e-05
0.298328 3.4e-05
0.298532 3.6e-05
0.298736 3.6e-05
0.29894 3.6e-05
0.299144 3.6e-05
0.299347 3.6e-05
0.299551 3.6e-05
0.299755 3.6e-05
0.299959 3.6e-05
0.300163 3.6e-05
0.300367 3.6e-05
0.300571 3.6e-05
0.300775 3.6e-05
0.300979 3.6e-05
0.301183 3.6e-05
0.301387 3.6e-05
0.301591 3.6e-05
0.301794 3.6e-05
0.301998 3.6e-05
0.302202 3.6e-05
0.302406 3.6e-05
0.30261 3.6e-05
0.302814 3.6e-05
0.303018 3.6e-05
0.303222 3.6e-05
0.303426 3.6e-05
0.30363 3.8e-05
0.303834 3.8e-05
0.304038 3.8e-05
0.304241 3.8e-05
0.304445 3.8e-05
0.304649 3.8e-05
0.304853 3.8e-05
0.305057 3.8e-05
0.305261 3.8e-05
0.305465 3.8e-05
0.305669 3.8e-05
0.305873 3.8e-05
0.306077 3.8e-05
0.306281 3.8e-05
0.306485 3.8e-05
0.306688 3.8e-05
0.306892 3.8e-05
0.307096 3.8e-05
0.3073 3.8e-05
0.307504 3.8e-05
0.307708 3.8e-05
0.307912 3.8e-05
0.308116 3.8e-05
0.30832 3.8e-05
0.308524 3.8e-05
0.308728 3.8e-05
0.308931 3.8e-05
0.309135 3.8e-05
0.309339 3.8e-05
0.309543 3.8e-05
0.309747 3.8e-05
0.309951 3.8e-05
0.310155 3.8e-05
0.310359 3.8e-05
0.310563 3.8e-05
0.310767 3.8e-05
0.310971 3.8e-05
0.311175 3.8e-05
0.311378 3.8e-05
0.311582 3.8e-05
0.311786 3.8e-05
0.31199 3.8e-05
0.312194 3.8e-05
0.312398 3.8e-05
0.312602 3.8e-05
0.312806 3.8e-05
0.31301 3.8e-05
0.313214 3.8e-05
0.313418 3.8e-05
0.313622 3.8e-05
0.313825 3.8e-05
0.314029 3.8e-05
0.314233 3.8e-05
0.314437 3.8e-05
0.314641 3.8e-05
0.314845 3.8e-05
0.315049 3.8e-05
0.315253 3.8e-05
0.315457 3.8e-05
0.315661 3.8e-05
0.315865 3.8e-05
0.316069 3.8e-05
0.316272 3.8e-05
0.316476 3.8e-05
0.31668 3.8e-05
0.316884 3.8e-05
0.317088 3.8e-05
0.317292 3.8e-05
0.317496 3.8e-05
0.3177 3.8e-05
0.317904 3.8e-05
0.318108 3.8e-05
0.318312 3.8e-05
0.318515 3.8e-05
0.318719 3.8e-05
0.318923 3.8e-05
0.319127 3.8e-05
0.319331 3.8e-05
0.319535 3.8e-05
0.319739 4e-05
0.319943 4e-05
0.320147 4e-05
0.320351 4e-05
0.320555 4e-05
0.320759 4e-05
0.320962 4e-05
0.321166 4e-05
0.32137 4e-05
0.321574 4e-05
0.321778 4e-05
0.321982 4e-05
0.322186 4e-05
0.32239 4e-05
0.322594 4e-05
0.322798 4e-05
0.323002 4e-05
0.323206 4e-05
0.323409 4e-05
0.323613 4e-05
0.323817 4e-05
0.324021 4e-05
0.324225 4e-05
0.324429 4e-05
0.324633 4e-05
0.324837 4e-05
0.325041 4e-05
0.325245 4e-05
0.325449 4e-05
0.325653 4e-05
0.325856 4e-05
0.32606 4e-05
0.326264 4e-05
0.326468 4e-05
0.326672 4e-05
0.326876 4e-05
0.32708 4.4e-05
0.327284 4.4e-05
0.327488 4.4e-05
0.327692 4.4e-05
0.327896 4.4e-05
0.3281 4.4e-05
0.328303 4.4e-05
0.328507 4.4e-05
0.328711 4.4e-05
0.328915 4.4e-05
0.329119 4.4e-05
0.329323 4.4e-05
0.329527 4.4e-05
0.329731 4.4e-05
0.329935 4.4e-05
0.330139 4.4e-05
0.330343 4.4e-05
0.330546 4.4e-05
0.33075 4.4e-05
0.330954 4.4e-05
0.331158 4.4e-05
0.331362 4.4e-05
0.331566 4.4e-05
0.33177 4.4e-05
0.331974 4.4e-05
0.332178 4.4e-05
0.332382 4.4e-05
0.332586 4.4e-05
0.33279 4.4e-05
0.332993 4.4e-05
0.333197 4.4e-05
0.333401 4.4e-05
0.333605 4.4e-05
0.333809 4.4e-05
0.334013 4.4e-05
0.334217 4.4e-05
0.334421 4.4e-05
0.334625 4.4e-05
0.334829 4.4e-05
0.335033 4.4e-05
0.335237 4.4e-05
0.33544 4.4e-05
0.335644 4.4e-05
0.335848 4.4e-05
0.336052 4.4e-05
0.336256 4.4e-05
0.33646 4.4e-05
0.336664 4.4e-05
0.336868 4.4e-05
0.337072 4.4e-05
0.337276 4.4e-05
0.33748 4.4e-05
0.337684 4.4e-05
0.337887 4.4e-05
0.338091 4.4e-05
0.338295 4.4e-05
0.338499 4.4e-05
0.338703 4.4e-05
0.338907 4.4e-05
0.339111 4.4e-05
0.339315 4.4e-05
0.339519 4.8e-05
0.339723 4.8e-05
0.339927 4.8e-05
0.340131 4.8e-05
0.340334 4.8e-05
0.340538 4.8e-05
0.340742 4.8e-05
0.340946 4.8e-05
0.34115 4.8e-05
0.341354 4.8e-05
0.341558 4.8e-05
0.341762 4.8e-05
0.341966 4.8e-05
0.34217 4.8e-05
0.342374 4.8e-05
0.342577 4.8e-05
0.342781 4.8e-05
0.342985 4.8e-05
0.343189 4.8e-05
0.343393 4.8e-05
0.343597 4.8e-05
0.343801 4.8e-05
0.344005 4.8e-05
0.344209 4.8e-05
0.344413 4.8e-05
0.344617 4.8e-05
0.344821 4.8e-05
0.345024 4.8e-05
0.345228 4.8e-05
0.345432 4.8e-05
0.345636 4.8e-05
0.34584 4.8e-05
0.346044 4.8e-05
0.346248 4.8e-05
0.346452 4.8e-05
0.346656 4.8e-05
0.34686 4.8e-05
0.347064 4.8e-05
0.347268 4.8e-05
0.347471 4.8e-05
0.347675 4.8e-05
0.347879 4.8e-05
0.348083 4.8e-05
0.348287 4.8e-05
0.348491 4.8e-05
0.348695 4.8e-05
0.348899 4.8e-05
0.349103 4.8e-05
0.349307 4.8e-05
0.349511 4.8e-05
0.349715 4.8e-05
0.349918 4.8e-05
0.350122 4.8e-05
0.350326 4.8e-05
0.35053 4.8e-05
0.350734 4.8e-05
0.350938 4.8e-05
0.351142 4.8e-05
0.351346 4.8e-05
0.35155 4.8e-05
0.351754 4.8e-05
0.351958 4.8e-05
0.352162 4.8e-05
0.352365 4.8e-05
0.352569 4.8e-05
0.352773 4.8e-05
0.352977 4.8e-05
0.353181 4.8e-05
0.353385 4.8e-05
0.353589 4.8e-05
0.353793 4.8e-05
0.353997 4.8e-05
0.354201 4.8e-05
0.354405 4.8e-05
0.354608 4.8e-05
0.354812 4.8e-05
0.355016 4.8e-05
0.35522 4.8e-05
0.355424 4.8e-05
0.355628 4.8e-05
0.355832 5.4e-05
0.356036 5.4e-05
0.35624 5.4e-05
0.356444 5.4e-05
0.356648 5.4e-05
0.356852 5.4e-05
0.357055 5.4e-05
0.357259 5.4e-05
0.357463 5.4e-05
0.357667 5.4e-05
0.357871 5.4e-05
0.358075 5.4e-05
0.358279 5.4e-05
0.358483 5.4e-05
0.358687 5.4e-05
0.358891 5.4e-05
0.359095 5.4e-05
0.359299 5.4e-05
0.359502 5.4e-05
0.359706 5.4e-05
0.35991 5.4e-05
0.360114 5.4e-05
0.360318 5.4e-05
0.360522 5.4e-05
0.360726 5.4e-05
0.36093 5.4e-05
0.361134 5.4e-05
0.361338 5.4e-05
0.361542 5.4e-05
0.361746 5.4e-05
0.361949 5.4e-05
0.362153 5.4e-05
0.362357 5.4e-05
0.362561 5.4e-05
0.362765 5.4e-05
0.362969 5.4e-05
0.363173 5.4e-05
0.363377 5.4e-05
0.363581 5.4e-05
0.363785 5.4e-05
0.363989 5.4e-05
0.364192 5.4e-05
0.364396 5.4e-05
0.3646 5.4e-05
0.364804 5.4e-05
0.365008 5.4e-05
0.365212 5.6e-05
0.365416 5.6e-05
0.36562 5.6e-05
0.365824 5.6e-05
0.366028 5.6e-05
0.366232 5.6e-05
0.366436 5.6e-05
0.366639 5.6e-05
0.366843 5.6e-05
0.367047 5.6e-05
0.367251 5.6e-05
0.367455 5.6e-05
0.367659 5.6e-05
0.367863 5.6e-05
0.368067 5.6e-05
0.368271 5.6e-05
0.368475 5.6e-05
0.368679 5.6e-05
0.368883 5.6e-05
0.369086 5.6e-05
0.36929 5.6e-05
0.369494 5.6e-05
0.369698 5.6e-05
0.369902 5.6e-05
0.370106 5.6e-05
0.37031 5.6e-05
0.370514 5.6e-05
0.370718 5.6e-05
0.370922 5.6e-05
0.371126 5.6e-05
0.37133 5.6e-05
0.371533 5.6e-05
0.371737 5.6e-05
0.371941 5.6e-05
0.372145 5.6e-05
0.372349 5.6e-05
0.372553 5.6e-05
0.372757 5.6e-05
0.372961 6e-05
0.373165 6e-05
0.373369 6e-05
0.373573 6e-05
0.373777 6e-05
0.37398 6e-05
0.374184 6e-05
0.374388 6e-05
0.374592 6e-05
0.374796 6e-05
0.375 6e-05
0.375204 6e-05
0.375408 6e-05
0.375612 6e-05
0.375816 6e-05
0.37602 6e-05
0.376223 6e-05
0.376427 6e-05
0.376631 6e-05
0.376835 6e-05
0.377039 6e-05
0.377243 6e-05
0.377447 6e-05
0.377651 6e-05
0.377855 6e-05
0.378059 6e-05
0.378263 6e-05
0.378467 6e-05
0.37867 6e-05
0.378874 6e-05
0.379078 6e-05
0.379282 6e-05
0.379486 6e-05
0.37969 6e-05
0.379894 6e-05
0.380098 6e-05
0.380302 6e-05
0.380506 6e-05
0.38071 6e-05
0.380914 6e-05
0.381117 6e-05
0.381321 6e-05
0.381525 6e-05
0.381729 6e-05
0.381933 6e-05
0.382137 6e-05
0.382341 6e-05
0.382545 6e-05
0.382749 6e-05
0.382953 6e-05
0.383157 6e-05
0.383361 6e-05
0.383564 6e-05
0.383768 6e-05
0.383972 6e-05
0.384176 6e-05
0.38438 6e-05
0.384584 6e-05
0.384788 6e-05
0.384992 6e-05
0.385196 6e-05
0.3854 6e-05
0.385604 6e-05
0.385808 6e-05
0.386011 6e-05
0.386215 6e-05
0.386419 6e-05
0.386623 6e-05
0.386827 6e-05
0.387031 6e-05
0.387235 6e-05
0.387439 6e-05
0.387643 6e-05
0.387847 6e-05
0.388051 6.2e-05
0.388254 6.2e-05
0.388458 6.2e-05
0.388662 6.2e-05
0.388866 6.2e-05
0.38907 6.2e-05
0.389274 6.2e-05
0.389478 6.2e-05
0.389682 6.2e-05
0.389886 6.2e-05
0.39009 6.2e-05
0.390294 6.2e-05
0.390498 6.2e-05
0.390701 6.2e-05
0.390905 6.2e-05
0.391109 6.2e-05
0.391313 6.2e-05
0.391517 6.2e-05
0.391721 6.2e-05
0.391925 6.2e-05
0.392129 6.2e-05
0.392333 6.2e-05
0.392537 6.2e-05
0.392741 6.2e-05
0.392945 6.2e-05
0.393148 6.2e-05
0.393352 6.2e-05
0.393556 6.2e-05
0.39376 6.2e-05
0.393964 6.2e-05
0.394168 6.2e-05
0.394372 6.2e-05
0.394576 6.2e-05
0.39478 6.2e-05
0.394984 6.2e-05
0.395188 6.2e-05
0.395392 6.2e-05
0.395595 6.2e-05
0.395799 6.2e-05
0.396003 6.2e-05
0.396207 6.2e-05
0.396411 6.2e-05
0.396615 6.2e-05
0.396819 6.2e-05
0.397023 6.2e-05
0.397227 6.2e-05
0.397431 6.2e-05
0.397635 6.2e-05
0.397838 6.2e-05
0.398042 6.2e-05
0.398246 6.2e-05
0.39845 6.2e-05
0.398654 6.2e-05
0.398858 6.2e-05
0.399062 6.2e-05
0.399266 6.2e-05
0.39947 6.2e-05
0.399674 6.2e-05
0.399878 6.2e-05
0.400082 6.2e-05
0.400285 6.2e-05
0.400489 6.2e-05
0.400693 6.2e-05
0.400897 6.2e-05
0.401101 6.2e-05
0.401305 6.2e-05
0.401509 6.2e-05
0.401713 6.2e-05
0.401917 6.2e-05
0.402121 6.2e-05
0.402325 6.2e-05
0.402529 6.2e-05
0.402732 6.2e-05
0.402936 6.2e-05
0.40314 6.2e-05
0.403344 6.4e-05
0.403548 6.4e-05
0.403752 6.4e-05
0.403956 6.4e-05
0.40416 6.4e-05
0.404364 6.4e-05
0.404568 6.4e-05
0.404772 6.4e-05
0.404976 6.4e-05
0.405179 6.4e-05
0.405383 6.4e-05
0.405587 6.4e-05
0.405791 6.4e-05
0.405995 6.4e-05
0.406199 6.8e-05
0.406403 6.8e-05
0.406607 6.8e-05
0.406811 6.8e-05
0.407015 6.8e-05
0.407219 6.8e-05
0.407423 6.8e-05
0.407626 6.8e-05
0.40783 6.8e-05
0.408034 6.8e-05
0.408238 6.8e-05
0.408442 6.8e-05
0.408646 6.8e-05
0.40885 6.8e-05
0.409054 6.8e-05
0.409258 6.8e-05
0.409462 7e-05
0.409666 7e-05
0.409869 7e-05
0.410073 7e-05
0.410277 7e-05
0.410481 7e-05
0.410685 7e-05
0.410889 7e-05
0.411093 7e-05
0.411297 7e-05
0.411501 7e-05
0.411705 7e-05
0.411909 7.2e-05
0.412113 7.2e-05
0.412316 7.2e-05
0.41252 7.2e-05
0.412724 7.2e-05
0.412928 7.2e-05
0.413132 7.2e-05
0.413336 7.2e-05
0.41354 7.4e-05
0.413744 7.4e-05
0.413948 7.4e-05
0.414152 7.4e-05
0.414356 7.4e-05
0.41456 7.4e-05
0.414763 7.4e-05
0.414967 7.4e-05
0.415171 7.4e-05
0.415375 7.8e-05
0.415579 7.8e-05
0.415783 7.8e-05
0.415987 7.8e-05
0.416191 7.8e-05
0.416395 7.8e-05
0.416599 7.8e-05
0.416803 7.8e-05
0.417007 7.8e-05
0.41721 7.8e-05
0.417414 7.8e-05
0.417618 7.8e-05
0.417822 7.8e-05
0.418026 7.8e-05
0.41823 7.8e-05
0.418434 7.8e-05
0.418638 7.8e-05
0.418842 7.8e-05
0.419046 7.8e-05
0.41925 7.8e-05
0.419454 7.8e-05
0.419657 7.8e-05
0.419861 7.8e-05
0.420065 7.8e-05
0.420269 7.8e-05
0.420473 7.8e-05
0.420677 7.8e-05
0.420881 7.8e-05
0.421085 7.8e-05
0.421289 7.8e-05
0.421493 7.8e-05
0.421697 7.8e-05
0.4219 7.8e-05
0.422104 7.8e-05
0.422308 7.8e-05
0.422512 7.8e-05
0.422716 7.8e-05
0.42292 7.8e-05
0.423124 7.8e-05
0.423328 8.2e-05
0.423532 8.2e-05
0.423736 8.2e-05
0.42394 8.2e-05
0.424144 8.2e-05
0.424347 8.2e-05
0.424551 8.4e-05
0.424755 8.4e-05
0.424959 8.4e-05
0.425163 8.4e-05
0.425367 8.4e-05
0.425571 8.4e-05
0.425775 8.4e-05
0.425979 8.4e-05
0.426183 8.4e-05
0.426387 8.4e-05
0.426591 8.4e-05
0.426794 8.4e-05
0.426998 8.4e-05
0.427202 8.4e-05
0.427406 8.4e-05
0.42761 8.4e-05
0.427814 8.4e-05
0.428018 8.4e-05
0.428222 8.4e-05
0.428426 8.4e-05
0.42863 8.4e-05
0.428834 8.4e-05
0.429038 8.4e-05
0.429241 8.4e-05
0.429445 8.4e-05
0.429649 8.4e-05
0.429853 8.4e-05
0.430057 8.4e-05
0.430261 8.4e-05
0.430465 8.4e-05
0.430669 8.4e-05
0.430873 8.4e-05
0.431077 8.4e-05
0.431281 8.4e-05
0.431485 9e-05
0.431688 9e-05
0.431892 9e-05
0.432096 9e-05
0.4323 9e-05
0.432504 9e-05
0.432708 9e-05
0.432912 9e-05
0.433116 9e-05
0.43332 9e-05
0.433524 9e-05
0.433728 9e-05
0.433931 9e-05
0.434135 9e-05
0.434339 9e-05
0.434543 9e-05
0.434747 9e-05
0.434951 9e-05
0.435155 9e-05
0.435359 9e-05
0.435563 9e-05
0.435767 9e-05
0.435971 9e-05
0.436175 9e-05
0.436378 9e-05
0.436582 9e-05
0.436786 9e-05
0.43699 9e-05
0.437194 9e-05
0.437398 9e-05
0.437602 9e-05
0.437806 9e-05
0.43801 9e-05
0.438214 9e-05
0.438418 9e-05
0.438622 9e-05
0.438825 9e-05
0.439029 9e-05
0.439233 9e-05
0.439437 9e-05
0.439641 9e-05
0.439845 9e-05
0.440049 9e-05
0.440253 9e-05
0.440457 9e-05
0.440661 9e-05
0.440865 9e-05
0.441069 9e-05
0.441272 9e-05
0.441476 9e-05
0.44168 9e-05
0.441884 9e-05
0.442088 9e-05
0.442292 9e-05
0.442496 9e-05
0.4427 9e-05
0.442904 9e-05
0.443108 9e-05
0.443312 9e-05
0.443515 9e-05
0.443719 9e-05
0.443923 9e-05
0.444127 9e-05
0.444331 9e-05
0.444535 9e-05
0.444739 9e-05
0.444943 9e-05
0.445147 9.2e-05
0.445351 9.2e-05
0.445555 9.2e-05
0.445759 9.2e-05
0.445962 9.2e-05
0.446166 9.2e-05
0.44637 9.2e-05
0.446574 9.2e-05
0.446778 9.2e-05
0.446982 9.2e-05
0.447186 9.2e-05
0.44739 9.2e-05
0.447594 9.2e-05
0.447798 9.2e-05
0.448002 9.2e-05
0.448206 9.2e-05
0.448409 9.2e-05
0.448613 9.2e-05
0.448817 9.2e-05
0.449021 9.2e-05
0.449225 9.2e-05
0.449429 9.2e-05
0.449633 9.2e-05
0.449837 9.2e-05
0.450041 9.2e-05
0.450245 9.2e-05
0.450449 9.2e-05
0.450653 9.2e-05
0.450856 9.4e-05
0.45106 9.4e-05
0.451264 9.4e-05
0.451468 9.4e-05
0.451672 9.4e-05
0.451876 9.4e-05
0.45208 0.0001
0.452284 0.0001
0.452488 0.0001
0.452692 0.0001
0.452896 0.0001
0.4531 0.0001
0.453303 0.0001
0.453507 0.0001
0.453711 0.0001
0.453915 0.0001
0.454119 0.000112
0.454323 0.000112
0.454527 0.000112
0.454731 0.000112
0.454935 0.000112
0.455139 0.000112
0.455343 0.000112
0.455546 0.000112
0.45575 0.000112
0.455954 0.000112
0.456158 0.000112
0.456362 0.000112
0.456566 0.000112
0.45677 0.000112
0.456974 0.000112
0.457178 0.000112
0.457382 0.000112
0.457586 0.000112
0.45779 0.000112
0.457993 0.000112
0.458197 0.000112
0.458401 0.000112
0.458605 0.000112
0.458809 0.000112
0.459013 0.000112
0.459217 0.000112
0.459421 0.000112
0.459625 0.000112
0.459829 0.000112
0.460033 0.000112
0.460237 0.000112
0.46044 0.000112
0.460644 0.000112
0.460848 0.000112
0.461052 0.000112
0.461256 0.000112
0.46146 0.000112
0.461664 0.000112
0.461868 0.000112
0.462072 0.000112
0.462276 0.000112
0.46248 0.000112
0.462684 0.000112
0.462887 0.000112
0.463091 0.000112
0.463295 0.000112
0.463499 0.000112
0.463703 0.000112
0.463907 0.000112
0.464111 0.000112
0.464315 0.000112
0.464519 0.000112
0.464723 0.000112
0.464927 0.000112
0.465131 0.000112
0.465334 0.000112
0.465538 0.000116
0.465742 0.000116
0.465946 0.000116
0.46615 0.000116
0.466354 0.000116
0.466558 0.000116
0.466762 0.000116
0.466966 0.000116
0.46717 0.000116
0.467374 0.000116
0.467577 0.000116
0.467781 0.000116
0.467985 0.000116
0.468189 0.000116
0.468393 0.000116
0.468597 0.000126
0.468801 0.000126
0.469005 0.000126
0.469209 0.000126
0.469413 0.000126
0.469617 0.000126
0.469821 0.000126
0.470024 0.000126
0.470228 0.000126
0.470432 0.000126
0.470636 0.000126
0.47084 0.000126
0.471044 0.000126
0.471248 0.000126
0.471452 0.000126
0.471656 0.000126
0.47186 0.000126
0.472064 0.000126
0.472268 0.000126
0.472471 0.000126
0.472675 0.000126
0.472879 0.000126
0.473083 0.000126
0.473287 0.000126
0.473491 0.000126
0.473695 0.000126
0.473899 0.000126
0.474103 0.000126
0.474307 0.000126
0.474511 0.000126
0.474715 0.000126
0.474918 0.000126
0.475122 0.000126
0.475326 0.000126
0.47553 0.000126
0.475734 0.000126
0.475938 0.000126
0.476142 0.000126
0.476346 0.000126
0.47655 0.000126
0.476754 0.000126
0.476958 0.000126
0.477162 0.000126
0.477365 0.00013
0.477569 0.00013
0.477773 0.00013
0.477977 0.00013
0.478181 0.00013
0.478385 0.00013
0.478589 0.00013
0.478793 0.00013
0.478997 0.00013
0.479201 0.00013
0.479405 0.00013
0.479608 0.00013
0.479812 0.00013
0.480016 0.00013
0.48022 0.00013
0.480424 0.00013
0.480628 0.00013
0.480832 0.000138
0.481036 0.000138
0.48124 0.000138
0.481444 0.000138
0.481648 0.000138
0.481852 0.000138
0.482055 0.000138
0.482259 0.000138
0.482463 0.000138
0.482667 0.000138
0.482871 0.000138
0.483075 0.000138
0.483279 0.000138
0.483483 0.000138
0.483687 0.000138
0.483891 0.000138
0.484095 0.000138
0.484299 0.000142
0.484502 0.000142
0.484706 0.000142
0.48491 0.000142
0.485114 0.000142
0.485318 0.000142
0.485522 0.000142
0.485726 0.000142
0.48593 0.000142
0.486134 0.000142
0.486338 0.000142
0.486542 0.000142
0.486746 0.000142
0.486949 0.000142
0.487153 0.000142
0.487357 0.000156
0.487561 0.000156
0.487765 0.000168
0.487969 0.000168
0.488173 0.000168
0.488377 0.000168
0.488581 0.000168
0.488785 0.000168
0.488989 0.000168
0.489192 0.000168
0.489396 0.000168
0.4896 0.000168
0.489804 0.000168
0.490008 0.000168
0.490212 0.000168
0.490416 0.000168
0.49062 0.000168
0.490824 0.000168
0.491028 0.000168
0.491232 0.000168
0.491436 0.000168
0.491639 0.000168
0.491843 0.000168
0.492047 0.000168
0.492251 0.000168
0.492455 0.000168
0.492659 0.000168
0.492863 0.000168
0.493067 0.000172
0.493271 0.000172
0.493475 0.000172
0.493679 0.000172
0.493883 0.000172
0.494086 0.000172
0.49429 0.000172
0.494494 0.000172
0.494698 0.000172
0.494902 0.000172
0.495106 0.000172
0.49531 0.000172
0.495514 0.000172
0.495718 0.000172
0.495922 0.000172
0.496126 0.000174
0.49633 0.000174
0.496533 0.000174
0.496737 0.000174
0.496941 0.000174
0.497145 0.000174
0.497349 0.000174
0.497553 0.000174
0.497757 0.000174
0.497961 0.000174
0.498165 0.000174
0.498369 0.000174
0.498573 0.000174
0.498777 0.000174
0.49898 0.000174
0.499184 0.000186
0.499388 0.000186
0.499592 0.000186
0.499796 0.000186
0.5 0.000186
0.500204 0.000186
0.500408 0.000186
0.500612 0.000186
0.500816 0.000186
0.50102 0.000186
0.501223 0.00019
0.501427 0.00019
0.501631 0.00019
0.501835 0.00019
0.502039 0.000194
0.502243 0.000194
0.502447 0.000194
0.502651 0.000194
0.502855 0.000194
0.503059 0.000194
0.503263 0.000196
0.503467 0.000196
0.50367 0.000196
0.503874 0.000196
0.504078 0.000196
0.504282 0.000196
0.504486 0.000196
0.50469 0.000196
0.504894 0.000196
0.505098 0.000196
0.505302 0.000196
0.505506 0.000204
0.50571 0.000204
0.505914 0.000204
0.506117 0.000204
0.506321 0.000204
0.506525 0.000204
0.506729 0.000204
0.506933 0.000204
0.507137 0.000204
0.507341 0.000204
0.507545 0.000204
0.507749 0.000204
0.507953 0.000204
0.508157 0.000204
0.508361 0.000204
0.508564 0.000204
0.508768 0.000204
0.508972 0.00021
0.509176 0.00021
0.50938 0.00021
0.509584 0.00021
0.509788 0.00021
0.509992 0.00021
0.510196 0.00021
0.5104 0.00021
0.510604 0.00021
0.510808 0.00021
0.511011 0.00021
0.511215 0.00021
0.511419 0.00021
0.511623 0.00021
0.511827 0.00021
0.512031 0.00021
0.512235 0.000218
0.512439 0.000218
0.512643 0.000218
0.512847 0.000218
0.513051 0.000218
0.513254 0.000218
0.513458 0.000228
0.513662 0.000228
0.513866 0.000228
0.51407 0.000228
0.514274 0.000228
0.514478 0.000228
0.514682 0.000228
0.514886 0.000228
0.51509 0.000228
0.515294 0.000228
0.515498 0.000228
0.515701 0.000228
0.515905 0.000228
0.516109 0.000228
0.516313 0.000228
0.516517 0.000228
0.516721 0.000228
0.516925 0.000228
0.517129 0.000228
0.517333 0.000228
0.517537 0.000228
0.517741 0.000228
0.517945 0.000228
0.518148 0.000228
0.518352 0.000228
0.518556 0.000228
0.51876 0.000228
0.518964 0.000228
0.519168 0.000228
0.519372 0.000228
0.519576 0.000228
0.51978 0.000228
0.519984 0.000228
0.520188 0.000228
0.520392 0.000228
0.520595 0.000228
0.520799 0.000228
0.521003 0.000228
0.521207 0.00023
0.521411 0.00023
0.521615 0.00023
0.521819 0.00023
0.522023 0.00023
0.522227 0.00023
0.522431 0.00023
0.522635 0.00023
0.522838 0.00023
0.523042 0.00023
0.523246 0.00023
0.52345 0.00023
0.523654 0.000234
0.523858 0.000234
0.524062 0.000234
0.524266 0.000234
0.52447 0.000234
0.524674 0.000234
0.524878 0.000234
0.525082 0.000234
0.525285 0.000234
0.525489 0.000234
0.525693 0.000234
0.525897 0.000234
0.526101 0.000234
0.526305 0.000234
0.526509 0.000234
0.526713 0.000242
0.526917 0.000242
0.527121 0.00026
0.527325 0.00026
0.527529 0.00026
0.527732 0.00026
0.527936 0.00026
0.52814 0.00026
0.528344 0.00026
0.528548 0.00026
0.528752 0.00026
0.528956 0.00026
0.52916 0.00026
0.529364 0.00026
0.529568 0.00026
0.529772 0.00026
0.529976 0.000262
0.530179 0.000262
0.530383 0.000262
0.530587 0.000262
0.530791 0.000262
0.530995 0.000262
0.531199 0.000262
0.531403 0.000262
0.531607 0.000264
0.531811 0.000264
0.532015 0.000264
0.532219 0.000292
0.532423 0.000292
0.532626 0.000292
0.53283 0.000292
0.533034 0.000292
0.533238 0.000292
0.533442 0.000292
0.533646 0.000292
0.53385 0.000292
0.534054 0.000292
0.534258 0.000292
0.534462 0.0003
0.534666 0.0003
0.534869 0.00031
0.535073 0.00031
0.535277 0.00031
0.535481 0.00031
0.535685 0.00031
0.535889 0.00031
0.536093 0.00031
0.536297 0.00031
0.536501 0.00031
0.536705 0.00031
0.536909 0.00031
0.537113 0.00031
0.537316 0.00031
0.53752 0.00031
0.537724 0.00031
0.537928 0.00031
0.538132 0.00031
0.538336 0.000348
0.53854 0.000348
0.538744 0.000348
0.538948 0.000348
0.539152 0.000348
0.539356 0.000348
0.53956 0.000348
0.539763 0.000348
0.539967 0.000348
0.540171 0.000348
0.540375 0.000348
0.540579 0.000348
0.540783 0.000348
0.540987 0.000348
0.541191 0.00035
0.541395 0.000352
0.541599 0.000352
0.541803 0.000352
0.542007 0.000352
0.54221 0.000356
0.542414 0.000356
0.542618 0.000356
0.542822 0.000356
0.543026 0.000356
0.54323 0.000356
0.543434 0.000356
0.543638 0.000358
0.543842 0.000358
0.544046 0.000358
0.54425 0.000358
0.544454 0.000358
0.544657 0.000358
0.544861 0.000358
0.545065 0.000364
0.545269 0.000364
0.545473 0.000364
0.545677 0.000364
0.545881 0.000364
0.546085 0.000364
0.546289 0.000364
0.546493 0.000364
0.546697 0.000364
0.5469 0.000364
0.547104 0.000364
0.547308 0.000364
0.547512 0.000364
0.547716 0.000364
0.54792 0.000364
0.548124 0.000364
0.548328 0.000412
0.548532 0.000412
0.548736 0.000412
0.54894 0.000412
0.549144 0.000412
0.549347 0.000412
0.549551 0.000412
0.549755 0.000412
0.549959 0.000412
0.550163 0.000412
0.550367 0.000412
0.550571 0.000412
0.550775 0.000412
0.550979 0.00044
0.551183 0.00044
0.551387 0.00044
0.551591 0.00044
0.551794 0.00044
0.551998 0.00044
0.552202 0.00044
0.552406 0.00044
0.55261 0.00044
0.552814 0.00044
0.553018 0.00044
0.553222 0.00044
0.553426 0.00044
0.55363 0.00044
0.553834 0.00044
0.554038 0.000448
0.554241 0.000448
0.554445 0.00047
0.554649 0.00047
0.554853 0.00047
0.555057 0.00047
0.555261 0.00047
0.555465 0.00047
0.555669 0.00048
0.555873 0.00048
0.556077 0.00048
0.556281 0.00048
0.556485 0.000492
0.556688 0.000492
0.556892 0.000492
0.557096 0.000492
0.5573 0.00057
0.557504 0.00057
0.557708 0.00057
0.557912 0.000572
0.558116 0.000572
0.55832 0.000572
0.558524 0.000572
0.558728 0.000572
0.558931 0.000572
0.559135 0.000572
0.559339 0.000572
0.559543 0.000572
0.559747 0.000572
0.559951 0.000572
0.560155 0.000572
0.560359 0.000572
0.560563 0.000572
0.560767 0.000572
0.560971 0.000572
0.561175 0.000578
0.561378 0.000578
0.561582 0.000638
0.561786 0.000638
0.56199 0.000638
0.562194 0.000638
0.562398 0.000698
0.562602 0.0007
0.562806 0.000714
0.56301 0.000714
0.563214 0.000714
0.563418 0.000714
0.563622 0.000714
0.563825 0.000714
0.564029 0.00074
0.564233 0.00074
0.564437 0.000742
0.564641 0.000742
0.564845 0.000742
0.565049 0.000844
0.565253 0.000844
0.565457 0.000848
0.565661 0.000848
0.565865 0.000848
0.566069 0.000848
0.566272 0.000848
0.566476 0.000848
0.56668 0.000848
0.566884 0.000848
0.567088 0.000848
0.567292 0.000848
0.567496 0.000858
0.5677 0.000858
0.567904 0.000858
0.568108 0.000858
0.568312 0.000858
0.568515 0.000858
0.568719 0.000876
0.568923 0.000876
0.569127 0.000876
0.569331 0.000876
0.569535 0.000876
0.569739 0.000876
0.569943 0.000876
0.570147 0.000878
0.570351 0.00098
0.570555 0.00098
0.570759 0.00098
0.570962 0.001102
0.571166 0.001102
0.57137 0.001102
0.571574 0.001102
0.571778 0.001102
0.571982 0.001102
0.572186 0.001246
0.57239 0.001246
0.572594 0.001246
0.572798 0.001246
0.573002 0.001246
0.573206 0.001246
0.573409 0.001246
0.573613 0.001246
0.573817 0.001274
0.574021 0.001274
0.574225 0.001274
0.574429 0.001276
0.574633 0.001276
0.574837 0.001276
0.575041 0.001276
0.575245 0.001276
0.575449 0.001276
0.575653 0.001276
0.575856 0.001286
0.57606 0.001286
0.576264 0.001286
0.576468 0.001286
0.576672 0.0013
0.576876 0.0013
0.57708 0.0013
0.577284 0.0013
0.577488 0.0013
0.577692 0.0013
0.577896 0.0013
0.5781 0.0013
0.578303 0.001468
0.578507 0.001472
0.578711 0.001472
0.578915 0.001472
0.579119 0.001564
0.579323 0.001584
0.579527 0.001862
0.579731 0.001884
0.579935 0.001884
0.580139 0.001884
0.580343 0.001884
0.580546 0.001884
0.58075 0.001884
0.580954 0.001884
0.581158 0.001884
0.581362 0.001884
0.581566 0.001884
0.58177 0.002036
0.581974 0.002036
0.582178 0.00209
0.582382 0.00209
0.582586 0.00228
0.58279 0.00228
0.582993 0.00228
0.583197 0.00228
0.583401 0.002392
0.583605 0.002392
0.583809 0.002398
0.584013 0.00242
0.584217 0.00242
0.584421 0.002428
0.584625 0.002966
0.584829 0.00297
0.585033 0.003078
0.585237 0.003078
0.58544 0.003182
0.585644 0.003208
0.585848 0.00321
0.586052 0.00321
0.586256 0.003234
0.58646 0.003758
0.586664 0.003758
0.586868 0.004474
0.587072 0.00453
0.587276 0.004546
0.58748 0.004546
0.587684 0.004924
0.587887 0.005166
0.588091 0.005584
0.588295 0.005584
0.588499 0.005964
0.588703 0.005966
0.588907 0.00598
0.589111 0.006108
0.589315 0.006496
0.589519 0.006928
0.589723 0.006928
0.589927 0.008838
0.590131 0.009636
0.590334 0.011084
0.590538 0.01109
0.590742 0.01109
0.590946 0.01109
0.59115 0.011554
0.591354 0.011772
0.591558 0.018258
0.591762 0.019482
0.591966 0.023084
0.59217 0.03616
0.592374 0.037454
0.592577 0.045172
0.592781 0.029808
0.592985 0.015424
0.593189 0.013116
0.593393 0.01312
0.593597 0.013286
0.593801 0.01329
0.594005 0.009888
0.594209 0.009946
0.594413 0.009946
0.594617 0.009946
0.594821 0.009984
0.595024 0.010186
0.595228 0.0102
0.595432 0.010216
0.595636 0.010246
0.59584 0.010246
0.596044 0.010248
0.596248 0.010248
0.596452 0.010276
0.596656 0.010276
0.59686 0.011192
0.597064 0.011194
0.597268 0.011202
0.597471 0.011282
0.597675 0.011368
0.597879 0.011624
0.598083 0.011632
0.598287 0.011632
0.598491 0.011668
0.598695 0.011668
0.598899 0.011674
0.599103 0.01305
0.599307 0.004256
0.599511 0.004258
0.599715 0.004312
0.599918 0.004312
0.600122 0.004312
0.600326 0.004312
0.60053 0.004484
0.600734 0.004486
0.600938 0.004486
0.601142 0.004486
0.601346 0.004498
0.60155 0.004514
0.601754 0.004488
0.601958 0.004488
0.602162 0.004494
0.602365 0.004494
0.602569 0.004494
0.602773 0.004494
0.602977 0.00272
0.603181 0.00272
0.603385 0.00272
0.603589 0.00272
0.603793 0.00272
0.603997 0.00273
0.604201 0.00273
0.604405 0.00273
0.604608 0.00273
0.604812 0.00273
0.605016 0.00273
0.60522 0.003408
0.605424 0.003408
0.605628 0.003414
0.605832 0.003414
0.606036 0.003416
0.60624 0.003416
0.606444 0.003416
0.606648 0.003416
0.606852 0.003416
0.607055 0.003496
0.607259 0.003496
0.607463 0.003496
0.607667 0.003496
0.607871 0.003496
0.608075 0.003496
0.608279 0.003496
0.608483 0.003496
0.608687 0.003528
0.608891 0.003528
0.609095 0.003628
0.609299 0.003628
0.609502 0.003746
0.609706 0.003746
0.60991 0.003788
0.610114 0.003794
0.610318 0.003796
0.610522 0.003796
0.610726 0.003796
0.61093 0.003796
0.611134 0.003796
0.611338 0.003806
0.611542 0.003806
0.611746 0.003806
0.611949 0.003894
0.612153 0.003894
0.612357 0.003894
0.612561 0.003934
0.612765 0.003936
0.612969 0.003936
0.613173 0.00396
0.613377 0.001672
0.613581 0.001678
0.613785 0.001678
0.613989 0.001678
0.614192 0.001678
0.614396 0.001678
0.6146 0.001678
0.614804 0.001678
0.615008 0.001692
0.615212 0.001692
0.615416 0.001692
0.61562 0.001692
0.615824 0.001692
0.616028 0.001838
0.616232 0.00184
0.616436 0.00184
0.616639 0.00184
0.616843 0.00184
0.617047 0.001892
0.617251 0.001892
0.617455 0.001892
0.617659 0.001898
0.617863 0.001898
0.618067 0.001898
0.618271 0.001898
0.618475 0.001908
0.618679 0.001908
0.618883 0.001908
0.619086 0.001908
0.61929 0.001912
0.619494 0.001912
0.619698 0.001912
0.619902 0.001912
0.620106 0.001912
0.62031 0.001916
0.620514 0.001916
0.620718 0.001922
0.620922 0.001922
0.621126 0.001922
0.62133 0.001922
0.621533 0.001922
0.621737 0.001922
0.621941 0.001922
0.622145 0.00194
0.622349 0.00194
0.622553 0.003872
0.622757 0.003872
0.622961 0.003872
0.623165 0.003896
0.623369 0.003896
0.623573 0.003954
0.623777 0.003966
0.62398 0.00397
0.624184 0.004036
0.624388 0.004036
0.624592 0.004036
0.624796 0.00404
0.625 0.004058
0.625204 0.004104
0.625408 0.004104
0.625612 0.004104
0.625816 0.004104
0.62602 0.004104
0.626223 0.004118
0.626427 0.004118
0.626631 0.004118
0.626835 0.004122
0.627039 0.004122
0.627243 0.004122
0.627447 0.004238
0.627651 0.001306
0.627855 0.001306
0.628059 0.001356
0.628263 0.001356
0.628467 0.001356
0.62867 0.001356
0.628874 0.001366
0.629078 0.001366
0.629282 0.001368
0.629486 0.001368
0.62969 0.001368
0.629894 0.001368
0.630098 0.001368
0.630302 0.001368
0.630506 0.001368
0.63071 0.001368
0.630914 0.001368
0.631117 0.001368
0.631321 0.001388
0.631525 0.001388
0.631729 0.001388
0.631933 0.001388
0.632137 0.001388
0.632341 0.001388
0.632545 0.001388
0.632749 0.001388
0.632953 0.001388
0.633157 0.001388
0.633361 0.001388
0.633564 0.001388
0.633768 0.001388
0.633972 0.001388
0.634176 0.001388
0.63438 0.001388
0.634584 0.001388
0.634788 0.001388
0.634992 0.001388
0.635196 0.001388
0.6354 0.001388
0.635604 0.001388
0.635808 0.001408
0.636011 0.001408
0.636215 0.001408
0.636419 0.001408
0.636623 0.001408
0.636827 0.001408
0.637031 0.001408
0.637235 0.00075
0.637439 0.000738
0.637643 0.000738
0.637847 0.000738
0.638051 0.000738
0.638254 0.000738
0.638458 0.000738
0.638662 0.000738
0.638866 0.000738
0.63907 0.00074
0.639274 0.00074
0.639478 0.00074
0.639682 0.00074
0.639886 0.00074
0.64009 0.00074
0.640294 0.00074
0.640498 0.00074
0.640701 0.00074
0.640905 0.00074
0.641109 0.00074
0.641313 0.00074
0.641517 0.00074
0.641721 0.00074
0.641925 0.00074
0.642129 0.00074
0.642333 0.00074
0.642537 0.00074
0.642741 0.00074
0.642945 0.000744
0.643148 0.000744
0.643352 0.000744
0.643556 0.000744
0.64376 0.000744
0.643964 0.000744
0.644168 0.000744
0.644372 0.000744
0.644576 0.000744
0.64478 0.000744
0.644984 0.000744
0.645188 0.000744
0.645392 0.000744
0.645595 0.000744
0.645799 0.000744
0.646003 0.000744
0.646207 0.000744
0.646411 0.000744
0.646615 0.000744
0.646819 0.000744
0.647023 0.000744
0.647227 0.000886
0.647431 0.000886
0.647635 0.000886
0.647838 0.000886
0.648042 0.000886
0.648246 0.000886
0.64845 0.000886
0.648654 0.000886
0.648858 0.000886
0.649062 0.000886
0.649266 0.000886
0.64947 0.000886
0.649674 0.000886
0.649878 0.000886
0.650082 0.000886
0.650285 0.000886
0.650489 0.000886
0.650693 0.000886
0.650897 0.00089
0.651101 0.00089
0.651305 0.000898
0.651509 0.000898
0.651713 0.000898
0.651917 0.000898
0.652121 0.000898
0.652325 0.000898
0.652529 0.000898
0.652732 0.000898
0.652936 0.000898
0.65314 0.000898
0.653344 0.000898
0.653548 0.000898
0.653752 0.000898
0.653956 0.000898
0.65416 0.000898
0.654364 0.000898
0.654568 0.000898
0.654772 0.000898
0.654976 0.000898
0.655179 0.000898
0.655383 0.000898
0.655587 0.000898
0.655791 0.000898
0.655995 0.000898
0.656199 0.000898
0.656403 0.000898
0.656607 0.000898
0.656811 0.000898
0.657015 0.000898
0.657219 0.000898
0.657423 0.000898
0.657626 0.000898
0.65783 0.000898
0.658034 0.000898
0.658238 0.000898
0.658442 0.000898
0.658646 0.000898
0.65885 0.000898
0.659054 0.000898
0.659258 0.000898
0.659462 0.000898
0.659666 0.000898
0.659869 0.000898
0.660073 0.000898
0.660277 0.000898
0.660481 0.000898
0.660685 0.000898
0.660889 0.000898
0.661093 0.000898
0.661297 0.000898
0.661501 0.000898
0.661705 0.000898
0.661909 0.000898
0.662113 0.000898
0.662316 0.000898
0.66252 0.000898
0.662724 0.000898
0.662928 0.000898
0.663132 0.000898
0.663336 0.000898
0.66354 0.000898
0.663744 0.000898
0.663948 0.000898
0.664152 0.000898
0.664356 0.000898
0.66456 0.000898
0.664763 0.000898
0.664967 0.000898
0.665171 0.000898
0.665375 0.000898
0.665579 0.000898
0.665783 0.000898
0.665987 0.000898
0.666191 0.000898
0.666395 0.000898
0.666599 0.000898
0.666803 0.000898
0.667007 0.000898
0.66721 0.000898
0.667414 0.000898
0.667618 0.000898
0.667822 0.000898
0.668026 0.000898
0.66823 0.000898
0.668434 0.000898
0.668638 0.000898
0.668842 0.000898
0.669046 0.000898
0.66925 0.000898
0.669454 0.000898
0.669657 0.000898
0.669861 0.000898
0.670065 0.000898
0.670269 0.000898
0.670473 0.000898
0.670677 0.000898
0.670881 0.000898
0.671085 0.000898
0.671289 0.000898
0.671493 0.000898
0.671697 0.000898
0.6719 0.000898
0.672104 0.000898
0.672308 0.000898
0.672512 0.000898
0.672716 0.000898
0.67292 0.000898
0.673124 0.000898
0.673328 0.000898
0.673532 0.000898
0.673736 0.000898
0.67394 0.000898
0.674144 0.000898
0.674347 0.000898
0.674551 0.000898
0.674755 0.000898
0.674959 0.000898
0.675163 0.0009
0.675367 0.0009
0.675571 0.0009
0.675775 0.0009
0.675979 0.00087
0.676183 0.00087
0.676387 0.00087
0.676591 0.00087
0.676794 0.00087
0.676998 0.00087
0.677202 0.00087
0.677406 0.00087
0.67761 0.00087
0.677814 0.00087
0.678018 0.00087
0.678222 0.00087
0.678426 0.00087
0.67863 0.00087
0.678834 0.00087
0.679038 0.00087
0.679241 0.00087
0.679445 0.00087
0.679649 0.00087
0.679853 0.00087
0.680057 0.00087
0.680261 0.00087
0.680465 0.00087
0.680669 0.00087
0.680873 0.00087
0.681077 0.00087
0.681281 0.00087
0.681485 0.00087
0.681688 0.00087
0.681892 0.00087
0.682096 0.000874
0.6823 0.000874
0.682504 0.000874
0.682708 0.000874
0.682912 0.000874
0.683116 0.000874
0.68332 0.000874
0.683524 0.000874
0.683728 0.000874
0.683931 0.000874
0.684135 0.000874
0.684339 0.000874
0.684543 0.000874
0.684747 0.000878
0.684951 0.000878
0.685155 0.000878
0.685359 0.000878
0.685563 0.000878
0.685767 0.0009
0.685971 0.0009
0.686175 0.0009
0.686378 0.0009
0.686582 0.0009
0.686786 0.0009
0.68699 0.0009
0.687194 0.0009
0.687398 0.0009
0.687602 0.0009
0.687806 0.0009
0.68801 0.0009
0.688214 0.0009
0.688418 0.0009
0.688622 0.0009
0.688825 0.0009
0.689029 0.0009
0.689233 0.0009
0.689437 0.0009
0.689641 0.0009
0.689845 0.0009
0.690049 0.0009
0.690253 0.0009
0.690457 0.0009
0.690661 0.0009
0.690865 0.0009
0.691069 0.0009
0.691272 0.000904
0.691476 0.000904
0.69168 0.000904
0.691884 0.000904
0.692088 0.000904
0.692292 0.00091
0.692496 0.00091
0.6927 0.00091
0.692904 0.00091
0.693108 0.00091
0.693312 0.00091
0.693515 0.00091
0.693719 0.00091
0.693923 0.00091
0.694127 0.00091
0.694331 0.00091
0.694535 0.00091
0.694739 0.00091
0.694943 0.00091
0.695147 0.00091
0.695351 0.00091
0.695555 0.00091
0.695759 0.00091
0.695962 0.00091
0.696166 0.00091
0.69637 0.00091
0.696574 0.00091
0.696778 0.00091
0.696982 0.00091
0.697186 0.00091
0.69739 0.00091
0.697594 0.00091
0.697798 0.00091
0.698002 0.00091
0.698206 0.00091
0.698409 0.00091
0.698613 0.00091
0.698817 0.00091
0.699021 0.00091
0.699225 0.00091
0.699429 0.00091
0.699633 0.00091
0.699837 0.00091
0.700041 0.00091
0.700245 0.00091
0.700449 0.000924
0.700653 0.000924
0.700856 0.000924
0.70106 0.000924
0.701264 0.000924
0.701468 0.000924
0.701672 0.000924
0.701876 0.00063
0.70208 0.000338
0.702284 0.000338
0.702488 0.000338
0.702692 0.000338
0.702896 0.000338
0.7031 0.000338
0.703303 0.000338
0.703507 0.000338
0.703711 0.000338
0.703915 0.000338
0.704119 0.000338
0.704323 0.000338
0.704527 0.000338
0.704731 0.000338
0.704935 0.000338
0.705139 0.000338
0.705343 0.000338
0.705546 0.000338
0.70575 0.000338
0.705954 0.000338
0.706158 0.000338
0.706362 0.000338
0.706566 0.000338
0.70677 0.000338
0.706974 0.000338
0.707178 0.000338
0.707382 0.000338
0.707586 0.000338
0.70779 0.000338
0.707993 0.000338
0.708197 0.000338
0.708401 0.000338
0.708605 0.000338
0.708809 0.000338
0.709013 0.000338
0.709217 0.000338
0.709421 0.000338
0.709625 0.000338
0.709829 0.000338
0.710033 0.000338
0.710237 0.000338
0.71044 0.000338
0.710644 0.000338
0.710848 0.000338
0.711052 0.000338
0.711256 0.000338
0.71146 0.000338
0.711664 0.000338
0.711868 0.000338
0.712072 0.000338
0.712276 0.000338
0.71248 0.000338
0.712684 0.000338
0.712887 0.000338
0.713091 0.000338
0.713295 0.000338
0.713499 0.000338
0.713703 0.000338
0.713907 0.000338
0.714111 0.000338
0.714315 0.000338
0.714519 0.000338
0.714723 0.000338
0.714927 0.000338
0.715131 0.000338
0.715334 0.000338
0.715538 0.000338
0.715742 0.000338
0.715946 0.000338
0.71615 0.000338
0.716354 0.000338
0.716558 0.000338
0.716762 0.000338
0.716966 0.000338
0.71717 0.000338
0.717374 0.000338
0.717577 0.000342
0.717781 0.000342
0.717985 0.000342
0.718189 0.000342
0.718393 0.000342
0.718597 0.000342
0.718801 0.000342
0.719005 0.000342
0.719209 0.000342
0.719413 0.000342
0.719617 0.000342
0.719821 0.000342
0.720024 0.000342
0.720228 0.000342
0.720432 0.000342
0.720636 0.000342
0.72084 0.000342
0.721044 0.000342
0.721248 0.000342
0.721452 0.000342
0.721656 0.000342
0.72186 0.000344
0.722064 0.000344
0.722268 0.000344
0.722471 0.000344
0.722675 0.00033
0.722879 0.00033
0.723083 0.00033
0.723287 0.00033
0.723491 0.00033
0.723695 0.00033
0.723899 0.00033
0.724103 0.00033
0.724307 0.00033
0.724511 0.00033
0.724715 0.00033
0.724918 0.00033
0.725122 0.00033
0.725326 0.00033
0.72553 0.00033
0.725734 0.00033
0.725938 0.00033
0.726142 0.00033
0.726346 0.00033
0.72655 0.00033
0.726754 0.00033
0.726958 0.00033
0.727162 0.00033
0.727365 0.00033
0.727569 0.00033
0.727773 0.00033
0.727977 0.00033
0.728181 0.00033
0.728385 0.00033
0.728589 0.00033
0.728793 0.00033
0.728997 0.00033
0.729201 0.00033
0.729405 0.00033
0.729608 0.00033
0.729812 0.000352
0.730016 0.000352
0.73022 0.000352
0.730424 0.000352
0.730628 0.000352
0.730832 0.000352
0.731036 0.000352
0.73124 0.000352
0.731444 0.000352
0.731648 0.000352
0.731852 0.000352
0.732055 0.000352
0.732259 0.000352
0.732463 0.000352
0.732667 0.000394
0.732871 0.000394
0.733075 0.000394
0.733279 0.000394
0.733483 0.000394
0.733687 0.000394
0.733891 0.00024
0.734095 0.00024
0.734299 0.00024
0.734502 0.00024
0.734706 0.00024
0.73491 0.00024
0.735114 0.00024
0.735318 0.00024
0.735522 0.00024
0.735726 0.00024
0.73593 0.00024
0.736134 0.00024
0.736338 0.00024
0.736542 0.00024
0.736746 0.00024
0.736949 0.00024
0.737153 0.00024
0.737357 0.00024
0.737561 0.00024
0.737765 0.00024
0.737969 0.00024
0.738173 0.00024
0.738377 0.00024
0.738581 0.00024
0.738785 0.00024
0.738989 0.00024
0.739192 0.00024
0.739396 0.00024
0.7396 0.00024
0.739804 0.00024
0.740008 0.00024
0.740212 0.00024
0.740416 0.00024
0.74062 0.00024
0.740824 0.00024
0.741028 0.00024
0.741232 0.00024
0.741436 0.00024
0.741639 0.00024
0.741843 0.00024
0.742047 0.00024
0.742251 0.00024
0.742455 0.00024
0.742659 0.00024
0.742863 0.00024
0.743067 0.000254
0.743271 0.000254
0.743475 0.000254
0.743679 0.000254
0.743883 0.000256
0.744086 0.000256
0.74429 0.000256
0.744494 0.000256
0.744698 0.000256
0.744902 0.000256
0.745106 0.000256
0.74531 0.000256
0.745514 0.000256
0.745718 0.000256
0.745922 0.000256
0.746126 0.000256
0.74633 0.000258
0.746533 0.000258
0.746737 0.000258
0.746941 0.000258
0.747145 0.000258
0.747349 0.000258
0.747553 0.000258
0.747757 0.000258
0.747961 0.000258
0.748165 0.000258
0.748369 0.000258
0.748573 0.000258
0.748777 0.000258
0.74898 0.000258
0.749184 0.000258
0.749388 0.000258
0.749592 0.000258
0.749796 0.000258
0.75 0.000258
0.750204 0.000258
0.750408 0.000258
0.750612 0.000258
0.750816 0.000258
0.75102 0.000258
0.751223 0.000258
0.751427 0.000258
0.751631 0.000258
0.751835 0.000258
0.752039 0.000258
0.752243 0.000258
0.752447 0.000258
0.752651 0.000258
0.752855 0.000258
0.753059 0.000258
0.753263 0.000258
0.753467 0.000258
0.75367 0.000258
0.753874 0.000258
0.754078 0.000258
0.754282 0.000258
0.754486 0.000258
0.75469 0.000258
0.754894 0.000258
0.755098 0.000258
0.755302 0.000258
0.755506 0.000258
0.75571 0.000258
0.755914 0.000258
0.756117 0.000258
0.756321 0.000258
0.756525 0.00026
0.756729 0.000284
0.756933 0.000284
0.757137 0.000284
0.757341 0.000284
0.757545 0.000284
0.757749 0.000284
0.757953 0.000284
0.758157 0.000284
0.758361 0.000284
0.758564 0.000284
0.758768 0.000284
0.758972 0.000284
0.759176 0.000284
0.75938 0.000284
0.759584 0.000284
0.759788 0.000284
0.759992 0.000284
0.760196 0.000284
0.7604 0.000284
0.760604 0.000284
0.760808 0.000284
0.761011 0.000284
0.761215 0.000284
0.761419 0.000284
0.761623 0.000284
0.761827 0.000284
0.762031 0.000284
0.762235 0.000284
0.762439 0.000284
0.762643 0.000284
0.762847 0.000284
0.763051 0.000284
0.763254 0.000284
0.763458 0.000284
0.763662 0.000284
0.763866 0.000284
0.76407 0.000284
0.764274 0.000284
0.764478 0.000284
0.764682 0.000284
0.764886 0.000284
0.76509 0.000284
0.765294 0.000284
0.765498 0.000284
0.765701 0.000284
0.765905 0.000284
0.766109 0.000284
0.766313 0.000284
0.766517 0.000284
0.766721 0.000284
0.766925 0.000284
0.767129 0.000284
0.767333 0.000284
0.767537 0.000284
0.767741 0.000222
0.767945 0.000222
0.768148 0.000222
0.768352 0.000222
0.768556 0.000222
0.76876 0.000222
0.768964 0.000222
0.769168 0.000222
0.769372 0.000222
0.769576 0.000222
0.76978 0.000222
0.769984 0.000222
0.770188 0.000222
0.770392 0.000222
0.770595 0.000222
0.770799 0.000222
0.771003 0.000222
0.771207 0.000222
0.771411 0.000222
0.771615 0.000222
0.771819 0.000222
0.772023 0.000222
0.772227 0.000222
0.772431 0.000222
0.772635 0.000222
0.772838 0.000222
0.773042 0.000222
0.773246 0.000222
0.77345 0.000222
0.773654 0.000222
0.773858 0.000222
0.774062 0.000222
0.774266 0.000222
0.77447 0.000222
0.774674 0.000222
0.774878 0.000222
0.775082 0.000222
0.775285 0.000222
0.775489 0.000222
0.775693 0.000222
0.775897 0.000222
0.776101 0.000222
0.776305 0.000222
0.776509 0.000222
0.776713 0.000222
0.776917 0.000222
0.777121 0.000222
0.777325 0.000222
0.777529 0.000222
0.777732 0.000222
0.777936 0.000222
0.77814 0.000222
0.778344 0.000222
0.778548 0.000222
0.778752 0.000222
0.778956 0.000222
0.77916 0.000222
0.779364 0.000222
0.779568 0.000222
0.779772 0.000244
0.779976 0.000244
0.780179 0.000244
0.780383 0.000244
0.780587 0.000244
0.780791 0.000244
0.780995 0.000244
0.781199 0.000244
0.781403 0.000244
0.781607 0.000244
0.781811 0.000244
0.782015 0.000244
0.782219 0.000244
0.782423 0.000244
0.782626 0.000244
0.78283 0.000248
0.783034 0.000248
0.783238 0.000248
0.783442 0.000248
0.783646 0.000252
0.78385 0.000252
0.784054 0.000252
0.784258 0.000252
0.784462 0.000252
0.784666 0.000252
0.784869 0.000252
0.785073 0.000252
0.785277 0.000252
0.785481 0.000252
0.785685 0.000252
0.785889 0.000252
0.786093 0.000252
0.786297 0.000252
0.786501 0.000252
0.786705 0.000252
0.786909 0.000252
0.787113 0.000252
0.787316 0.000252
0.78752 0.000252
0.787724 0.000252
0.787928 0.000252
0.788132 0.000252
0.788336 0.000252
0.78854 0.000252
0.788744 0.000252
0.788948 0.000252
0.789152 0.000252
0.789356 0.000252
0.78956 0.000252
0.789763 0.000252
0.789967 0.000252
0.790171 0.000252
0.790375 0.000252
0.790579 0.000252
0.790783 0.000252
0.790987 0.000252
0.791191 0.000252
0.791395 0.000252
0.791599 0.000252
0.791803 0.000252
0.792007 0.000252
0.79221 0.000252
0.792414 0.000252
0.792618 0.000252
0.792822 0.000252
0.793026 0.000252
0.79323 0.000252
0.793434 0.000252
0.793638 0.000252
0.793842 0.000252
0.794046 0.000252
0.79425 0.000252
0.794454 0.000252
0.794657 0.000252
0.794861 0.000252
0.795065 0.000252
0.795269 0.000252
0.795473 0.000252
0.795677 0.000252
0.795881 0.000252
0.796085 0.000252
0.796289 0.000252
0.796493 0.000252
0.796697 0.000252
0.7969 0.000252
0.797104 0.000252
0.797308 0.000252
0.797512 0.000252
0.797716 0.000252
0.79792 0.000252
0.798124 0.000252
0.798328 0.000252
0.798532 0.000252
0.798736 0.000252
0.79894 0.000252
0.799144 0.000252
0.799347 0.000252
0.799551 0.000252
0.799755 0.000252
0.799959 0.000252
0.800163 0.000252
0.800367 0.000252
0.800571 0.000252
0.800775 0.000252
0.800979 0.000252
0.801183 0.000252
0.801387 0.000252
0.801591 0.000252
0.801794 0.000252
0.801998 0.000252
0.802202 0.000252
0.802406 0.000252
0.80261 0.000252
0.802814 0.000252
0.803018 0.000252
0.803222 0.000252
0.803426 0.000252
0.80363 0.000252
0.803834 0.000252
0.804038 0.000252
0.804241 0.000252
0.804445 0.000252
0.804649 0.000252
0.804853 0.000252
0.805057 0.000252
0.805261 0.000252
0.805465 0.000252
0.805669 0.000252
0.805873 0.000252
0.806077 0.000252
0.806281 0.000252
0.806485 0.000252
0.806688 0.000252
0.806892 0.000252
0.807096 0.000252
0.8073 0.000252
0.807504 0.000252
0.807708 0.000252
0.807912 0.000252
0.808116 0.000252
0.80832 0.000252
0.808524 0.000252
0.808728 0.000252
0.808931 0.000252
0.809135 0.000252
0.809339 0.000252
0.809543 0.000252
0.809747 0.000252
0.809951 0.000252
0.810155 0.000252
0.810359 0.000252
0.810563 0.000252
0.810767 0.000252
0.810971 0.000252
0.811175 0.000252
0.811378 0.000252
0.811582 0.000252
0.811786 0.000252
0.81199 0.000252
0.812194 0.000252
0.812398 0.000252
0.812602 0.000252
0.812806 0.000252
0.81301 0.000252
0.813214 0.000252
0.813418 0.000252
0.813622 0.000252
0.813825 0.000252
0.814029 0.000252
0.814233 0.000252
0.814437 0.000252
0.814641 0.000252
0.814845 0.000252
0.815049 0.000252
0.815253 0.000252
0.815457 0.000252
0.815661 0.000252
0.815865 0.000166
0.816069 0.00015
0.816272 0.00015
0.816476 0.00015
0.81668 0.00015
0.816884 0.00015
0.817088 0.00015
0.817292 0.00015
0.817496 0.00015
0.8177 0.00015
0.817904 0.00015
0.818108 0.00015
0.818312 0.00015
0.818515 0.00015
0.818719 0.00015
0.818923 0.00015
0.819127 0.00015
0.819331 0.00015
0.819535 0.00015
0.819739 0.00015
0.819943 0.00015
0.820147 0.00015
0.820351 0.00015
0.820555 0.00015
0.820759 0.00015
0.820962 0.00015
0.821166 0.00015
0.82137 0.00015
0.821574 0.00015
0.821778 0.00015
0.821982 0.00015
0.822186 0.00015
0.82239 0.00015
0.822594 0.000154
0.822798 0.000154
0.823002 0.000154
0.823206 0.000154
0.823409 0.000154
0.823613 0.000154
0.823817 0.000154
0.824021 0.000154
0.824225 0.000154
0.824429 0.000154
0.824633 0.000154
0.824837 0.000154
0.825041 0.000154
0.825245 0.000154
0.825449 0.000154
0.825653 0.000154
0.825856 0.000154
0.82606 0.000162
0.826264 0.000162
0.826468 0.000162
0.826672 0.000162
0.826876 0.000162
0.82708 0.000162
0.827284 0.000162
0.827488 0.000162
0.827692 0.000162
0.827896 0.000162
0.8281 0.000162
0.828303 0.000162
0.828507 0.000162
0.828711 0.000182
0.828915 0.000182
0.829119 0.000182
0.829323 0.000182
0.829527 0.000182
0.829731 0.000182
0.829935 0.000182
0.830139 0.000182
0.830343 0.000182
0.830546 0.000182
0.83075 0.000182
0.830954 0.000182
0.831158 0.000182
0.831362 0.000182
0.831566 0.000182
0.83177 0.000182
0.831974 0.000182
0.832178 0.000182
0.832382 0.000182
0.832586 0.000182
0.83279 0.000182
0.832993 0.000182
0.833197 0.000182
0.833401 0.000182
0.833605 0.000202
0.833809 0.000202
0.834013 0.000202
0.834217 0.000202
0.834421 0.000202
0.834625 0.000202
0.834829 0.000202
0.835033 0.000202
0.835237 0.000202
0.83544 0.000202
0.835644 0.000202
0.835848 0.000202
0.836052 0.000202
0.836256 0.000202
0.83646 0.000202
0.836664 0.000202
0.836868 0.000202
0.837072 0.000202
0.837276 0.000202
0.83748 0.000202
0.837684 0.000202
0.837887 0.000202
0.838091 0.000202
0.838295 0.000202
0.838499 0.000202
0.838703 0.000202
0.838907 0.000202
0.839111 0.000202
0.839315 0.000202
0.839519 0.000202
0.839723 0.000202
0.839927 0.000202
0.840131 0.000202
0.840334 0.000202
0.840538 0.000202
0.840742 0.000202
0.840946 0.000202
0.84115 0.000202
0.841354 0.000202
0.841558 0.000202
0.841762 0.000202
0.841966 0.000202
0.84217 0.000202
0.842374 0.000202
0.842577 0.000214
0.842781 0.000214
0.842985 0.000214
0.843189 0.000214
0.843393 0.000214
0.843597 0.000214
0.843801 0.000228
0.844005 0.000228
0.844209 0.000228
0.844413 0.000228
0.844617 0.000228
0.844821 0.000228
0.845024 0.000228
0.845228 0.000228
0.845432 0.000228
0.845636 0.000228
0.84584 0.000228
0.846044 0.000228
0.846248 0.000228
0.846452 0.000228
0.846656 0.000228
0.84686 0.000228
0.847064 0.000228
0.847268 0.000228
0.847471 0.000228
0.847675 0.000228
0.847879 0.000228
0.848083 0.000228
0.848287 0.000228
0.848491 0.000228
0.848695 0.000228
0.848899 0.000228
0.849103 0.000228
0.849307 0.000228
0.849511 0.000228
0.849715 0.000228
0.849918 0.000228
0.850122 0.000228
0.850326 0.000228
0.85053 0.000228
0.850734 0.000228
0.850938 0.000228
0.851142 0.000228
0.851346 0.000228
0.85155 0.000228
0.851754 0.000228
0.851958 0.000228
0.852162 0.000228
0.852365 0.000228
0.852569 0.000228
0.852773 0.000228
0.852977 0.000228
0.853181 0.000228
0.853385 0.000228
0.853589 0.000228
0.853793 0.000228
0.853997 0.000228
0.854201 0.000228
0.854405 0.000228
0.854608 0.000228
0.854812 0.000228
0.855016 0.000228
0.85522 0.000228
0.855424 0.000228
0.855628 0.000228
0.855832 0.000228
0.856036 0.000228
0.85624 0.00017
0.856444 0.00017
0.856648 0.00017
0.856852 0.00017
0.857055 0.00017
0.857259 0.00017
0.857463 0.00017
0.857667 0.00017
0.857871 0.00017
0.858075 0.00017
0.858279 0.00017
0.858483 0.00017
0.858687 0.00017
0.858891 0.00017
0.859095 0.00017
0.859299 0.00017
0.859502 0.00017
0.859706 0.00017
0.85991 0.00017
0.860114 0.00017
0.860318 0.00017
0.860522 0.00017
0.860726 0.00017
0.86093 0.00017
0.861134 0.00017
0.861338 0.00017
0.861542 0.00017
0.861746 0.00017
0.861949 0.00017
0.862153 0.00017
0.862357 0.00017
0.862561 0.00017
0.862765 0.00017
0.862969 0.00017
0.863173 0.00017
0.863377 0.00017
0.863581 0.00017
0.863785 0.00017
0.863989 0.00017
0.864192 0.00017
0.864396 0.00017
0.8646 0.00017
0.864804 0.00017
0.865008 0.00017
0.865212 0.00017
0.865416 0.00017
0.86562 0.00017
0.865824 0.00017
0.866028 0.00017
0.866232 0.00017
0.866436 0.00017
0.866639 0.00017
0.866843 0.00017
0.867047 0.00017
0.867251 0.00017
0.867455 0.00017
0.867659 0.00017
0.867863 0.00017
0.868067 0.00017
0.868271 0.00017
0.868475 0.00017
0.868679 0.00017
0.868883 0.00017
0.869086 0.0002
0.86929 0.0002
0.869494 0.0002
0.869698 0.0002
0.869902 0.0002
0.870106 0.0002
0.87031 0.0002
0.870514 0.00017
0.870718 0.00017
0.870922 0.00017
0.871126 0.00017
0.87133 0.00017
0.871533 0.00017
0.871737 0.00017
0.871941 0.00017
0.872145 0.00017
0.872349 0.000178
0.872553 0.000178
0.872757 0.000178
0.872961 0.000178
0.873165 0.000178
0.873369 0.000178
0.873573 0.000178
0.873777 0.000178
0.87398 0.000178
0.874184 0.000178
0.874388 0.000178
0.874592 0.000178
0.874796 0.000178
0.875 0.000178
0.875204 0.000178
0.875408 0.000178
0.875612 0.000178
0.875816 0.000178
0.87602 0.000178
0.876223 0.000178
0.876427 0.000178
0.876631 0.000178
0.876835 0.000178
0.877039 0.000178
0.877243 0.000178
0.877447 0.000178
0.877651 0.000178
0.877855 0.000178
0.878059 0.000178
0.878263 0.000178
0.878467 0.000178
0.87867 0.000178
0.878874 0.000178
0.879078 0.000178
0.879282 0.000178
0.879486 0.000178
0.87969 0.000178
0.879894 0.000178
0.880098 0.000178
0.880302 0.000178
0.880506 0.000178
0.88071 0.000178
0.880914 0.000178
0.881117 0.000178
0.881321 0.000178
0.881525 0.000178
0.881729 0.000178
0.881933 0.000178
0.882137 0.000178
0.882341 0.000178
0.882545 0.000178
0.882749 0.000178
0.882953 0.000178
0.883157 0.000178
0.883361 0.000178
0.883564 0.000178
0.883768 0.000178
0.883972 0.000178
0.884176 0.000178
0.88438 0.000178
0.884584 0.000178
0.884788 0.000178
0.884992 0.000148
0.885196 0.000148
0.8854 0.000148
0.885604 0.000148
0.885808 0.000148
0.886011 0.000148
0.886215 0.000148
0.886419 0.000148
0.886623 0.000148
0.886827 0.000148
0.887031 0.000148
0.887235 0.000148
0.887439 0.000148
0.887643 0.000148
0.887847 0.000148
0.888051 0.000148
0.888254 0.000148
0.888458 0.000148
0.888662 0.000148
0.888866 0.000148
0.88907 0.000148
0.889274 0.000148
0.889478 0.000148
0.889682 0.000148
0.889886 0.000148
0.89009 0.000148
0.890294 0.000148
0.890498 0.000148
0.890701 0.000148
0.890905 0.000148
0.891109 0.000148
0.891313 0.000148
0.891517 0.000148
0.891721 0.000148
0.891925 0.000148
0.892129 0.000148
0.892333 0.000148
0.892537 0.000148
0.892741 0.000148
0.892945 0.000148
0.893148 0.000148
0.893352 0.000148
0.893556 0.000148
0.89376 0.000148
0.893964 0.000148
0.894168 0.000148
0.894372 0.000148
0.894576 0.000148
0.89478 0.000148
0.894984 0.000148
0.895188 0.000148
0.895392 0.000148
0.895595 0.000148
0.895799 0.000148
0.896003 0.000148
0.896207 0.000148
0.896411 0.000148
0.896615 0.000148
0.896819 0.000148
0.897023 0.000148
0.897227 0.000148
0.897431 0.000148
0.897635 0.000148
0.897838 0.000148
0.898042 0.000148
0.898246 0.000148
0.89845 0.000148
0.898654 0.000148
0.898858 0.000148
0.899062 0.00015
0.899266 0.00015
0.89947 0.00015
0.899674 0.00015
0.899878 0.00015
0.900082 0.00015
0.900285 0.00015
0.900489 0.00015
0.900693 0.00015
0.900897 0.00015
0.901101 0.00015
0.901305 0.00015
0.901509 0.00015
0.901713 0.00015
0.901917 0.00015
0.902121 0.00015
0.902325 0.00015
0.902529 0.00015
0.902732 0.00015
0.902936 0.00015
0.90314 0.00015
0.903344 0.00015
0.903548 0.00015
0.903752 0.00015
0.903956 0.00015
0.90416 0.00015
0.904364 0.00015
0.904568 0.00015
0.904772 0.00015
0.904976 0.00015
0.905179 0.00015
0.905383 0.00015
0.905587 0.00015
0.905791 0.00015
0.905995 0.00015
0.906199 0.00015
0.906403 0.00015
0.906607 0.00015
0.906811 0.00015
0.907015 0.00015
0.907219 0.00015
0.907423 0.00015
0.907626 0.00015
0.90783 0.00015
0.908034 0.00015
0.908238 0.00015
0.908442 0.00015
0.908646 0.00015
0.90885 0.00015
0.909054 0.00015
0.909258 0.00015
0.909462 0.00015
0.909666 0.00015
0.909869 0.00015
0.910073 0.00015
0.910277 0.00015
0.910481 0.00015
0.910685 0.00015
0.910889 0.00015
0.911093 0.00015
0.911297 0.00015
0.911501 0.00015
0.911705 0.00015
0.911909 0.00015
0.912113 0.00015
0.912316 0.00015
0.91252 0.00015
0.912724 0.00015
0.912928 0.000124
0.913132 0.000124
0.913336 0.000124
0.91354 0.000124
0.913744 0.000124
0.913948 0.000124
0.914152 0.000124
0.914356 0.000124
0.91456 0.000124
0.914763 0.000124
0.914967 0.000124
0.915171 0.000124
0.915375 0.000124
0.915579 0.000124
0.915783 0.000124
0.915987 0.000124
0.916191 0.000124
0.916395 0.000124
0.916599 0.000124
0.916803 0.000124
0.917007 0.000124
0.91721 0.000124
0.917414 0.000124
0.917618 0.000124
0.917822 0.000124
0.918026 0.000124
0.91823 0.000124
0.918434 0.000126
0.918638 0.000126
0.918842 0.000126
0.919046 0.000126
0.91925 0.000126
0.919454 0.000126
0.919657 0.000126
0.919861 0.000126
0.920065 0.000126
0.920269 0.000126
0.920473 0.000126
0.920677 0.000126
0.920881 0.000126
0.921085 0.000126
0.921289 0.000126
0.921493 0.000126
0.921697 0.000126
0.9219 0.000126
0.922104 0.000126
0.922308 0.000126
0.922512 0.000126
0.922716 0.000126
0.92292 0.000126
0.923124 0.000126
0.923328 0.000126
0.923532 0.000126
0.923736 0.000126
0.92394 0.000126
0.924144 0.000126
0.924347 0.000126
0.924551 0.000126
0.924755 0.000126
0.924959 0.000126
0.925163 0.000126
0.925367 0.000126
0.925571 0.000126
0.925775 0.000126
0.925979 0.000126
0.926183 0.000138
0.926387 0.000138
0.926591 0.000138
0.926794 0.000138
0.926998 0.000138
0.927202 0.000138
0.927406 0.000138
0.92761 0.000138
0.927814 0.000138
0.928018 0.000138
0.928222 0.000138
0.928426 0.000138
0.92863 0.000138
0.928834 0.000138
0.929038 0.000138
0.929241 0.000138
0.929445 0.000138
0.929649 0.000138
0.929853 0.000138
0.930057 0.000138
0.930261 0.000138
0.930465 0.000138
0.930669 0.000138
0.930873 0.000138
0.931077 0.000138
0.931281 0.000138
0.931485 0.000138
0.931688 0.000138
0.931892 0.000138
0.932096 0.000138
0.9323 0.000138
0.932504 0.000138
0.932708 0.000138
0.932912 0.000138
0.933116 0.000138
0.93332 0.000138
0.933524 0.000138
0.933728 0.000138
0.933931 0.000138
0.934135 0.000138
0.934339 0.000138
0.934543 0.000138
0.934747 0.000138
0.934951 0.000138
0.935155 0.000138
0.935359 0.000138
0.935563 0.000138
0.935767 0.000138
0.935971 0.000138
0.936175 0.000138
0.936378 0.000138
0.936582 0.000138
0.936786 0.000138
0.93699 0.000138
0.937194 0.000138
0.937398 0.000138
0.937602 0.000138
0.937806 0.000138
0.93801 0.000138
0.938214 0.000138
0.938418 0.000138
0.938622 0.000138
0.938825 0.000138
0.939029 0.000138
0.939233 0.000138
0.939437 0.000138
0.939641 0.000138
0.939845 0.000138
0.940049 0.000138
0.940253 0.000138
0.940457 0.000138
0.940661 0.000138
0.940865 0.000138
0.941069 0.000138
0.941272 0.000138
0.941476 0.000138
0.94168 0.00017
0.941884 0.00017
0.942088 0.000114
0.942292 0.000114
0.942496 0.000114
0.9427 0.000114
0.942904 0.000114
0.943108 0.000114
0.943312 0.000114
0.943515 0.000114
0.943719 0.000114
0.943923 0.000114
0.944127 0.000114
0.944331 0.000114
0.944535 0.000114
0.944739 0.000114
0.944943 0.000114
0.945147 0.000114
0.945351 0.000114
0.945555 0.000114
0.945759 0.000122
0.945962 0.000122
0.946166 0.000122
0.94637 0.000122
0.946574 0.000122
0.946778 0.000122
0.946982 0.000122
0.947186 0.000122
0.94739 0.000122
0.947594 0.000122
0.947798 0.000122
0.948002 0.000122
0.948206 0.000122
0.948409 0.000122
0.948613 0.000122
0.948817 0.000122
0.949021 0.000122
0.949225 0.000122
0.949429 0.000122
0.949633 0.000122
0.949837 0.000122
0.950041 0.000122
0.950245 0.000122
0.950449 0.000122
0.950653 0.000122
0.950856 0.000122
0.95106 0.000122
0.951264 0.000122
0.951468 0.000122
0.951672 0.000122
0.951876 0.000122
0.95208 0.000122
0.952284 0.000122
0.952488 0.000122
0.952692 0.000122
0.952896 0.000122
0.9531 0.000122
0.953303 0.000122
0.953507 0.000122
0.953711 0.000122
0.953915 0.000122
0.954119 0.000122
0.954323 0.000122
0.954527 0.000122
0.954731 0.000122
0.954935 0.000122
0.955139 0.000122
0.955343 0.000122
0.955546 0.000122
0.95575 0.000122
0.955954 0.000122
0.956158 0.000122
0.956362 0.000122
0.956566 0.000122
0.95677 0.000122
0.956974 0.000122
0.957178 0.000122
0.957382 0.000122
0.957586 0.000122
0.95779 0.000122
0.957993 0.000122
0.958197 0.000146
0.958401 0.000146
0.958605 0.000146
0.958809 0.000146
0.959013 0.000146
0.959217 0.000146
0.959421 0.000146
0.959625 0.000148
0.959829 0.000148
0.960033 0.000148
0.960237 0.000148
0.96044 0.000148
0.960644 0.000148
0.960848 0.000148
0.961052 0.000148
0.961256 0.000148
0.96146 0.000148
0.961664 0.000148
0.961868 0.000148
0.962072 0.000148
0.962276 0.000154
0.96248 0.000154
0.962684 0.000154
0.962887 0.000154
0.963091 0.000154
0.963295 0.000154
0.963499 0.000154
0.963703 0.000154
0.963907 0.000154
0.964111 0.000154
0.964315 0.000154
0.964519 0.000154
0.964723 0.000154
0.964927 0.000154
0.965131 0.000154
0.965334 0.000154
0.965538 0.000154
0.965742 0.000154
0.965946 0.000154
0.96615 0.000154
0.966354 0.000154
0.966558 0.000154
0.966762 0.00016
0.966966 0.00016
0.96717 0.00016
0.967374 0.00016
0.967577 0.00016
0.967781 0.00016
0.967985 0.00016
0.968189 0.00016
0.968393 0.00016
0.968597 0.00016
0.968801 0.000102
0.969005 0.000102
0.969209 0.000102
0.969413 0.000102
0.969617 0.000102
0.969821 0.000102
0.970024 0.000102
0.970228 0.000102
0.970432 0.000102
0.970636 0.000102
0.97084 0.000102
0.971044 0.000102
0.971248 0.000102
0.971452 0.000102
0.971656 0.000102
0.97186 0.000102
0.972064 0.000102
0.972268 0.000102
0.972471 0.000102
0.972675 0.000102
0.972879 0.000102
0.973083 0.000102
0.973287 0.000102
0.973491 0.000102
0.973695 0.000102
0.973899 0.000102
0.974103 0.000102
0.974307 0.000102
0.974511 0.000102
0.974715 0.000102
0.974918 0.000102
0.975122 0.000102
0.975326 0.000102
0.97553 0.000102
0.975734 0.000102
0.975938 0.000102
0.976142 0.000102
0.976346 0.000102
0.97655 0.000102
0.976754 0.000102
0.976958 0.000102
0.977162 0.000102
0.977365 0.000102
0.977569 0.000102
0.977773 0.000102
0.977977 0.000102
0.978181 0.000102
0.978385 0.000102
0.978589 0.000102
0.978793 0.000102
0.978997 0.000102
0.979201 0.000102
0.979405 0.000102
0.979608 0.000102
0.979812 0.000102
0.980016 0.000102
0.98022 0.000102
0.980424 0.000102
0.980628 0.000102
0.980832 0.000102
0.981036 0.000102
0.98124 9.8e-05
0.981444 9.6e-05
0.981648 9.6e-05
0.981852 9.6e-05
0.982055 9.6e-05
0.982259 9.6e-05
0.982463 9.6e-05
0.982667 9.6e-05
0.982871 9.6e-05
0.983075 9.6e-05
0.983279 9.6e-05
0.983483 9.6e-05
0.983687 9.6e-05
0.983891 9.6e-05
0.984095 9.6e-05
0.984299 0.000104
0.984502 0.000104
0.984706 0.000104
0.98491 0.000104
0.985114 0.000104
0.985318 0.000104
0.985522 0.000104
0.985726 0.000104
0.98593 0.000106
0.986134 0.000106
0.986338 0.000106
0.986542 0.000106
0.986746 0.000106
0.986949 0.000106
0.987153 0.000106
0.987357 0.000106
0.987561 0.00011
0.987765 0.00011
0.987969 0.00011
0.988173 0.000144
0.988377 0.000144
0.988581 0.000144
0.988785 0.000144
0.988989 0.000144
0.989192 0.000144
0.989396 0.000144
0.9896 0.000144
0.989804 0.000144
0.990008 0.000144
0.990212 0.000158
0.990416 0.000158
0.99062 0.000166
0.990824 0.000166
0.991028 0.000166
0.991232 0.000202
0.991436 0.000112
0.991639 0.000102
0.991843 7.4e-05
0.992047 7.4e-05
0.992251 7.4e-05
0.992455 9.2e-05
0.992659 9.2e-05
0.992863 9.2e-05
0.993067 9.2e-05
0.993271 9.2e-05
0.993475 9.2e-05
0.993679 9.2e-05
0.993883 9.2e-05
0.994086 9.2e-05
0.99429 9.2e-05
0.994494 9.2e-05
0.994698 9.2e-05
0.994902 9.2e-05
0.995106 9.2e-05
0.99531 9.2e-05
0.995514 9.2e-05
0.995718 9.2e-05
0.995922 9.2e-05
0.996126 9.2e-05
0.99633 9.2e-05
0.996533 9.2e-05
0.996737 9.2e-05
0.996941 0.000106
0.997145 0.000106
0.997349 0.000106
0.997553 0.000106
0.997757 0.000108
0.997961 0.000108
0.998165 0.000108
0.998369 0.000136
0.998573 0.000228
0.998777 0.000228
0.99898 0.000368
0.999184 8.2e-05
0.999388 5.4e-05
0.999592 1e-05
0.999796 0
