0 4e-06
0.000222917 4e-06
0.000445833 4e-06
0.00066875 4e-06
0.000891667 4e-06
0.00111458 4e-06
0.0013375 4e-06
0.00156042 4e-06
0.00178333 4e-06
0.00200625 4e-06
0.00222917 4e-06
0.00245208 4e-06
0.002675 4e-06
0.00289792 4e-06
0.00312083 4e-06
0.00334375 4e-06
0.00356667 4e-06
0.00378958 4e-06
0.0040125 4e-06
0.00423542 4e-06
0.00445833 4e-06
0.00468125 4e-06
0.00490417 4e-06
0.00512708 4e-06
0.00535 4e-06
0.00557292 4e-06
0.00579584 4e-06
0.00601875 6e-06
0.00624167 6e-06
0.00646459 6e-06
0.0066875 6e-06
0.00691042 6e-06
0.00713334 6e-06
0.00735625 6e-06
0.00757917 6e-06
0.00780209 6e-06
0.008025 6e-06
0.00824792 6e-06
0.00847084 6e-06
0.00869375 6e-06
0.00891667 6e-06
0.00913959 6e-06
0.0093625 6e-06
0.00958542 6e-06
0.00980834 6e-06
0.0100313 6e-06
0.0102542 6e-06
0.0104771 6e-06
0.0107 6e-06
0.0109229 6e-06
0.0111458 6e-06
0.0113688 6e-06
0.0115917 6e-06
0.0118146 6e-06
0.0120375 6e-06
0.0122604 6e-06
0.0124833 6e-06
0.0127063 6e-06
0.0129292 6e-06
0.0131521 6e-06
0.013375 6e-06
0.0135979 6e-06
0.0138208 6e-06
0.0140438 6e-06
0.0142667 6e-06
0.0144896 6e-06
0.0147125 6e-06
0.0149354 6e-06
0.0151583 6e-06
0.0153813 6e-06
0.0156042 6e-06
0.0158271 6e-06
0.01605 6e-06
0.0162729 6e-06
0.0164958 6e-06
0.0167188 6e-06
0.0169417 6e-06
0.0171646 6e-06
0.0173875 6e-06
0.0176104 6e-06
0.0178333 6e-06
0.0180563 6e-06
0.0182792 6e-06
0.0185021 6e-06
0.018725 6e-06
0.0189479 6e-06
0.0191708 6e-06
0.0193938 6e-06
0.0196167 6e-06
0.0198396 6e-06
0.0200625 6e-06
0.0202854 6e-06
0.0205083 6e-06
0.0207313 6e-06
0.0209542 6e-06
0.0211771 6e-06
0.0214 6e-06
0.0216229 6e-06
0.0218458 6e-06
0.0220688 6e-06
0.0222917 6e-06
0.0225146 6e-06
0.0227375 6e-06
0.0229604 6e-06
0.0231833 6e-06
0.0234063 6e-06
0.0236292 6e-06
0.0238521 6e-06
0.024075 6e-06
0.0242979 6e-06
0.0245208 6e-06
0.0247438 6e-06
0.0249667 6e-06
0.0251896 6e-06
0.0254125 6e-06
0.0256354 6e-06
0.0258583 6e-06
0.0260813 6e-06
0.0263042 6e-06
0.0265271 6e-06
0.02675 6e-06
0.0269729 6e-06
0.0271958 6e-06
0.0274188 6e-06
0.0276417 6e-06
0.0278646 6e-06
0.0280875 6e-06
0.0283104 6e-06
0.0285333 6e-06
0.0287563 6e-06
0.0289792 6e-06
0.0292021 6e-06
0.029425 6e-06
0.0296479 6e-06
0.0298708 6e-06
0.0300938 6e-06
0.0303167 6e-06
0.0305396 6e-06
0.0307625 6e-06
0.0309854 6e-06
0.0312083 6e-06
0.0314313 6e-06
0.0316542 6e-06
0.0318771 6e-06
0.0321 6e-06
0.0323229 6e-06
0.0325458 6e-06
0.0327688 6e-06
0.0329917 6e-06
0.0332146 6e-06
0.0334375 6e-06
0.0336604 6e-06
0.0338833 6e-06
0.0341063 6e-06
0.0343292 6e-06
0.0345521 6e-06
0.034775 6e-06
0.0349979 6e-06
0.0352208 6e-06
0.0354438 6e-06
0.0356667 6e-06
0.0358896 6e-06
0.0361125 6e-06
0.0363354 6e-06
0.0365583 6e-06
0.0367813 6e-06
0.0370042 6e-06
0.0372271 6e-06
0.03745 6e-06
0.0376729 6e-06
0.0378958 6e-06
0.0381188 6e-06
0.0383417 6e-06
0.0385646 6e-06
0.0387875 6e-06
0.0390104 6e-06
0.0392333 8e-06
0.0394563 8e-06
0.0396792 8e-06
0.0399021 8e-06
0.040125 8e-06
0.0403479 8e-06
0.0405708 8e-06
0.0407938 8e-06
0.0410167 8e-06
0.0412396 8e-06
0.0414625 8e-06
0.0416854 8e-06
0.0419083 8e-06
0.0421313 8e-06
0.0423542 8e-06
0.0425771 8e-06
0.0428 8e-06
0.0430229 8e-06
0.0432458 8e-06
0.0434688 8e-06
0.0436917 8e-06
0.0439146 8e-06
0.0441375 8e-06
0.0443604 8e-06
0.0445833 8e-06
0.0448063 8e-06
0.0450292 8e-06
0.0452521 8e-06
0.045475 8e-06
0.0456979 8e-06
0.0459208 8e-06
0.0461438 8e-06
0.0463667 8e-06
0.0465896 8e-06
0.0468125 8e-06
0.0470354 8e-06
0.0472583 8e-06
0.0474813 8e-06
0.0477042 8e-06
0.0479271 8e-06
0.04815 8e-06
0.0483729 8e-06
0.0485958 8e-06
0.0488188 8e-06
0.0490417 8e-06
0.0492646 8e-06
0.0494875 8e-06
0.0497104 8e-06
0.0499333 8e-06
0.0501563 8e-06
0.0503792 8e-06
0.0506021 8e-06
0.050825 8e-06
0.0510479 8e-06
0.0512708 8e-06
0.0514938 8e-06
0.0517167 8e-06
0.0519396 8e-06
0.0521625 8e-06
0.0523854 8e-06
0.0526083 8e-06
0.0528313 8e-06
0.0530542 8e-06
0.0532771 8e-06
0.0535 8e-06
0.0537229 8e-06
0.0539458 8e-06
0.0541688 8e-06
0.0543917 8e-06
0.0546146 8e-06
0.0548375 8e-06
0.0550604 8e-06
0.0552833 8e-06
0.0555063 8e-06
0.0557292 8e-06
0.0559521 8e-06
0.056175 8e-06
0.0563979 8e-06
0.0566208 8e-06
0.0568438 8e-06
0.0570667 8e-06
0.0572896 8e-06
0.0575125 8e-06
0.0577354 8e-06
0.0579584 8e-06
0.0581813 8e-06
0.0584042 8e-06
0.0586271 8e-06
0.05885 8e-06
0.0590729 8e-06
0.0592959 8e-06
0.0595188 8e-06
0.0597417 8e-06
0.0599646 8e-06
0.0601875 8e-06
0.0604104 8e-06
0.0606334 8e-06
0.0608563 8e-06
0.0610792 8e-06
0.0613021 8e-06
0.061525 8e-06
0.0617479 8e-06
0.0619709 8e-06
0.0621938 8e-06
0.0624167 8e-06
0.0626396 8e-06
0.0628625 8e-06
0.0630854 8e-06
0.0633084 8e-06
0.0635313 8e-06
0.0637542 8e-06
0.0639771 8e-06
0.0642 8e-06
0.0644229 8e-06
0.0646459 8e-06
0.0648688 8e-06
0.0650917 8e-06
0.0653146 8e-06
0.0655375 8e-06
0.0657604 8e-06
0.0659834 8e-06
0.0662063 8e-06
0.0664292 8e-06
0.0666521 8e-06
0.066875 8e-06
0.0670979 8e-06
0.0673209 8e-06
0.0675438 8e-06
0.0677667 8e-06
0.0679896 8e-06
0.0682125 8e-06
0.0684354 8e-06
0.0686584 8e-06
0.0688813 8e-06
0.0691042 8e-06
0.0693271 8e-06
0.06955 8e-06
0.0697729 8e-06
0.0699959 8e-06
0.0702188 8e-06
0.0704417 8e-06
0.0706646 8e-06
0.0708875 8e-06
0.0711104 8e-06
0.0713334 8e-06
0.0715563 8e-06
0.0717792 8e-06
0.0720021 8e-06
0.072225 8e-06
0.0724479 8e-06
0.0726709 8e-06
0.0728938 8e-06
0.0731167 8e-06
0.0733396 8e-06
0.0735625 8e-06
0.0737854 8e-06
0.0740084 1e-05
0.0742313 1e-05
0.0744542 1e-05
0.0746771 1e-05
0.0749 1e-05
0.0751229 1e-05
0.0753459 1e-05
0.0755688 1e-05
0.0757917 1e-05
0.0760146 1e-05
0.0762375 1e-05
0.0764604 1e-05
0.0766834 1e-05
0.0769063 1e-05
0.0771292 1e-05
0.0773521 1e-05
0.077575 1e-05
0.0777979 1e-05
0.0780209 1e-05
0.0782438 1e-05
0.0784667 1e-05
0.0786896 1e-05
0.0789125 1e-05
0.0791354 1e-05
0.0793584 1e-05
0.0795813 1e-05
0.0798042 1e-05
0.0800271 1e-05
0.08025 1e-05
0.0804729 1e-05
0.0806959 1e-05
0.0809188 1e-05
0.0811417 1e-05
0.0813646 1e-05
0.0815875 1e-05
0.0818104 1e-05
0.0820334 1e-05
0.0822563 1e-05
0.0824792 1e-05
0.0827021 1e-05
0.082925 1e-05
0.0831479 1e-05
0.0833709 1e-05
0.0835938 1e-05
0.0838167 1e-05
0.0840396 1e-05
0.0842625 1e-05
0.0844854 1e-05
0.0847084 1e-05
0.0849313 1e-05
0.0851542 1e-05
0.0853771 1e-05
0.0856 1e-05
0.0858229 1e-05
0.0860459 1e-05
0.0862688 1e-05
0.0864917 1e-05
0.0867146 1e-05
0.0869375 1e-05
0.0871604 1e-05
0.0873834 1e-05
0.0876063 1e-05
0.0878292 1e-05
0.0880521 1e-05
0.088275 1e-05
0.0884979 1e-05
0.0887209 1e-05
0.0889438 1e-05
0.0891667 1e-05
0.0893896 1e-05
0.0896125 1e-05
0.0898354 1e-05
0.0900584 1e-05
0.0902813 1e-05
0.0905042 1e-05
0.0907271 1e-05
0.09095 1e-05
0.0911729 1e-05
0.0913959 1e-05
0.0916188 1e-05
0.0918417 1e-05
0.0920646 1e-05
0.0922875 1e-05
0.0925104 1e-05
0.0927334 1e-05
0.0929563 1e-05
0.0931792 1e-05
0.0934021 1e-05
0.093625 1e-05
0.0938479 1e-05
0.0940709 1e-05
0.0942938 1e-05
0.0945167 1e-05
0.0947396 1e-05
0.0949625 1e-05
0.0951854 1e-05
0.0954084 1e-05
0.0956313 1e-05
0.0958542 1e-05
0.0960771 1e-05
0.0963 1e-05
0.0965229 1e-05
0.0967459 1e-05
0.0969688 1e-05
0.0971917 1e-05
0.0974146 1e-05
0.0976375 1e-05
0.0978604 1e-05
0.0980834 1e-05
0.0983063 1e-05
0.0985292 1e-05
0.0987521 1e-05
0.098975 1e-05
0.0991979 1e-05
0.0994209 1e-05
0.0996438 1e-05
0.0998667 1e-05
0.10009 1e-05
0.100313 1e-05
0.100535 1e-05
0.100758 1e-05
0.100981 1e-05
0.101204 1e-05
0.101427 1e-05
0.10165 1e-05
0.101873 1e-05
0.102096 1e-05
0.102319 1e-05
0.102542 1e-05
0.102765 1e-05
0.102988 1e-05
0.10321 1e-05
0.103433 1e-05
0.103656 1e-05
0.103879 1e-05
0.104102 1e-05
0.104325 1e-05
0.104548 1e-05
0.104771 1e-05
0.104994 1e-05
0.105217 1e-05
0.10544 1e-05
0.105663 1e-05
0.105885 1e-05
0.106108 1e-05
0.106331 1e-05
0.106554 1e-05
0.106777 1e-05
0.107 1e-05
0.107223 1e-05
0.107446 1e-05
0.107669 1e-05
0.107892 1e-05
0.108115 1e-05
0.108338 1e-05
0.10856 1e-05
0.108783 1e-05
0.109006 1e-05
0.109229 1e-05
0.109452 1e-05
0.109675 1e-05
0.109898 1e-05
0.110121 1e-05
0.110344 1e-05
0.110567 1e-05
0.11079 1e-05
0.111013 1e-05
0.111235 1e-05
0.111458 1e-05
0.111681 1e-05
0.111904 1e-05
0.112127 1e-05
0.11235 1e-05
0.112573 1e-05
0.112796 1e-05
0.113019 1e-05
0.113242 1e-05
0.113465 1e-05
0.113688 1e-05
0.11391 1e-05
0.114133 1e-05
0.114356 1e-05
0.114579 1e-05
0.114802 1e-05
0.115025 1e-05
0.115248 1e-05
0.115471 1e-05
0.115694 1e-05
0.115917 1e-05
0.11614 1e-05
0.116363 1e-05
0.116585 1e-05
0.116808 1e-05
0.117031 1e-05
0.117254 1e-05
0.117477 1e-05
0.1177 1e-05
0.117923 1e-05
0.118146 1e-05
0.118369 1e-05
0.118592 1e-05
0.118815 1e-05
0.119038 1e-05
0.11926 1e-05
0.119483 1e-05
0.119706 1e-05
0.119929 1e-05
0.120152 1e-05
0.120375 1e-05
0.120598 1e-05
0.120821 1e-05
0.121044 1e-05
0.121267 1e-05
0.12149 1e-05
0.121713 1e-05
0.121935 1e-05
0.122158 1e-05
0.122381 1e-05
0.122604 1.2e-05
0.122827 1.2e-05
0.12305 1.2e-05
0.123273 1.2e-05
0.123496 1.2e-05
0.123719 1.2e-05
0.123942 1.2e-05
0.124165 1.2e-05
0.124388 1.2e-05
0.12461 1.2e-05
0.124833 1.2e-05
0.125056 1.2e-05
0.125279 1.2e-05
0.125502 1.2e-05
0.125725 1.2e-05
0.125948 1.2e-05
0.126171 1.2e-05
0.126394 1.2e-05
0.126617 1.2e-05
0.12684 1.2e-05
0.127063 1.2e-05
0.127285 1.2e-05
0.127508 1.2e-05
0.127731 1.2e-05
0.127954 1.2e-05
0.128177 1.2e-05
0.1284 1.2e-05
0.128623 1.2e-05
0.128846 1.2e-05
0.129069 1.2e-05
0.129292 1.2e-05
0.129515 1.2e-05
0.129738 1.2e-05
0.12996 1.2e-05
0.130183 1.2e-05
0.130406 1.2e-05
0.130629 1.2e-05
0.130852 1.2e-05
0.131075 1.2e-05
0.131298 1.2e-05
0.131521 1.2e-05
0.131744 1.2e-05
0.131967 1.2e-05
0.13219 1.2e-05
0.132413 1.2e-05
0.132635 1.2e-05
0.132858 1.2e-05
0.133081 1.2e-05
0.133304 1.2e-05
0.133527 1.2e-05
0.13375 1.2e-05
0.133973 1.2e-05
0.134196 1.2e-05
0.134419 1.2e-05
0.134642 1.2e-05
0.134865 1.2e-05
0.135088 1.2e-05
0.13531 1.2e-05
0.135533 1.2e-05
0.135756 1.2e-05
0.135979 1.2e-05
0.136202 1.2e-05
0.136425 1.2e-05
0.136648 1.2e-05
0.136871 1.2e-05
0.137094 1.2e-05
0.137317 1.2e-05
0.13754 1.2e-05
0.137763 1.2e-05
0.137985 1.2e-05
0.138208 1.2e-05
0.138431 1.2e-05
0.138654 1.2e-05
0.138877 1.2e-05
0.1391 1.2e-05
0.139323 1.2e-05
0.139546 1.2e-05
0.139769 1.2e-05
0.139992 1.2e-05
0.140215 1.2e-05
0.140438 1.2e-05
0.14066 1.2e-05
0.140883 1.2e-05
0.141106 1.2e-05
0.141329 1.2e-05
0.141552 1.2e-05
0.141775 1.2e-05
0.141998 1.2e-05
0.142221 1.2e-05
0.142444 1.2e-05
0.142667 1.2e-05
0.14289 1.2e-05
0.143113 1.2e-05
0.143335 1.2e-05
0.143558 1.2e-05
0.143781 1.2e-05
0.144004 1.2e-05
0.144227 1.2e-05
0.14445 1.2e-05
0.144673 1.2e-05
0.144896 1.2e-05
0.145119 1.2e-05
0.145342 1.2e-05
0.145565 1.2e-05
0.145788 1.2e-05
0.14601 1.2e-05
0.146233 1.2e-05
0.146456 1.2e-05
0.146679 1.2e-05
0.146902 1.2e-05
0.147125 1.2e-05
0.147348 1.2e-05
0.147571 1.2e-05
0.147794 1.2e-05
0.148017 1.2e-05
0.14824 1.2e-05
0.148463 1.2e-05
0.148685 1.2e-05
0.148908 1.2e-05
0.149131 1.2e-05
0.149354 1.2e-05
0.149577 1.2e-05
0.1498 1.2e-05
0.150023 1.2e-05
0.150246 1.2e-05
0.150469 1.2e-05
0.150692 1.2e-05
0.150915 1.2e-05
0.151138 1.2e-05
0.15136 1.2e-05
0.151583 1.2e-05
0.151806 1.2e-05
0.152029 1.2e-05
0.152252 1.2e-05
0.152475 1.2e-05
0.152698 1.2e-05
0.152921 1.2e-05
0.153144 1.2e-05
0.153367 1.2e-05
0.15359 1.2e-05
0.153813 1.2e-05
0.154035 1.2e-05
0.154258 1.2e-05
0.154481 1.2e-05
0.154704 1.2e-05
0.154927 1.2e-05
0.15515 1.2e-05
0.155373 1.2e-05
0.155596 1.2e-05
0.155819 1.2e-05
0.156042 1.2e-05
0.156265 1.2e-05
0.156488 1.2e-05
0.15671 1.2e-05
0.156933 1.2e-05
0.157156 1.2e-05
0.157379 1.2e-05
0.157602 1.2e-05
0.157825 1.2e-05
0.158048 1.2e-05
0.158271 1.2e-05
0.158494 1.2e-05
0.158717 1.2e-05
0.15894 1.2e-05
0.159163 1.2e-05
0.159385 1.2e-05
0.159608 1.2e-05
0.159831 1.2e-05
0.160054 1.2e-05
0.160277 1.2e-05
0.1605 1.2e-05
0.160723 1.2e-05
0.160946 1.2e-05
0.161169 1.2e-05
0.161392 1.2e-05
0.161615 1.2e-05
0.161838 1.2e-05
0.16206 1.2e-05
0.162283 1.2e-05
0.162506 1.2e-05
0.162729 1.2e-05
0.162952 1.2e-05
0.163175 1.2e-05
0.163398 1.2e-05
0.163621 1.2e-05
0.163844 1.2e-05
0.164067 1.2e-05
0.16429 1.2e-05
0.164513 1.2e-05
0.164735 1.2e-05
0.164958 1.2e-05
0.165181 1.2e-05
0.165404 1.2e-05
0.165627 1.2e-05
0.16585 1.2e-05
0.166073 1.2e-05
0.166296 1.2e-05
0.166519 1.2e-05
0.166742 1.2e-05
0.166965 1.2e-05
0.167188 1.2e-05
0.16741 1.2e-05
0.167633 1.2e-05
0.167856 1.2e-05
0.168079 1.2e-05
0.168302 1.2e-05
0.168525 1.2e-05
0.168748 1.2e-05
0.168971 1.2e-05
0.169194 1.2e-05
0.169417 1.2e-05
0.16964 1.2e-05
0.169863 1.2e-05
0.170085 1.2e-05
0.170308 1.2e-05
0.170531 1.2e-05
0.170754 1.2e-05
0.170977 1.2e-05
0.1712 1.2e-05
0.171423 1.2e-05
0.171646 1.2e-05
0.171869 1.2e-05
0.172092 1.2e-05
0.172315 1.2e-05
0.172538 1.2e-05
0.17276 1.2e-05
0.172983 1.2e-05
0.173206 1.2e-05
0.173429 1.2e-05
0.173652 1.2e-05
0.173875 1.4e-05
0.174098 1.4e-05
0.174321 1.4e-05
0.174544 1.4e-05
0.174767 1.4e-05
0.17499 1.4e-05
0.175213 1.4e-05
0.175435 1.4e-05
0.175658 1.4e-05
0.175881 1.4e-05
0.176104 1.4e-05
0.176327 1.4e-05
0.17655 1.4e-05
0.176773 1.4e-05
0.176996 1.4e-05
0.177219 1.4e-05
0.177442 1.4e-05
0.177665 1.4e-05
0.177888 1.4e-05
0.17811 1.4e-05
0.178333 1.4e-05
0.178556 1.4e-05
0.178779 1.4e-05
0.179002 1.4e-05
0.179225 1.4e-05
0.179448 1.4e-05
0.179671 1.4e-05
0.179894 1.4e-05
0.180117 1.4e-05
0.18034 1.4e-05
0.180563 1.4e-05
0.180785 1.4e-05
0.181008 1.4e-05
0.181231 1.4e-05
0.181454 1.4e-05
0.181677 1.4e-05
0.1819 1.4e-05
0.182123 1.4e-05
0.182346 1.4e-05
0.182569 1.4e-05
0.182792 1.4e-05
0.183015 1.4e-05
0.183238 1.4e-05
0.18346 1.4e-05
0.183683 1.4e-05
0.183906 1.4e-05
0.184129 1.4e-05
0.184352 1.4e-05
0.184575 1.4e-05
0.184798 1.4e-05
0.185021 1.4e-05
0.185244 1.4e-05
0.185467 1.4e-05
0.18569 1.4e-05
0.185913 1.4e-05
0.186135 1.4e-05
0.186358 1.4e-05
0.186581 1.4e-05
0.186804 1.4e-05
0.187027 1.4e-05
0.18725 1.4e-05
0.187473 1.4e-05
0.187696 1.4e-05
0.187919 1.4e-05
0.188142 1.4e-05
0.188365 1.4e-05
0.188588 1.4e-05
0.18881 1.4e-05
0.189033 1.4e-05
0.189256 1.4e-05
0.189479 1.4e-05
0.189702 1.4e-05
0.189925 1.4e-05
0.190148 1.4e-05
0.190371 1.4e-05
0.190594 1.4e-05
0.190817 1.4e-05
0.19104 1.4e-05
0.191263 1.4e-05
0.191485 1.4e-05
0.191708 1.4e-05
0.191931 1.4e-05
0.192154 1.4e-05
0.192377 1.4e-05
0.1926 1.4e-05
0.192823 1.4e-05
0.193046 1.4e-05
0.193269 1.4e-05
0.193492 1.4e-05
0.193715 1.4e-05
0.193938 1.4e-05
0.19416 1.4e-05
0.194383 1.4e-05
0.194606 1.4e-05
0.194829 1.4e-05
0.195052 1.4e-05
0.195275 1.4e-05
0.195498 1.4e-05
0.195721 1.4e-05
0.195944 1.4e-05
0.196167 1.4e-05
0.19639 1.4e-05
0.196613 1.4e-05
0.196835 1.4e-05
0.197058 1.4e-05
0.197281 1.4e-05
0.197504 1.4e-05
0.197727 1.4e-05
0.19795 1.4e-05
0.198173 1.4e-05
0.198396 1.4e-05
0.198619 1.4e-05
0.198842 1.4e-05
0.199065 1.4e-05
0.199288 1.4e-05
0.19951 1.4e-05
0.199733 1.4e-05
0.199956 1.4e-05
0.200179 1.4e-05
0.200402 1.4e-05
0.200625 1.4e-05
0.200848 1.4e-05
0.201071 1.4e-05
0.201294 1.4e-05
0.201517 1.4e-05
0.20174 1.4e-05
0.201963 1.4e-05
0.202185 1.4e-05
0.202408 1.4e-05
0.202631 1.4e-05
0.202854 1.4e-05
0.203077 1.4e-05
0.2033 1.4e-05
0.203523 1.4e-05
0.203746 1.4e-05
0.203969 1.4e-05
0.204192 1.4e-05
0.204415 1.4e-05
0.204638 1.4e-05
0.20486 1.4e-05
0.205083 1.4e-05
0.205306 1.4e-05
0.205529 1.4e-05
0.205752 1.4e-05
0.205975 1.4e-05
0.206198 1.4e-05
0.206421 1.4e-05
0.206644 1.4e-05
0.206867 1.4e-05
0.20709 1.4e-05
0.207313 1.4e-05
0.207535 1.4e-05
0.207758 1.4e-05
0.207981 1.4e-05
0.208204 1.4e-05
0.208427 1.4e-05
0.20865 1.4e-05
0.208873 1.4e-05
0.209096 1.4e-05
0.209319 1.4e-05
0.209542 1.4e-05
0.209765 1.4e-05
0.209988 1.4e-05
0.21021 1.4e-05
0.210433 1.4e-05
0.210656 1.4e-05
0.210879 1.4e-05
0.211102 1.4e-05
0.211325 1.4e-05
0.211548 1.4e-05
0.211771 1.4e-05
0.211994 1.4e-05
0.212217 1.4e-05
0.21244 1.4e-05
0.212663 1.4e-05
0.212885 1.4e-05
0.213108 1.4e-05
0.213331 1.4e-05
0.213554 1.4e-05
0.213777 1.4e-05
0.214 1.4e-05
0.214223 1.4e-05
0.214446 1.4e-05
0.214669 1.4e-05
0.214892 1.4e-05
0.215115 1.4e-05
0.215338 1.4e-05
0.21556 1.4e-05
0.215783 1.4e-05
0.216006 1.6e-05
0.216229 1.6e-05
0.216452 1.6e-05
0.216675 1.6e-05
0.216898 1.6e-05
0.217121 1.6e-05
0.217344 1.6e-05
0.217567 1.6e-05
0.21779 1.6e-05
0.218013 1.6e-05
0.218235 1.6e-05
0.218458 1.6e-05
0.218681 1.6e-05
0.218904 1.6e-05
0.219127 1.6e-05
0.21935 1.6e-05
0.219573 1.6e-05
0.219796 1.6e-05
0.220019 1.6e-05
0.220242 1.6e-05
0.220465 1.6e-05
0.220688 1.6e-05
0.22091 1.6e-05
0.221133 1.6e-05
0.221356 1.6e-05
0.221579 1.6e-05
0.221802 1.6e-05
0.222025 1.6e-05
0.222248 1.6e-05
0.222471 1.6e-05
0.222694 1.6e-05
0.222917 1.6e-05
0.22314 1.6e-05
0.223363 1.6e-05
0.223585 1.6e-05
0.223808 1.6e-05
0.224031 1.6e-05
0.224254 1.6e-05
0.224477 1.6e-05
0.2247 1.6e-05
0.224923 1.6e-05
0.225146 1.6e-05
0.225369 1.6e-05
0.225592 1.6e-05
0.225815 1.6e-05
0.226038 1.6e-05
0.22626 1.6e-05
0.226483 1.6e-05
0.226706 1.6e-05
0.226929 1.6e-05
0.227152 1.6e-05
0.227375 1.6e-05
0.227598 1.6e-05
0.227821 1.6e-05
0.228044 1.6e-05
0.228267 1.6e-05
0.22849 1.6e-05
0.228713 1.6e-05
0.228935 1.6e-05
0.229158 1.6e-05
0.229381 1.6e-05
0.229604 1.6e-05
0.229827 1.6e-05
0.23005 1.6e-05
0.230273 1.6e-05
0.230496 1.6e-05
0.230719 1.6e-05
0.230942 1.6e-05
0.231165 1.6e-05
0.231388 1.6e-05
0.23161 1.6e-05
0.231833 1.6e-05
0.232056 1.6e-05
0.232279 1.6e-05
0.232502 1.6e-05
0.232725 1.8e-05
0.232948 1.8e-05
0.233171 1.8e-05
0.233394 1.8e-05
0.233617 1.8e-05
0.23384 1.8e-05
0.234063 1.8e-05
0.234285 1.8e-05
0.234508 1.8e-05
0.234731 1.8e-05
0.234954 1.8e-05
0.235177 1.8e-05
0.2354 1.8e-05
0.235623 1.8e-05
0.235846 1.8e-05
0.236069 1.8e-05
0.236292 1.8e-05
0.236515 1.8e-05
0.236738 1.8e-05
0.23696 1.8e-05
0.237183 1.8e-05
0.237406 1.8e-05
0.237629 1.8e-05
0.237852 1.8e-05
0.238075 1.8e-05
0.238298 1.8e-05
0.238521 1.8e-05
0.238744 1.8e-05
0.238967 1.8e-05
0.23919 1.8e-05
0.239413 1.8e-05
0.239635 1.8e-05
0.239858 1.8e-05
0.240081 1.8e-05
0.240304 1.8e-05
0.240527 1.8e-05
0.24075 1.8e-05
0.240973 1.8e-05
0.241196 1.8e-05
0.241419 1.8e-05
0.241642 1.8e-05
0.241865 1.8e-05
0.242088 1.8e-05
0.24231 1.8e-05
0.242533 1.8e-05
0.242756 1.8e-05
0.242979 1.8e-05
0.243202 1.8e-05
0.243425 1.8e-05
0.243648 1.8e-05
0.243871 1.8e-05
0.244094 1.8e-05
0.244317 1.8e-05
0.24454 1.8e-05
0.244763 1.8e-05
0.244985 1.8e-05
0.245208 1.8e-05
0.245431 1.8e-05
0.245654 1.8e-05
0.245877 1.8e-05
0.2461 1.8e-05
0.246323 1.8e-05
0.246546 1.8e-05
0.246769 1.8e-05
0.246992 1.8e-05
0.247215 1.8e-05
0.247438 1.8e-05
0.24766 1.8e-05
0.247883 1.8e-05
0.248106 1.8e-05
0.248329 1.8e-05
0.248552 1.8e-05
0.248775 1.8e-05
0.248998 1.8e-05
0.249221 1.8e-05
0.249444 1.8e-05
0.249667 1.8e-05
0.24989 1.8e-05
0.250113 1.8e-05
0.250335 1.8e-05
0.250558 1.8e-05
0.250781 1.8e-05
0.251004 1.8e-05
0.251227 1.8e-05
0.25145 1.8e-05
0.251673 1.8e-05
0.251896 1.8e-05
0.252119 1.8e-05
0.252342 1.8e-05
0.252565 1.8e-05
0.252788 1.8e-05
0.25301 1.8e-05
0.253233 1.8e-05
0.253456 1.8e-05
0.253679 1.8e-05
0.253902 1.8e-05
0.254125 1.8e-05
0.254348 1.8e-05
0.254571 1.8e-05
0.254794 1.8e-05
0.255017 1.8e-05
0.25524 1.8e-05
0.255463 1.8e-05
0.255685 1.8e-05
0.255908 1.8e-05
0.256131 1.8e-05
0.256354 1.8e-05
0.256577 1.8e-05
0.2568 1.8e-05
0.257023 1.8e-05
0.257246 1.8e-05
0.257469 1.8e-05
0.257692 1.8e-05
0.257915 1.8e-05
0.258138 1.8e-05
0.25836 1.8e-05
0.258583 1.8e-05
0.258806 2e-05
0.259029 2e-05
0.259252 2e-05
0.259475 2e-05
0.259698 2e-05
0.259921 2e-05
0.260144 2e-05
0.260367 2e-05
0.26059 2e-05
0.260813 2e-05
0.261035 2e-05
0.261258 2e-05
0.261481 2e-05
0.261704 2e-05
0.261927 2e-05
0.26215 2e-05
0.262373 2e-05
0.262596 2e-05
0.262819 2e-05
0.263042 2e-05
0.263265 2e-05
0.263488 2e-05
0.26371 2e-05
0.263933 2e-05
0.264156 2e-05
0.264379 2e-05
0.264602 2e-05
0.264825 2e-05
0.265048 2e-05
0.265271 2e-05
0.265494 2e-05
0.265717 2e-05
0.26594 2e-05
0.266163 2e-05
0.266385 2e-05
0.266608 2e-05
0.266831 2e-05
0.267054 2e-05
0.267277 2e-05
0.2675 2e-05
0.267723 2e-05
0.267946 2e-05
0.268169 2e-05
0.268392 2e-05
0.268615 2e-05
0.268838 2e-05
0.26906 2e-05
0.269283 2e-05
0.269506 2e-05
0.269729 2e-05
0.269952 2e-05
0.270175 2e-05
0.270398 2e-05
0.270621 2e-05
0.270844 2e-05
0.271067 2e-05
0.27129 2e-05
0.271513 2e-05
0.271735 2e-05
0.271958 2e-05
0.272181 2e-05
0.272404 2e-05
0.272627 2e-05
0.27285 2e-05
0.273073 2e-05
0.273296 2e-05
0.273519 2e-05
0.273742 2e-05
0.273965 2e-05
0.274188 2e-05
0.27441 2e-05
0.274633 2e-05
0.274856 2e-05
0.275079 2e-05
0.275302 2e-05
0.275525 2e-05
0.275748 2e-05
0.275971 2e-05
0.276194 2e-05
0.276417 2e-05
0.27664 2e-05
0.276863 2e-05
0.277085 2e-05
0.277308 2e-05
0.277531 2e-05
0.277754 2e-05
0.277977 2e-05
0.2782 2e-05
0.278423 2e-05
0.278646 2e-05
0.278869 2e-05
0.279092 2e-05
0.279315 2e-05
0.279538 2e-05
0.27976 2e-05
0.279983 2e-05
0.280206 2e-05
0.280429 2e-05
0.280652 2e-05
0.280875 2e-05
0.281098 2e-05
0.281321 2e-05
0.281544 2e-05
0.281767 2e-05
0.28199 2e-05
0.282213 2e-05
0.282435 2e-05
0.282658 2e-05
0.282881 2e-05
0.283104 2e-05
0.283327 2e-05
0.28355 2e-05
0.283773 2e-05
0.283996 2e-05
0.284219 2e-05
0.284442 2e-05
0.284665 2e-05
0.284888 2e-05
0.28511 2e-05
0.285333 2e-05
0.285556 2e-05
0.285779 2e-05
0.286002 2e-05
0.286225 2e-05
0.286448 2e-05
0.286671 2e-05
0.286894 2e-05
0.287117 2e-05
0.28734 2e-05
0.287563 2e-05
0.287786 2e-05
0.288008 2e-05
0.288231 2e-05
0.288454 2e-05
0.288677 2e-05
0.2889 2e-05
0.289123 2e-05
0.289346 2e-05
0.289569 2e-05
0.289792 2e-05
0.290015 2e-05
0.290238 2e-05
0.290461 2e-05
0.290683 2e-05
0.290906 2e-05
0.291129 2e-05
0.291352 2e-05
0.291575 2e-05
0.291798 2e-05
0.292021 2e-05
0.292244 2e-05
0.292467 2e-05
0.29269 2e-05
0.292913 2e-05
0.293136 2e-05
0.293358 2e-05
0.293581 2e-05
0.293804 2e-05
0.294027 2e-05
0.29425 2e-05
0.294473 2e-05
0.294696 2e-05
0.294919 2e-05
0.295142 2e-05
0.295365 2e-05
0.295588 2e-05
0.295811 2e-05
0.296033 2e-05
0.296256 2e-05
0.296479 2e-05
0.296702 2e-05
0.296925 2e-05
0.297148 2e-05
0.297371 2e-05
0.297594 2e-05
0.297817 2.2e-05
0.29804 2.2e-05
0.298263 2.2e-05
0.298486 2.2e-05
0.298708 2.2e-05
0.298931 2.2e-05
0.299154 2.2e-05
0.299377 2.2e-05
0.2996 2.2e-05
0.299823 2.2e-05
0.300046 2.2e-05
0.300269 2.2e-05
0.300492 2.2e-05
0.300715 2.2e-05
0.300938 2.2e-05
0.301161 2.2e-05
0.301383 2.2e-05
0.301606 2.2e-05
0.301829 2.2e-05
0.302052 2.2e-05
0.302275 2.2e-05
0.302498 2.2e-05
0.302721 2.2e-05
0.302944 2.2e-05
0.303167 2.2e-05
0.30339 2.2e-05
0.303613 2.2e-05
0.303836 2.2e-05
0.304058 2.2e-05
0.304281 2.2e-05
0.304504 2.2e-05
0.304727 2.2e-05
0.30495 2.2e-05
0.305173 2.2e-05
0.305396 2.2e-05
0.305619 2.2e-05
0.305842 2.2e-05
0.306065 2.2e-05
0.306288 2.2e-05
0.306511 2.2e-05
0.306733 2.2e-05
0.306956 2.2e-05
0.307179 2.2e-05
0.307402 2.2e-05
0.307625 2.2e-05
0.307848 2.2e-05
0.308071 2.2e-05
0.308294 2.2e-05
0.308517 2.2e-05
0.30874 2.2e-05
0.308963 2.2e-05
0.309186 2.2e-05
0.309408 2.2e-05
0.309631 2.2e-05
0.309854 2.2e-05
0.310077 2.2e-05
0.3103 2.2e-05
0.310523 2.2e-05
0.310746 2.2e-05
0.310969 2.2e-05
0.311192 2.2e-05
0.311415 2.2e-05
0.311638 2.2e-05
0.311861 2.2e-05
0.312083 2.2e-05
0.312306 2.2e-05
0.312529 2.2e-05
0.312752 2.2e-05
0.312975 2.2e-05
0.313198 2.2e-05
0.313421 2.2e-05
0.313644 2.2e-05
0.313867 2.2e-05
0.31409 2.2e-05
0.314313 2.2e-05
0.314536 2.2e-05
0.314758 2.2e-05
0.314981 2.2e-05
0.315204 2.2e-05
0.315427 2.2e-05
0.31565 2.2e-05
0.315873 2.2e-05
0.316096 2.2e-05
0.316319 2.2e-05
0.316542 2.2e-05
0.316765 2.2e-05
0.316988 2.2e-05
0.317211 2.2e-05
0.317433 2.4e-05
0.317656 2.4e-05
0.317879 2.4e-05
0.318102 2.4e-05
0.318325 2.4e-05
0.318548 2.4e-05
0.318771 2.4e-05
0.318994 2.4e-05
0.319217 2.4e-05
0.31944 2.4e-05
0.319663 2.4e-05
0.319886 2.4e-05
0.320108 2.4e-05
0.320331 2.4e-05
0.320554 2.4e-05
0.320777 2.4e-05
0.321 2.4e-05
0.321223 2.4e-05
0.321446 2.4e-05
0.321669 2.4e-05
0.321892 2.4e-05
0.322115 2.4e-05
0.322338 2.4e-05
0.322561 2.4e-05
0.322783 2.4e-05
0.323006 2.4e-05
0.323229 2.4e-05
0.323452 2.4e-05
0.323675 2.4e-05
0.323898 2.4e-05
0.324121 2.4e-05
0.324344 2.4e-05
0.324567 2.4e-05
0.32479 2.6e-05
0.325013 2.6e-05
0.325236 2.6e-05
0.325458 2.6e-05
0.325681 2.6e-05
0.325904 2.6e-05
0.326127 2.6e-05
0.32635 2.6e-05
0.326573 2.6e-05
0.326796 2.6e-05
0.327019 2.6e-05
0.327242 2.6e-05
0.327465 2.6e-05
0.327688 2.6e-05
0.327911 2.6e-05
0.328133 2.6e-05
0.328356 2.6e-05
0.328579 2.6e-05
0.328802 2.6e-05
0.329025 2.6e-05
0.329248 2.6e-05
0.329471 2.6e-05
0.329694 2.6e-05
0.329917 2.6e-05
0.33014 2.6e-05
0.330363 2.6e-05
0.330586 2.6e-05
0.330808 3e-05
0.331031 3e-05
0.331254 3e-05
0.331477 3e-05
0.3317 3e-05
0.331923 3e-05
0.332146 3e-05
0.332369 3e-05
0.332592 3e-05
0.332815 3e-05
0.333038 3e-05
0.333261 3e-05
0.333483 3e-05
0.333706 3e-05
0.333929 3e-05
0.334152 3e-05
0.334375 3e-05
0.334598 3e-05
0.334821 3e-05
0.335044 3e-05
0.335267 3e-05
0.33549 3e-05
0.335713 3e-05
0.335936 3e-05
0.336158 3e-05
0.336381 3e-05
0.336604 3e-05
0.336827 3e-05
0.33705 3e-05
0.337273 3e-05
0.337496 3e-05
0.337719 3e-05
0.337942 3e-05
0.338165 3e-05
0.338388 3e-05
0.338611 3e-05
0.338833 3e-05
0.339056 3e-05
0.339279 3e-05
0.339502 3e-05
0.339725 3e-05
0.339948 3e-05
0.340171 3e-05
0.340394 3e-05
0.340617 3e-05
0.34084 3e-05
0.341063 3e-05
0.341286 3.2e-05
0.341508 3.2e-05
0.341731 3.2e-05
0.341954 3.2e-05
0.342177 3.2e-05
0.3424 3.2e-05
0.342623 3.2e-05
0.342846 3.2e-05
0.343069 3.2e-05
0.343292 3.2e-05
0.343515 3.2e-05
0.343738 3.2e-05
0.343961 3.2e-05
0.344183 3.2e-05
0.344406 3.2e-05
0.344629 3.2e-05
0.344852 3.2e-05
0.345075 3.2e-05
0.345298 3.2e-05
0.345521 3.2e-05
0.345744 3.2e-05
0.345967 3.2e-05
0.34619 3.2e-05
0.346413 3.2e-05
0.346636 3.2e-05
0.346858 3.2e-05
0.347081 3.2e-05
0.347304 3.2e-05
0.347527 3.2e-05
0.34775 3.2e-05
0.347973 3.2e-05
0.348196 3.2e-05
0.348419 3.2e-05
0.348642 3.2e-05
0.348865 3.2e-05
0.349088 3.2e-05
0.349311 3.2e-05
0.349533 3.2e-05
0.349756 3.2e-05
0.349979 3.2e-05
0.350202 3.2e-05
0.350425 3.2e-05
0.350648 3.2e-05
0.350871 3.2e-05
0.351094 3.2e-05
0.351317 3.2e-05
0.35154 3.2e-05
0.351763 3.2e-05
0.351986 3.2e-05
0.352208 3.2e-05
0.352431 3.2e-05
0.352654 3.2e-05
0.352877 3.2e-05
0.3531 3.2e-05
0.353323 3.2e-05
0.353546 3.2e-05
0.353769 3.2e-05
0.353992 3.2e-05
0.354215 3.2e-05
0.354438 3.2e-05
0.354661 3.2e-05
0.354883 3.2e-05
0.355106 3.2e-05
0.355329 3.2e-05
0.355552 3.2e-05
0.355775 3.2e-05
0.355998 3.2e-05
0.356221 3.2e-05
0.356444 3.2e-05
0.356667 3.2e-05
0.35689 3.2e-05
0.357113 3.2e-05
0.357336 3.2e-05
0.357558 3.2e-05
0.357781 3.2e-05
0.358004 3.2e-05
0.358227 3.2e-05
0.35845 3.2e-05
0.358673 3.2e-05
0.358896 3.2e-05
0.359119 3.2e-05
0.359342 3.2e-05
0.359565 3.2e-05
0.359788 3.2e-05
0.360011 3.2e-05
0.360233 3.2e-05
0.360456 3.2e-05
0.360679 3.2e-05
0.360902 3.2e-05
0.361125 3.2e-05
0.361348 3.2e-05
0.361571 3.2e-05
0.361794 3.2e-05
0.362017 3.2e-05
0.36224 3.2e-05
0.362463 3.2e-05
0.362686 3.2e-05
0.362908 3.2e-05
0.363131 3.2e-05
0.363354 3.2e-05
0.363577 3.2e-05
0.3638 3.2e-05
0.364023 3.2e-05
0.364246 3.2e-05
0.364469 3.2e-05
0.364692 3.2e-05
0.364915 3.4e-05
0.365138 3.4e-05
0.365361 3.4e-05
0.365583 3.6e-05
0.365806 3.6e-05
0.366029 3.6e-05
0.366252 3.6e-05
0.366475 3.6e-05
0.366698 3.6e-05
0.366921 3.6e-05
0.367144 3.6e-05
0.367367 3.6e-05
0.36759 3.6e-05
0.367813 3.6e-05
0.368036 3.6e-05
0.368258 3.6e-05
0.368481 3.6e-05
0.368704 3.6e-05
0.368927 3.6e-05
0.36915 3.6e-05
0.369373 3.6e-05
0.369596 3.6e-05
0.369819 3.6e-05
0.370042 3.6e-05
0.370265 3.6e-05
0.370488 3.6e-05
0.370711 3.6e-05
0.370933 3.6e-05
0.371156 3.6e-05
0.371379 3.6e-05
0.371602 3.8e-05
0.371825 3.8e-05
0.372048 3.8e-05
0.372271 3.8e-05
0.372494 3.8e-05
0.372717 3.8e-05
0.37294 3.8e-05
0.373163 3.8e-05
0.373386 3.8e-05
0.373608 3.8e-05
0.373831 3.8e-05
0.374054 3.8e-05
0.374277 3.8e-05
0.3745 3.8e-05
0.374723 3.8e-05
0.374946 3.8e-05
0.375169 3.8e-05
0.375392 3.8e-05
0.375615 3.8e-05
0.375838 3.8e-05
0.376061 3.8e-05
0.376283 3.8e-05
0.376506 3.8e-05
0.376729 3.8e-05
0.376952 3.8e-05
0.377175 4e-05
0.377398 4e-05
0.377621 4e-05
0.377844 4e-05
0.378067 4e-05
0.37829 4e-05
0.378513 4e-05
0.378736 4e-05
0.378958 4e-05
0.379181 4e-05
0.379404 4e-05
0.379627 4e-05
0.37985 4e-05
0.380073 4e-05
0.380296 4e-05
0.380519 4e-05
0.380742 4e-05
0.380965 4e-05
0.381188 4e-05
0.381411 4e-05
0.381633 4e-05
0.381856 4e-05
0.382079 4e-05
0.382302 4e-05
0.382525 4e-05
0.382748 4e-05
0.382971 4e-05
0.383194 4e-05
0.383417 4e-05
0.38364 4e-05
0.383863 4e-05
0.384086 4e-05
0.384308 4e-05
0.384531 4e-05
0.384754 4e-05
0.384977 4e-05
0.3852 4e-05
0.385423 4e-05
0.385646 4e-05
0.385869 4e-05
0.386092 4e-05
0.386315 4e-05
0.386538 4e-05
0.386761 4e-05
0.386983 4e-05
0.387206 4e-05
0.387429 4e-05
0.387652 4e-05
0.387875 4e-05
0.388098 4e-05
0.388321 4e-05
0.388544 4e-05
0.388767 4e-05
0.38899 4e-05
0.389213 4e-05
0.389436 4e-05
0.389658 4e-05
0.389881 4e-05
0.390104 4e-05
0.390327 4e-05
0.39055 4e-05
0.390773 4e-05
0.390996 4e-05
0.391219 4e-05
0.391442 4e-05
0.391665 4e-05
0.391888 4e-05
0.392111 4e-05
0.392333 4e-05
0.392556 4e-05
0.392779 4e-05
0.393002 4e-05
0.393225 4e-05
0.393448 4e-05
0.393671 4e-05
0.393894 4.2e-05
0.394117 4.2e-05
0.39434 4.2e-05
0.394563 4.2e-05
0.394786 4.2e-05
0.395008 4.2e-05
0.395231 4.2e-05
0.395454 4.2e-05
0.395677 4.2e-05
0.3959 4.2e-05
0.396123 4.2e-05
0.396346 4.2e-05
0.396569 4.2e-05
0.396792 4.2e-05
0.397015 4.2e-05
0.397238 4.2e-05
0.397461 4.2e-05
0.397683 4.2e-05
0.397906 4.2e-05
0.398129 4.2e-05
0.398352 4.2e-05
0.398575 4.2e-05
0.398798 4.2e-05
0.399021 4.2e-05
0.399244 4.2e-05
0.399467 4.2e-05
0.39969 4.2e-05
0.399913 4.2e-05
0.400136 4.2e-05
0.400358 4.2e-05
0.400581 4.2e-05
0.400804 4.2e-05
0.401027 4.2e-05
0.40125 4.2e-05
0.401473 4.2e-05
0.401696 4.2e-05
0.401919 4.2e-05
0.402142 4.2e-05
0.402365 4.2e-05
0.402588 4.2e-05
0.402811 4.2e-05
0.403033 4.2e-05
0.403256 4.2e-05
0.403479 4.4e-05
0.403702 4.4e-05
0.403925 4.4e-05
0.404148 4.4e-05
0.404371 4.4e-05
0.404594 4.4e-05
0.404817 4.4e-05
0.40504 4.4e-05
0.405263 4.4e-05
0.405486 4.4e-05
0.405708 4.4e-05
0.405931 4.4e-05
0.406154 4.4e-05
0.406377 4.4e-05
0.4066 4.4e-05
0.406823 4.4e-05
0.407046 4.4e-05
0.407269 4.4e-05
0.407492 4.4e-05
0.407715 4.4e-05
0.407938 4.4e-05
0.408161 4.4e-05
0.408383 4.4e-05
0.408606 4.4e-05
0.408829 4.4e-05
0.409052 4.4e-05
0.409275 4.4e-05
0.409498 4.4e-05
0.409721 4.4e-05
0.409944 4.4e-05
0.410167 4.4e-05
0.41039 4.4e-05
0.410613 4.4e-05
0.410836 4.4e-05
0.411058 4.4e-05
0.411281 4.4e-05
0.411504 4.4e-05
0.411727 4.4e-05
0.41195 4.4e-05
0.412173 4.4e-05
0.412396 4.4e-05
0.412619 4.4e-05
0.412842 4.4e-05
0.413065 4.4e-05
0.413288 4.4e-05
0.413511 4.4e-05
0.413733 4.4e-05
0.413956 4.4e-05
0.414179 4.4e-05
0.414402 4.4e-05
0.414625 4.4e-05
0.414848 4.4e-05
0.415071 4.4e-05
0.415294 4.4e-05
0.415517 4.4e-05
0.41574 4.4e-05
0.415963 4.4e-05
0.416186 4.4e-05
0.416408 4.4e-05
0.416631 4.4e-05
0.416854 4.4e-05
0.417077 4.4e-05
0.4173 4.4e-05
0.417523 4.4e-05
0.417746 4.4e-05
0.417969 4.4e-05
0.418192 4.4e-05
0.418415 4.4e-05
0.418638 4.4e-05
0.418861 4.4e-05
0.419083 4.4e-05
0.419306 4.4e-05
0.419529 4.4e-05
0.419752 4.4e-05
0.419975 4.4e-05
0.420198 4.4e-05
0.420421 4.4e-05
0.420644 4.4e-05
0.420867 4.4e-05
0.42109 4.4e-05
0.421313 4.4e-05
0.421536 4.4e-05
0.421758 4.6e-05
0.421981 4.6e-05
0.422204 4.6e-05
0.422427 4.6e-05
0.42265 4.6e-05
0.422873 4.6e-05
0.423096 4.6e-05
0.423319 4.6e-05
0.423542 4.6e-05
0.423765 4.6e-05
0.423988 4.6e-05
0.424211 4.6e-05
0.424433 4.6e-05
0.424656 4.6e-05
0.424879 4.6e-05
0.425102 4.6e-05
0.425325 4.6e-05
0.425548 4.6e-05
0.425771 4.6e-05
0.425994 4.6e-05
0.426217 4.6e-05
0.42644 4.8e-05
0.426663 4.8e-05
0.426886 4.8e-05
0.427108 4.8e-05
0.427331 4.8e-05
0.427554 4.8e-05
0.427777 4.8e-05
0.428 4.8e-05
0.428223 4.8e-05
0.428446 4.8e-05
0.428669 4.8e-05
0.428892 4.8e-05
0.429115 4.8e-05
0.429338 4.8e-05
0.429561 4.8e-05
0.429783 4.8e-05
0.430006 4.8e-05
0.430229 4.8e-05
0.430452 4.8e-05
0.430675 4.8e-05
0.430898 4.8e-05
0.431121 4.8e-05
0.431344 4.8e-05
0.431567 4.8e-05
0.43179 4.8e-05
0.432013 4.8e-05
0.432236 4.8e-05
0.432458 4.8e-05
0.432681 4.8e-05
0.432904 4.8e-05
0.433127 4.8e-05
0.43335 4.8e-05
0.433573 4.8e-05
0.433796 4.8e-05
0.434019 4.8e-05
0.434242 4.8e-05
0.434465 4.8e-05
0.434688 4.8e-05
0.434911 4.8e-05
0.435133 4.8e-05
0.435356 4.8e-05
0.435579 4.8e-05
0.435802 4.8e-05
0.436025 4.8e-05
0.436248 4.8e-05
0.436471 4.8e-05
0.436694 4.8e-05
0.436917 4.8e-05
0.43714 4.8e-05
0.437363 4.8e-05
0.437586 4.8e-05
0.437808 4.8e-05
0.438031 4.8e-05
0.438254 4.8e-05
0.438477 4.8e-05
0.4387 4.8e-05
0.438923 4.8e-05
0.439146 4.8e-05
0.439369 4.8e-05
0.439592 4.8e-05
0.439815 4.8e-05
0.440038 4.8e-05
0.440261 4.8e-05
0.440483 4.8e-05
0.440706 4.8e-05
0.440929 4.8e-05
0.441152 4.8e-05
0.441375 4.8e-05
0.441598 4.8e-05
0.441821 4.8e-05
0.442044 5e-05
0.442267 5e-05
0.44249 5e-05
0.442713 5e-05
0.442936 5e-05
0.443158 5e-05
0.443381 5e-05
0.443604 5e-05
0.443827 5e-05
0.44405 5e-05
0.444273 5e-05
0.444496 5e-05
0.444719 5e-05
0.444942 5e-05
0.445165 5e-05
0.445388 5e-05
0.445611 5e-05
0.445833 5e-05
0.446056 5e-05
0.446279 5e-05
0.446502 5e-05
0.446725 5e-05
0.446948 5e-05
0.447171 5e-05
0.447394 5e-05
0.447617 5e-05
0.44784 5e-05
0.448063 5e-05
0.448286 5e-05
0.448508 5e-05
0.448731 5e-05
0.448954 5e-05
0.449177 5e-05
0.4494 5e-05
0.449623 5e-05
0.449846 5e-05
0.450069 5e-05
0.450292 5e-05
0.450515 5e-05
0.450738 5e-05
0.450961 5e-05
0.451183 5e-05
0.451406 5e-05
0.451629 5e-05
0.451852 5e-05
0.452075 5e-05
0.452298 5e-05
0.452521 5e-05
0.452744 5e-05
0.452967 5e-05
0.45319 5e-05
0.453413 5e-05
0.453636 5e-05
0.453858 5e-05
0.454081 5e-05
0.454304 5e-05
0.454527 5e-05
0.45475 5e-05
0.454973 5e-05
0.455196 5e-05
0.455419 5e-05
0.455642 5e-05
0.455865 5e-05
0.456088 5e-05
0.456311 5e-05
0.456533 5e-05
0.456756 5e-05
0.456979 5e-05
0.457202 5e-05
0.457425 5e-05
0.457648 5e-05
0.457871 5e-05
0.458094 5e-05
0.458317 5e-05
0.45854 5e-05
0.458763 5e-05
0.458986 5e-05
0.459208 5e-05
0.459431 5e-05
0.459654 5e-05
0.459877 5e-05
0.4601 5e-05
0.460323 5e-05
0.460546 5e-05
0.460769 5e-05
0.460992 5e-05
0.461215 5e-05
0.461438 5e-05
0.461661 5e-05
0.461883 5.4e-05
0.462106 5.4e-05
0.462329 5.4e-05
0.462552 5.4e-05
0.462775 5.4e-05
0.462998 5.4e-05
0.463221 5.4e-05
0.463444 5.4e-05
0.463667 5.4e-05
0.46389 5.4e-05
0.464113 5.4e-05
0.464336 5.4e-05
0.464558 5.4e-05
0.464781 5.4e-05
0.465004 5.4e-05
0.465227 5.4e-05
0.46545 5.4e-05
0.465673 5.4e-05
0.465896 5.4e-05
0.466119 5.4e-05
0.466342 5.4e-05
0.466565 5.4e-05
0.466788 5.4e-05
0.467011 5.4e-05
0.467233 5.4e-05
0.467456 5.4e-05
0.467679 5.4e-05
0.467902 5.4e-05
0.468125 5.4e-05
0.468348 5.4e-05
0.468571 5.4e-05
0.468794 5.4e-05
0.469017 5.4e-05
0.46924 5.4e-05
0.469463 5.4e-05
0.469686 5.4e-05
0.469908 5.4e-05
0.470131 5.4e-05
0.470354 5.4e-05
0.470577 5.4e-05
0.4708 5.4e-05
0.471023 5.4e-05
0.471246 5.4e-05
0.471469 5.4e-05
0.471692 5.4e-05
0.471915 5.4e-05
0.472138 5.4e-05
0.472361 5.4e-05
0.472583 5.4e-05
0.472806 5.4e-05
0.473029 5.4e-05
0.473252 5.4e-05
0.473475 5.4e-05
0.473698 5.4e-05
0.473921 5.4e-05
0.474144 5.4e-05
0.474367 5.4e-05
0.47459 5.4e-05
0.474813 5.4e-05
0.475036 5.4e-05
0.475258 5.4e-05
0.475481 5.4e-05
0.475704 5.4e-05
0.475927 5.4e-05
0.47615 5.4e-05
0.476373 5.4e-05
0.476596 5.4e-05
0.476819 5.4e-05
0.477042 5.4e-05
0.477265 5.4e-05
0.477488 5.4e-05
0.477711 5.4e-05
0.477933 5.4e-05
0.478156 5.4e-05
0.478379 5.4e-05
0.478602 5.4e-05
0.478825 5.4e-05
0.479048 5.4e-05
0.479271 5.4e-05
0.479494 5.4e-05
0.479717 5.4e-05
0.47994 5.4e-05
0.480163 5.4e-05
0.480386 5.4e-05
0.480608 5.4e-05
0.480831 5.4e-05
0.481054 5.4e-05
0.481277 5.4e-05
0.4815 5.4e-05
0.481723 5.4e-05
0.481946 5.4e-05
0.482169 5.4e-05
0.482392 5.4e-05
0.482615 5.4e-05
0.482838 5.4e-05
0.483061 5.4e-05
0.483283 5.4e-05
0.483506 5.4e-05
0.483729 5.4e-05
0.483952 5.4e-05
0.484175 5.4e-05
0.484398 5.4e-05
0.484621 5.4e-05
0.484844 5.4e-05
0.485067 5.4e-05
0.48529 5.4e-05
0.485513 5.4e-05
0.485736 5.4e-05
0.485958 5.4e-05
0.486181 5.4e-05
0.486404 5.4e-05
0.486627 5.4e-05
0.48685 5.4e-05
0.487073 5.4e-05
0.487296 5.4e-05
0.487519 5.4e-05
0.487742 5.4e-05
0.487965 5.4e-05
0.488188 5.4e-05
0.488411 5.4e-05
0.488633 5.4e-05
0.488856 5.6e-05
0.489079 5.6e-05
0.489302 5.6e-05
0.489525 5.6e-05
0.489748 5.6e-05
0.489971 5.6e-05
0.490194 5.6e-05
0.490417 5.6e-05
0.49064 5.6e-05
0.490863 5.6e-05
0.491086 5.6e-05
0.491308 5.6e-05
0.491531 5.6e-05
0.491754 5.6e-05
0.491977 5.6e-05
0.4922 5.6e-05
0.492423 5.6e-05
0.492646 5.6e-05
0.492869 5.6e-05
0.493092 5.6e-05
0.493315 5.6e-05
0.493538 5.6e-05
0.493761 5.8e-05
0.493983 5.8e-05
0.494206 5.8e-05
0.494429 6e-05
0.494652 6.2e-05
0.494875 6.2e-05
0.495098 6.2e-05
0.495321 6.2e-05
0.495544 6.2e-05
0.495767 6.2e-05
0.49599 6.2e-05
0.496213 6.2e-05
0.496436 6.2e-05
0.496658 6.2e-05
0.496881 6.2e-05
0.497104 6.2e-05
0.497327 6.2e-05
0.49755 6.2e-05
0.497773 6.2e-05
0.497996 6.2e-05
0.498219 6.2e-05
0.498442 6.2e-05
0.498665 6.2e-05
0.498888 6.2e-05
0.499111 6.2e-05
0.499333 6.2e-05
0.499556 6.2e-05
0.499779 6.4e-05
0.500002 6.4e-05
0.500225 6.4e-05
0.500448 6.4e-05
0.500671 6.4e-05
0.500894 6.4e-05
0.501117 6.4e-05
0.50134 6.4e-05
0.501563 6.4e-05
0.501786 6.4e-05
0.502008 6.4e-05
0.502231 6.4e-05
0.502454 6.4e-05
0.502677 6.4e-05
0.5029 6.4e-05
0.503123 6.4e-05
0.503346 6.4e-05
0.503569 6.4e-05
0.503792 6.4e-05
0.504015 6.4e-05
0.504238 6.4e-05
0.504461 6.4e-05
0.504683 6.4e-05
0.504906 6.4e-05
0.505129 6.4e-05
0.505352 6.4e-05
0.505575 6.6e-05
0.505798 6.6e-05
0.506021 6.6e-05
0.506244 6.6e-05
0.506467 6.8e-05
0.50669 6.8e-05
0.506913 6.8e-05
0.507136 6.8e-05
0.507358 6.8e-05
0.507581 6.8e-05
0.507804 6.8e-05
0.508027 6.8e-05
0.50825 6.8e-05
0.508473 6.8e-05
0.508696 6.8e-05
0.508919 6.8e-05
0.509142 6.8e-05
0.509365 6.8e-05
0.509588 6.8e-05
0.509811 6.8e-05
0.510033 6.8e-05
0.510256 6.8e-05
0.510479 6.8e-05
0.510702 6.8e-05
0.510925 6.8e-05
0.511148 6.8e-05
0.511371 7.2e-05
0.511594 7.2e-05
0.511817 7.2e-05
0.51204 7.2e-05
0.512263 7.2e-05
0.512486 7.2e-05
0.512708 7.2e-05
0.512931 7.2e-05
0.513154 7.2e-05
0.513377 7.2e-05
0.5136 7.2e-05
0.513823 7.2e-05
0.514046 7.2e-05
0.514269 7.2e-05
0.514492 7.2e-05
0.514715 7.2e-05
0.514938 7.2e-05
0.515161 7.2e-05
0.515383 7.2e-05
0.515606 7.2e-05
0.515829 7.2e-05
0.516052 7.2e-05
0.516275 7.2e-05
0.516498 7.2e-05
0.516721 7.4e-05
0.516944 7.4e-05
0.517167 7.4e-05
0.51739 7.4e-05
0.517613 7.4e-05
0.517836 7.4e-05
0.518058 7.4e-05
0.518281 7.4e-05
0.518504 7.4e-05
0.518727 7.4e-05
0.51895 7.4e-05
0.519173 7.4e-05
0.519396 7.4e-05
0.519619 7.4e-05
0.519842 7.4e-05
0.520065 7.4e-05
0.520288 7.4e-05
0.520511 7.4e-05
0.520733 7.4e-05
0.520956 7.4e-05
0.521179 7.4e-05
0.521402 7.4e-05
0.521625 7.4e-05
0.521848 7.4e-05
0.522071 7.4e-05
0.522294 7.4e-05
0.522517 7.4e-05
0.52274 7.4e-05
0.522963 7.4e-05
0.523186 7.4e-05
0.523408 7.4e-05
0.523631 7.4e-05
0.523854 7.4e-05
0.524077 7.4e-05
0.5243 7.4e-05
0.524523 7.6e-05
0.524746 7.6e-05
0.524969 7.6e-05
0.525192 7.6e-05
0.525415 7.6e-05
0.525638 7.6e-05
0.525861 7.6e-05
0.526083 7.6e-05
0.526306 7.6e-05
0.526529 7.8e-05
0.526752 7.8e-05
0.526975 7.8e-05
0.527198 7.8e-05
0.527421 7.8e-05
0.527644 7.8e-05
0.527867 7.8e-05
0.52809 7.8e-05
0.528313 7.8e-05
0.528536 7.8e-05
0.528758 7.8e-05
0.528981 7.8e-05
0.529204 7.8e-05
0.529427 8.6e-05
0.52965 8.6e-05
0.529873 8.6e-05
0.530096 8.6e-05
0.530319 8.6e-05
0.530542 8.6e-05
0.530765 8.6e-05
0.530988 8.6e-05
0.531211 8.6e-05
0.531433 8.6e-05
0.531656 8.6e-05
0.531879 8.6e-05
0.532102 8.6e-05
0.532325 8.6e-05
0.532548 8.6e-05
0.532771 8.6e-05
0.532994 8.6e-05
0.533217 8.6e-05
0.53344 8.6e-05
0.533663 8.6e-05
0.533886 8.6e-05
0.534108 8.6e-05
0.534331 8.6e-05
0.534554 8.6e-05
0.534777 8.6e-05
0.535 8.6e-05
0.535223 8.6e-05
0.535446 8.6e-05
0.535669 8.6e-05
0.535892 8.6e-05
0.536115 8.6e-05
0.536338 8.6e-05
0.536561 8.6e-05
0.536783 8.6e-05
0.537006 8.6e-05
0.537229 8.6e-05
0.537452 8.6e-05
0.537675 8.6e-05
0.537898 8.6e-05
0.538121 8.6e-05
0.538344 8.6e-05
0.538567 8.6e-05
0.53879 8.6e-05
0.539013 8.6e-05
0.539236 8.6e-05
0.539458 9.2e-05
0.539681 9.2e-05
0.539904 9.2e-05
0.540127 9.2e-05
0.54035 9.2e-05
0.540573 9.2e-05
0.540796 9.2e-05
0.541019 9.2e-05
0.541242 9.2e-05
0.541465 9.2e-05
0.541688 9.2e-05
0.541911 9.2e-05
0.542133 9.2e-05
0.542356 9.2e-05
0.542579 9.2e-05
0.542802 9.2e-05
0.543025 9.2e-05
0.543248 9.2e-05
0.543471 9.2e-05
0.543694 9.2e-05
0.543917 9.2e-05
0.54414 9.2e-05
0.544363 9.2e-05
0.544586 9.2e-05
0.544808 9.2e-05
0.545031 9.4e-05
0.545254 9.4e-05
0.545477 9.4e-05
0.5457 9.4e-05
0.545923 9.4e-05
0.546146 9.4e-05
0.546369 9.4e-05
0.546592 9.4e-05
0.546815 9.4e-05
0.547038 9.4e-05
0.547261 9.4e-05
0.547483 9.4e-05
0.547706 9.8e-05
0.547929 9.8e-05
0.548152 9.8e-05
0.548375 9.8e-05
0.548598 0.0001
0.548821 0.0001
0.549044 0.0001
0.549267 0.0001
0.54949 0.0001
0.549713 0.0001
0.549936 0.0001
0.550158 0.0001
0.550381 0.0001
0.550604 0.0001
0.550827 0.0001
0.55105 0.0001
0.551273 0.0001
0.551496 0.0001
0.551719 0.0001
0.551942 0.0001
0.552165 0.0001
0.552388 0.0001
0.552611 0.0001
0.552833 0.0001
0.553056 0.0001
0.553279 0.0001
0.553502 0.0001
0.553725 0.0001
0.553948 0.0001
0.554171 0.000102
0.554394 0.000102
0.554617 0.000102
0.55484 0.000102
0.555063 0.000102
0.555286 0.000102
0.555508 0.000102
0.555731 0.000102
0.555954 0.000102
0.556177 0.000102
0.5564 0.000102
0.556623 0.000104
0.556846 0.000104
0.557069 0.000104
0.557292 0.000104
0.557515 0.000104
0.557738 0.000104
0.557961 0.000104
0.558183 0.000104
0.558406 0.000104
0.558629 0.000104
0.558852 0.000104
0.559075 0.000104
0.559298 0.000104
0.559521 0.000104
0.559744 0.000104
0.559967 0.000104
0.56019 0.000104
0.560413 0.000104
0.560636 0.000104
0.560858 0.000104
0.561081 0.000104
0.561304 0.000104
0.561527 0.000104
0.56175 0.000104
0.561973 0.000104
0.562196 0.000104
0.562419 0.000104
0.562642 0.000104
0.562865 0.000104
0.563088 0.000104
0.563311 0.000104
0.563533 0.000104
0.563756 0.000104
0.563979 0.000106
0.564202 0.000106
0.564425 0.000106
0.564648 0.000106
0.564871 0.00011
0.565094 0.00011
0.565317 0.00011
0.56554 0.00011
0.565763 0.00011
0.565986 0.00011
0.566208 0.00011
0.566431 0.00011
0.566654 0.00011
0.566877 0.00011
0.5671 0.00011
0.567323 0.000112
0.567546 0.000112
0.567769 0.000112
0.567992 0.000112
0.568215 0.000112
0.568438 0.000112
0.568661 0.000112
0.568883 0.000112
0.569106 0.000112
0.569329 0.000112
0.569552 0.000116
0.569775 0.000116
0.569998 0.000116
0.570221 0.000116
0.570444 0.000116
0.570667 0.000116
0.57089 0.000116
0.571113 0.000116
0.571336 0.000116
0.571559 0.000116
0.571781 0.000116
0.572004 0.000118
0.572227 0.000118
0.57245 0.000118
0.572673 0.000118
0.572896 0.000118
0.573119 0.000118
0.573342 0.000118
0.573565 0.000118
0.573788 0.000118
0.574011 0.000118
0.574234 0.000118
0.574456 0.000118
0.574679 0.000118
0.574902 0.000118
0.575125 0.000118
0.575348 0.000118
0.575571 0.000118
0.575794 0.000118
0.576017 0.000118
0.57624 0.000126
0.576463 0.000126
0.576686 0.000126
0.576909 0.000126
0.577131 0.000126
0.577354 0.000132
0.577577 0.000132
0.5778 0.000132
0.578023 0.000132
0.578246 0.000132
0.578469 0.000132
0.578692 0.000132
0.578915 0.000132
0.579138 0.000132
0.579361 0.000132
0.579584 0.000132
0.579806 0.000132
0.580029 0.000132
0.580252 0.000132
0.580475 0.000132
0.580698 0.000134
0.580921 0.000134
0.581144 0.000134
0.581367 0.000134
0.58159 0.000134
0.581813 0.000134
0.582036 0.000134
0.582259 0.000134
0.582481 0.000134
0.582704 0.000134
0.582927 0.000134
0.58315 0.000142
0.583373 0.000142
0.583596 0.000142
0.583819 0.000142
0.584042 0.000142
0.584265 0.000142
0.584488 0.000142
0.584711 0.000142
0.584934 0.000142
0.585156 0.000146
0.585379 0.000146
0.585602 0.000146
0.585825 0.000146
0.586048 0.000146
0.586271 0.000146
0.586494 0.000146
0.586717 0.000146
0.58694 0.000146
0.587163 0.000146
0.587386 0.000146
0.587609 0.000148
0.587831 0.000148
0.588054 0.000148
0.588277 0.000154
0.5885 0.000154
0.588723 0.000154
0.588946 0.000154
0.589169 0.000154
0.589392 0.000154
0.589615 0.000154
0.589838 0.000154
0.590061 0.000154
0.590284 0.000154
0.590506 0.000154
0.590729 0.000154
0.590952 0.00016
0.591175 0.00016
0.591398 0.00016
0.591621 0.000162
0.591844 0.000162
0.592067 0.000162
0.59229 0.000162
0.592513 0.000162
0.592736 0.000162
0.592959 0.000164
0.593181 0.000166
0.593404 0.000166
0.593627 0.000166
0.59385 0.000166
0.594073 0.000166
0.594296 0.000166
0.594519 0.000166
0.594742 0.000166
0.594965 0.000166
0.595188 0.000172
0.595411 0.000172
0.595634 0.000172
0.595856 0.000172
0.596079 0.000172
0.596302 0.000172
0.596525 0.000172
0.596748 0.000172
0.596971 0.000172
0.597194 0.000172
0.597417 0.000172
0.59764 0.000172
0.597863 0.000172
0.598086 0.000178
0.598309 0.000178
0.598531 0.000178
0.598754 0.000178
0.598977 0.000178
0.5992 0.000178
0.599423 0.000178
0.599646 0.000178
0.599869 0.000178
0.600092 0.000178
0.600315 0.000178
0.600538 0.000178
0.600761 0.000178
0.600984 0.000178
0.601206 0.000178
0.601429 0.000178
0.601652 0.00019
0.601875 0.00019
0.602098 0.00019
0.602321 0.00019
0.602544 0.00019
0.602767 0.00019
0.60299 0.00019
0.603213 0.00019
0.603436 0.00019
0.603659 0.00019
0.603881 0.00019
0.604104 0.00019
0.604327 0.00019
0.60455 0.00019
0.604773 0.00019
0.604996 0.00019
0.605219 0.00019
0.605442 0.00019
0.605665 0.00019
0.605888 0.00019
0.606111 0.000196
0.606334 0.000196
0.606556 0.000196
0.606779 0.000196
0.607002 0.000196
0.607225 0.000196
0.607448 0.000196
0.607671 0.000196
0.607894 0.000196
0.608117 0.0002
0.60834 0.0002
0.608563 0.0002
0.608786 0.0002
0.609009 0.0002
0.609231 0.0002
0.609454 0.0002
0.609677 0.0002
0.6099 0.0002
0.610123 0.000204
0.610346 0.000204
0.610569 0.000204
0.610792 0.000204
0.611015 0.000204
0.611238 0.000204
0.611461 0.000206
0.611684 0.000206
0.611906 0.000206
0.612129 0.000208
0.612352 0.000208
0.612575 0.000218
0.612798 0.000218
0.613021 0.000218
0.613244 0.000218
0.613467 0.000218
0.61369 0.000218
0.613913 0.000218
0.614136 0.000218
0.614359 0.000218
0.614581 0.000218
0.614804 0.000218
0.615027 0.000218
0.61525 0.000218
0.615473 0.000218
0.615696 0.000218
0.615919 0.000222
0.616142 0.000222
0.616365 0.000224
0.616588 0.000224
0.616811 0.000224
0.617034 0.000224
0.617256 0.000242
0.617479 0.000242
0.617702 0.000242
0.617925 0.000242
0.618148 0.000242
0.618371 0.000242
0.618594 0.000242
0.618817 0.000242
0.61904 0.000242
0.619263 0.000242
0.619486 0.000242
0.619709 0.000242
0.619931 0.000242
0.620154 0.000242
0.620377 0.000242
0.6206 0.000242
0.620823 0.000256
0.621046 0.000256
0.621269 0.000256
0.621492 0.000256
0.621715 0.000256
0.621938 0.000256
0.622161 0.000256
0.622384 0.000256
0.622606 0.000256
0.622829 0.000256
0.623052 0.000256
0.623275 0.000256
0.623498 0.000264
0.623721 0.000264
0.623944 0.000264
0.624167 0.000264
0.62439 0.000264
0.624613 0.000264
0.624836 0.000264
0.625059 0.000276
0.625281 0.000276
0.625504 0.000276
0.625727 0.000276
0.62595 0.000276
0.626173 0.000276
0.626396 0.000276
0.626619 0.000276
0.626842 0.000276
0.627065 0.000276
0.627288 0.000276
0.627511 0.000276
0.627734 0.000294
0.627956 0.000294
0.628179 0.000294
0.628402 0.000294
0.628625 0.000294
0.628848 0.000294
0.629071 0.000294
0.629294 0.000294
0.629517 0.000302
0.62974 0.000306
0.629963 0.000306
0.630186 0.000306
0.630409 0.000306
0.630631 0.000306
0.630854 0.000306
0.631077 0.000306
0.6313 0.000306
0.631523 0.000306
0.631746 0.000306
0.631969 0.000306
0.632192 0.000306
0.632415 0.000306
0.632638 0.000332
0.632861 0.000332
0.633084 0.000332
0.633306 0.000332
0.633529 0.000332
0.633752 0.000332
0.633975 0.00035
0.634198 0.00035
0.634421 0.00035
0.634644 0.00035
0.634867 0.00035
0.63509 0.00035
0.635313 0.00035
0.635536 0.000356
0.635759 0.00036
0.635981 0.00036
0.636204 0.00036
0.636427 0.00036
0.63665 0.00036
0.636873 0.000368
0.637096 0.000368
0.637319 0.000368
0.637542 0.000368
0.637765 0.000378
0.637988 0.000378
0.638211 0.000378
0.638434 0.000378
0.638656 0.000388
0.638879 0.000388
0.639102 0.000388
0.639325 0.000388
0.639548 0.000388
0.639771 0.000398
0.639994 0.000398
0.640217 0.000398
0.64044 0.000398
0.640663 0.000398
0.640886 0.000398
0.641109 0.000398
0.641331 0.000398
0.641554 0.000398
0.641777 0.000398
0.642 0.000398
0.642223 0.000432
0.642446 0.000432
0.642669 0.000432
0.642892 0.000432
0.643115 0.000432
0.643338 0.000432
0.643561 0.000432
0.643784 0.000432
0.644006 0.000432
0.644229 0.000432
0.644452 0.000432
0.644675 0.000432
0.644898 0.000432
0.645121 0.000432
0.645344 0.00044
0.645567 0.00044
0.64579 0.00044
0.646013 0.00044
0.646236 0.00044
0.646459 0.00044
0.646681 0.00044
0.646904 0.00044
0.647127 0.00044
0.64735 0.00044
0.647573 0.00044
0.647796 0.00048
0.648019 0.00048
0.648242 0.00048
0.648465 0.00048
0.648688 0.00048
0.648911 0.00048
0.649134 0.000496
0.649356 0.000496
0.649579 0.000502
0.649802 0.000502
0.650025 0.000502
0.650248 0.000502
0.650471 0.000502
0.650694 0.000502
0.650917 0.000502
0.65114 0.000502
0.651363 0.000502
0.651586 0.000506
0.651809 0.000518
0.652031 0.000518
0.652254 0.000518
0.652477 0.000526
0.6527 0.000526
0.652923 0.000526
0.653146 0.000616
0.653369 0.000616
0.653592 0.000676
0.653815 0.000676
0.654038 0.000676
0.654261 0.000676
0.654484 0.000676
0.654706 0.000676
0.654929 0.000676
0.655152 0.00068
0.655375 0.000682
0.655598 0.000682
0.655821 0.000682
0.656044 0.000682
0.656267 0.000682
0.65649 0.000682
0.656713 0.000682
0.656936 0.000682
0.657159 0.0007
0.657381 0.0007
0.657604 0.000726
0.657827 0.000726
0.65805 0.000726
0.658273 0.000726
0.658496 0.000726
0.658719 0.000856
0.658942 0.000856
0.659165 0.000856
0.659388 0.000856
0.659611 0.000856
0.659834 0.000864
0.660056 0.000926
0.660279 0.000926
0.660502 0.000926
0.660725 0.000926
0.660948 0.000926
0.661171 0.000926
0.661394 0.000926
0.661617 0.000926
0.66184 0.000926
0.662063 0.000932
0.662286 0.000956
0.662509 0.001032
0.662731 0.001042
0.662954 0.001042
0.663177 0.001042
0.6634 0.001042
0.663623 0.001042
0.663846 0.001042
0.664069 0.001042
0.664292 0.001044
0.664515 0.001044
0.664738 0.001066
0.664961 0.001066
0.665184 0.001078
0.665406 0.001148
0.665629 0.001148
0.665852 0.001148
0.666075 0.001148
0.666298 0.001148
0.666521 0.001156
0.666744 0.001216
0.666967 0.001216
0.66719 0.001216
0.667413 0.001216
0.667636 0.001216
0.667859 0.001216
0.668081 0.001444
0.668304 0.001464
0.668527 0.001468
0.66875 0.001484
0.668973 0.001484
0.669196 0.001484
0.669419 0.001514
0.669642 0.001516
0.669865 0.001516
0.670088 0.001516
0.670311 0.001516
0.670534 0.001516
0.670756 0.001516
0.670979 0.00164
0.671202 0.001832
0.671425 0.001834
0.671648 0.00184
0.671871 0.001892
0.672094 0.001892
0.672317 0.001896
0.67254 0.001896
0.672763 0.001902
0.672986 0.001972
0.673209 0.001984
0.673431 0.001984
0.673654 0.002136
0.673877 0.002142
0.6741 0.002462
0.674323 0.002488
0.674546 0.002586
0.674769 0.00286
0.674992 0.003428
0.675215 0.00344
0.675438 0.0035
0.675661 0.003502
0.675884 0.003652
0.676106 0.003652
0.676329 0.00406
0.676552 0.004136
0.676775 0.004136
0.676998 0.004464
0.677221 0.004736
0.677444 0.00498
0.677667 0.00498
0.67789 0.00498
0.678113 0.005368
0.678336 0.005368
0.678559 0.00559
0.678781 0.006924
0.679004 0.00876
0.679227 0.00876
0.67945 0.00876
0.679673 0.00876
0.679896 0.00876
0.680119 0.010262
0.680342 0.010748
0.680565 0.01179
0.680788 0.013756
0.681011 0.019478
0.681234 0.024554
0.681456 0.026704
0.681679 0.033338
0.681902 0.062724
0.682125 0.039584
0.682348 0.018278
0.682571 0.01896
0.682794 0.018968
0.683017 0.019238
0.68324 0.019246
0.683463 0.01168
0.683686 0.016294
0.683909 0.016322
0.684131 0.011712
0.684354 0.01304
0.684577 0.013046
0.6848 0.007526
0.685023 0.007578
0.685246 0.007578
0.685469 0.007578
0.685692 0.007578
0.685915 0.00859
0.686138 0.00859
0.686361 0.00859
0.686584 0.008608
0.686806 0.008614
0.687029 0.008618
0.687252 0.00864
0.687475 0.008656
0.687698 0.008676
0.687921 0.008678
0.688144 0.009088
0.688367 0.009096
0.68859 0.009106
0.688813 0.009108
0.689036 0.009108
0.689259 0.009108
0.689481 0.009114
0.689704 0.009124
0.689927 0.009126
0.69015 0.009126
0.690373 0.009126
0.690596 0.009166
0.690819 0.009166
0.691042 0.009166
0.691265 0.009166
0.691488 0.009166
0.691711 0.009306
0.691934 0.009306
0.692156 0.009312
0.692379 0.009312
0.692602 0.009374
0.692825 0.009376
0.693048 0.009396
0.693271 0.009396
0.693494 0.009428
0.693717 0.009436
0.69394 0.009436
0.694163 0.00948
0.694386 0.009488
0.694609 0.009568
0.694831 0.009572
0.695054 0.009572
0.695277 0.009584
0.6955 0.0097
0.695723 0.0097
0.695946 0.0097
0.696169 0.0097
0.696392 0.0097
0.696615 0.00971
0.696838 0.00971
0.697061 0.00971
0.697284 0.009718
0.697506 0.009718
0.697729 0.009718
0.697952 0.009718
0.698175 0.009718
0.698398 0.009718
0.698621 0.009718
0.698844 0.009726
0.699067 0.009726
0.69929 0.00085
0.699513 0.00085
0.699736 0.00085
0.699959 0.00085
0.700181 0.00087
0.700404 0.00087
0.700627 0.00087
0.70085 0.00087
0.701073 0.001088
0.701296 0.001088
0.701519 0.001094
0.701742 0.001094
0.701965 0.001094
0.702188 0.001094
0.702411 0.001094
0.702634 0.001094
0.702856 0.001094
0.703079 0.001094
0.703302 0.001094
0.703525 0.001094
0.703748 0.001094
0.703971 0.001094
0.704194 0.001094
0.704417 0.001094
0.70464 0.001094
0.704863 0.001094
0.705086 0.001104
0.705309 0.001104
0.705531 0.001104
0.705754 0.001104
0.705977 0.001104
0.7062 0.001104
0.706423 0.001104
0.706646 0.001104
0.706869 0.001104
0.707092 0.001104
0.707315 0.001104
0.707538 0.001104
0.707761 0.001104
0.707984 0.001104
0.708206 0.001104
0.708429 0.001104
0.708652 0.001104
0.708875 0.00111
0.709098 0.00073
0.709321 0.00073
0.709544 0.00073
0.709767 0.00073
0.70999 0.00073
0.710213 0.000734
0.710436 0.000734
0.710659 0.000734
0.710881 0.000734
0.711104 0.000734
0.711327 0.000734
0.71155 0.000734
0.711773 0.000746
0.711996 0.000746
0.712219 0.000746
0.712442 0.000746
0.712665 0.000746
0.712888 0.000746
0.713111 0.000746
0.713334 0.000746
0.713556 0.000746
0.713779 0.000746
0.714002 0.000746
0.714225 0.000746
0.714448 0.000746
0.714671 0.000746
0.714894 0.000746
0.715117 0.000746
0.71534 0.000746
0.715563 0.000746
0.715786 0.000746
0.716009 0.000746
0.716231 0.000746
0.716454 0.000746
0.716677 0.000746
0.7169 0.000746
0.717123 0.000746
0.717346 0.000746
0.717569 0.000754
0.717792 0.000754
0.718015 0.000754
0.718238 0.000754
0.718461 0.000754
0.718684 0.000754
0.718906 0.000754
0.719129 0.000754
0.719352 0.000754
0.719575 0.000754
0.719798 0.000754
0.720021 0.000754
0.720244 0.000754
0.720467 0.000754
0.72069 0.000754
0.720913 0.000754
0.721136 0.000754
0.721359 0.000754
0.721581 0.000754
0.721804 0.000754
0.722027 0.000754
0.72225 0.000754
0.722473 0.000754
0.722696 0.000754
0.722919 0.000754
0.723142 0.000754
0.723365 0.000754
0.723588 0.000754
0.723811 0.000754
0.724034 0.000754
0.724256 0.000754
0.724479 0.000754
0.724702 0.000756
0.724925 0.000756
0.725148 0.000756
0.725371 0.000756
0.725594 0.000756
0.725817 0.000756
0.72604 0.000756
0.726263 0.000756
0.726486 0.000756
0.726709 0.000756
0.726931 0.000756
0.727154 0.000756
0.727377 0.00076
0.7276 0.00076
0.727823 0.00076
0.728046 0.00076
0.728269 0.00076
0.728492 0.00076
0.728715 0.00076
0.728938 0.00076
0.729161 0.00076
0.729384 0.00076
0.729606 0.00076
0.729829 0.00076
0.730052 0.00076
0.730275 0.00076
0.730498 0.00076
0.730721 0.00076
0.730944 0.00076
0.731167 0.00076
0.73139 0.00076
0.731613 0.00076
0.731836 0.00076
0.732059 0.00076
0.732281 0.00076
0.732504 0.00076
0.732727 0.000784
0.73295 0.000784
0.733173 0.000784
0.733396 0.000784
0.733619 0.000784
0.733842 0.000784
0.734065 0.000784
0.734288 0.000784
0.734511 0.000784
0.734734 0.000784
0.734956 0.000784
0.735179 0.000784
0.735402 0.000784
0.735625 0.000784
0.735848 0.000784
0.736071 0.000784
0.736294 0.000784
0.736517 0.000784
0.73674 0.000784
0.736963 0.000784
0.737186 0.000784
0.737409 0.000784
0.737631 0.000784
0.737854 0.000784
0.738077 0.000784
0.7383 0.000784
0.738523 0.000784
0.738746 0.000784
0.738969 0.000784
0.739192 0.000788
0.739415 0.000788
0.739638 0.000788
0.739861 0.000788
0.740084 0.000788
0.740306 0.000788
0.740529 0.000788
0.740752 0.000788
0.740975 0.000788
0.741198 0.000788
0.741421 0.000788
0.741644 0.000788
0.741867 0.000788
0.74209 0.000788
0.742313 0.000788
0.742536 0.000788
0.742759 0.000788
0.742981 0.000788
0.743204 0.000788
0.743427 0.000788
0.74365 0.000788
0.743873 0.000788
0.744096 0.000788
0.744319 0.000788
0.744542 0.000788
0.744765 0.000788
0.744988 0.000788
0.745211 0.000788
0.745434 0.000788
0.745656 0.000788
0.745879 0.000788
0.746102 0.000788
0.746325 0.000788
0.746548 0.000864
0.746771 0.000864
0.746994 0.000928
0.747217 0.000928
0.74744 0.000928
0.747663 0.000928
0.747886 0.000928
0.748109 0.000928
0.748331 0.000928
0.748554 0.000928
0.748777 0.000928
0.749 0.000928
0.749223 0.000928
0.749446 0.000928
0.749669 0.000928
0.749892 0.000928
0.750115 0.000928
0.750338 0.000928
0.750561 0.000928
0.750784 0.000928
0.751006 0.000928
0.751229 0.000518
0.751452 0.000518
0.751675 0.000518
0.751898 0.000518
0.752121 0.00052
0.752344 0.00052
0.752567 0.00052
0.75279 0.00052
0.753013 0.00052
0.753236 0.00052
0.753459 0.00052
0.753681 0.00052
0.753904 0.00052
0.754127 0.00052
0.75435 0.00052
0.754573 0.00052
0.754796 0.000548
0.755019 0.000548
0.755242 0.000554
0.755465 0.000554
0.755688 0.000554
0.755911 0.000554
0.756134 0.000554
0.756356 0.000554
0.756579 0.000554
0.756802 0.000554
0.757025 0.000554
0.757248 0.000554
0.757471 0.000554
0.757694 0.000554
0.757917 0.000554
0.75814 0.000554
0.758363 0.000556
0.758586 0.000556
0.758809 0.000556
0.759031 0.000556
0.759254 0.000556
0.759477 0.000556
0.7597 0.000556
0.759923 0.000556
0.760146 0.000556
0.760369 0.000556
0.760592 0.000556
0.760815 0.000556
0.761038 0.000556
0.761261 0.000556
0.761484 0.000556
0.761706 0.000556
0.761929 0.000556
0.762152 0.000556
0.762375 0.000556
0.762598 0.000556
0.762821 0.000556
0.763044 0.00059
0.763267 0.00059
0.76349 0.00059
0.763713 0.00059
0.763936 0.000594
0.764159 0.000594
0.764381 0.000594
0.764604 0.000594
0.764827 0.000594
0.76505 0.000594
0.765273 0.000594
0.765496 0.000594
0.765719 0.000594
0.765942 0.000594
0.766165 0.000594
0.766388 0.000596
0.766611 0.000596
0.766834 0.000604
0.767056 0.000604
0.767279 0.000604
0.767502 0.000604
0.767725 0.000604
0.767948 0.000634
0.768171 0.000634
0.768394 0.000634
0.768617 0.000634
0.76884 0.000634
0.769063 0.000634
0.769286 0.000634
0.769509 0.000634
0.769731 0.000634
0.769954 0.000634
0.770177 0.000634
0.7704 0.000634
0.770623 0.000634
0.770846 0.000634
0.771069 0.000638
0.771292 0.000638
0.771515 0.000638
0.771738 0.000638
0.771961 0.000638
0.772184 0.000638
0.772406 0.000638
0.772629 0.000638
0.772852 0.000638
0.773075 0.000638
0.773298 0.000638
0.773521 0.000638
0.773744 0.000638
0.773967 0.000638
0.77419 0.000384
0.774413 0.00035
0.774636 0.00035
0.774859 0.00035
0.775081 0.00035
0.775304 0.00035
0.775527 0.00035
0.77575 0.00035
0.775973 0.00035
0.776196 0.00035
0.776419 0.00035
0.776642 0.00035
0.776865 0.00035
0.777088 0.00035
0.777311 0.00035
0.777534 0.00035
0.777756 0.00035
0.777979 0.00035
0.778202 0.00035
0.778425 0.00035
0.778648 0.00035
0.778871 0.00035
0.779094 0.00035
0.779317 0.00035
0.77954 0.00035
0.779763 0.00035
0.779986 0.00035
0.780209 0.00035
0.780431 0.00035
0.780654 0.00035
0.780877 0.000386
0.7811 0.000386
0.781323 0.000386
0.781546 0.000386
0.781769 0.000392
0.781992 0.000394
0.782215 0.000394
0.782438 0.000394
0.782661 0.000394
0.782884 0.000394
0.783106 0.000394
0.783329 0.000394
0.783552 0.000394
0.783775 0.000394
0.783998 0.000394
0.784221 0.000394
0.784444 0.000394
0.784667 0.000394
0.78489 0.000394
0.785113 0.000394
0.785336 0.000394
0.785559 0.000394
0.785781 0.000394
0.786004 0.000394
0.786227 0.000394
0.78645 0.000394
0.786673 0.000394
0.786896 0.000394
0.787119 0.000394
0.787342 0.000394
0.787565 0.000394
0.787788 0.000394
0.788011 0.000394
0.788234 0.000394
0.788456 0.000394
0.788679 0.000394
0.788902 0.000394
0.789125 0.000394
0.789348 0.000394
0.789571 0.000394
0.789794 0.000394
0.790017 0.000394
0.79024 0.000394
0.790463 0.000394
0.790686 0.000394
0.790909 0.000394
0.791131 0.000394
0.791354 0.000394
0.791577 0.000394
0.7918 0.000394
0.792023 0.000394
0.792246 0.000394
0.792469 0.000394
0.792692 0.00035
0.792915 0.00035
0.793138 0.00035
0.793361 0.00035
0.793584 0.00035
0.793806 0.00035
0.794029 0.00035
0.794252 0.00035
0.794475 0.00035
0.794698 0.00035
0.794921 0.00035
0.795144 0.00035
0.795367 0.00035
0.79559 0.00035
0.795813 0.00035
0.796036 0.00035
0.796259 0.000486
0.796481 0.000486
0.796704 0.000486
0.796927 0.000486
0.79715 0.000486
0.797373 0.000486
0.797596 0.000486
0.797819 0.000486
0.798042 0.000486
0.798265 0.000486
0.798488 0.000486
0.798711 0.000486
0.798934 0.000486
0.799156 0.000486
0.799379 0.000486
0.799602 0.000486
0.799825 0.000486
0.800048 0.000486
0.800271 0.000486
0.800494 0.000486
0.800717 0.000486
0.80094 0.000486
0.801163 0.000486
0.801386 0.000486
0.801609 0.000486
0.801831 0.000486
0.802054 0.000486
0.802277 0.000486
0.8025 0.000486
0.802723 0.000486
0.802946 0.000486
0.803169 0.000486
0.803392 0.000486
0.803615 0.000486
0.803838 0.000486
0.804061 0.000486
0.804284 0.000486
0.804506 0.000486
0.804729 0.000486
0.804952 0.000486
0.805175 0.000486
0.805398 0.000486
0.805621 0.000486
0.805844 0.000486
0.806067 0.000486
0.80629 0.000486
0.806513 0.000486
0.806736 0.000486
0.806959 0.000486
0.807181 0.000486
0.807404 0.000486
0.807627 0.000486
0.80785 0.000486
0.808073 0.000486
0.808296 0.000486
0.808519 0.000486
0.808742 0.000486
0.808965 0.000486
0.809188 0.000486
0.809411 0.000486
0.809634 0.000486
0.809856 0.000486
0.810079 0.000486
0.810302 0.000486
0.810525 0.000486
0.810748 0.000486
0.810971 0.000486
0.811194 0.000322
0.811417 0.000322
0.81164 0.000322
0.811863 0.000322
0.812086 0.000322
0.812309 0.000322
0.812531 0.000322
0.812754 0.000322
0.812977 0.000322
0.8132 0.000322
0.813423 0.000322
0.813646 0.000322
0.813869 0.000322
0.814092 0.000322
0.814315 0.000322
0.814538 0.000322
0.814761 0.000322
0.814984 0.000322
0.815206 0.000322
0.815429 0.000322
0.815652 0.000322
0.815875 0.000322
0.816098 0.000322
0.816321 0.000322
0.816544 0.000322
0.816767 0.000322
0.81699 0.000322
0.817213 0.000322
0.817436 0.000322
0.817659 0.000322
0.817881 0.000322
0.818104 0.000322
0.818327 0.000322
0.81855 0.000322
0.818773 0.000322
0.818996 0.000322
0.819219 0.000322
0.819442 0.000322
0.819665 0.000322
0.819888 0.000322
0.820111 0.000322
0.820334 0.000322
0.820556 0.000322
0.820779 0.000322
0.821002 0.000322
0.821225 0.000322
0.821448 0.000322
0.821671 0.000304
0.821894 0.000304
0.822117 0.000306
0.82234 0.000306
0.822563 0.000306
0.822786 0.000306
0.823009 0.000306
0.823231 0.000306
0.823454 0.000306
0.823677 0.000306
0.8239 0.000306
0.824123 0.000306
0.824346 0.000306
0.824569 0.000306
0.824792 0.000306
0.825015 0.000306
0.825238 0.000306
0.825461 0.000306
0.825684 0.000306
0.825906 0.000306
0.826129 0.000306
0.826352 0.000306
0.826575 0.000306
0.826798 0.000306
0.827021 0.000306
0.827244 0.000306
0.827467 0.000306
0.82769 0.000306
0.827913 0.000306
0.828136 0.000306
0.828359 0.000306
0.828581 0.000306
0.828804 0.000306
0.829027 0.000306
0.82925 0.000306
0.829473 0.000306
0.829696 0.000306
0.829919 0.000306
0.830142 0.000306
0.830365 0.000306
0.830588 0.000306
0.830811 0.000306
0.831034 0.000306
0.831256 0.000306
0.831479 0.000306
0.831702 0.000306
0.831925 0.000306
0.832148 0.000306
0.832371 0.000306
0.832594 0.000306
0.832817 0.000306
0.83304 0.000306
0.833263 0.000306
0.833486 0.000306
0.833709 0.000306
0.833931 0.000306
0.834154 0.000306
0.834377 0.000306
0.8346 0.000306
0.834823 0.000306
0.835046 0.000306
0.835269 0.000306
0.835492 0.000306
0.835715 0.000306
0.835938 0.000306
0.836161 0.000306
0.836384 0.000306
0.836606 0.000306
0.836829 0.000306
0.837052 0.000306
0.837275 0.000306
0.837498 0.000306
0.837721 0.000306
0.837944 0.000306
0.838167 0.000306
0.83839 0.000306
0.838613 0.000306
0.838836 0.000306
0.839059 0.000306
0.839281 0.000306
0.839504 0.000306
0.839727 0.000306
0.83995 0.000306
0.840173 0.000306
0.840396 0.000306
0.840619 0.000306
0.840842 0.000306
0.841065 0.000306
0.841288 0.000306
0.841511 0.000306
0.841734 0.000306
0.841956 0.000306
0.842179 0.000306
0.842402 0.000306
0.842625 0.000306
0.842848 0.000306
0.843071 0.000306
0.843294 0.000304
0.843517 0.000304
0.84374 0.000304
0.843963 0.000304
0.844186 0.000304
0.844409 0.000304
0.844631 0.000304
0.844854 0.000304
0.845077 0.000304
0.8453 0.00031
0.845523 0.00031
0.845746 0.00031
0.845969 0.00031
0.846192 0.00031
0.846415 0.00032
0.846638 0.00032
0.846861 0.00032
0.847084 0.00032
0.847306 0.00032
0.847529 0.00032
0.847752 0.00032
0.847975 0.00032
0.848198 0.00032
0.848421 0.00032
0.848644 0.00032
0.848867 0.00032
0.84909 0.00032
0.849313 0.00032
0.849536 0.00032
0.849759 0.00032
0.849981 0.00032
0.850204 0.00032
0.850427 0.00032
0.85065 0.00032
0.850873 0.00032
0.851096 0.00032
0.851319 0.00032
0.851542 0.00032
0.851765 0.00032
0.851988 0.00032
0.852211 0.000328
0.852434 0.000328
0.852656 0.000328
0.852879 0.000328
0.853102 0.000328
0.853325 0.000328
0.853548 0.000328
0.853771 0.000328
0.853994 0.000328
0.854217 0.000328
0.85444 0.000328
0.854663 0.000328
0.854886 0.000328
0.855109 0.000328
0.855331 0.000328
0.855554 0.000328
0.855777 0.000328
0.856 0.000328
0.856223 0.000328
0.856446 0.000328
0.856669 0.000328
0.856892 0.000328
0.857115 0.000328
0.857338 0.000328
0.857561 0.000328
0.857784 0.000328
0.858007 0.000328
0.858229 0.000328
0.858452 0.000328
0.858675 0.000328
0.858898 0.000328
0.859121 0.000328
0.859344 0.000346
0.859567 0.000346
0.85979 0.000346
0.860013 0.000346
0.860236 0.000346
0.860459 0.000346
0.860682 0.000346
0.860904 0.000346
0.861127 0.000346
0.86135 0.000346
0.861573 0.000346
0.861796 0.000346
0.862019 0.000346
0.862242 0.000346
0.862465 0.000346
0.862688 0.000346
0.862911 0.000346
0.863134 0.000346
0.863357 0.000346
0.863579 0.000346
0.863802 0.000346
0.864025 0.000346
0.864248 0.000346
0.864471 0.000346
0.864694 0.000346
0.864917 0.000346
0.86514 0.000346
0.865363 0.000346
0.865586 0.000346
0.865809 0.000346
0.866032 0.000346
0.866254 0.000346
0.866477 0.000346
0.8667 0.000346
0.866923 0.000346
0.867146 0.000346
0.867369 0.000346
0.867592 0.000346
0.867815 0.000346
0.868038 0.000346
0.868261 0.000346
0.868484 0.000346
0.868707 0.000346
0.868929 0.000346
0.869152 0.000346
0.869375 0.000346
0.869598 0.000346
0.869821 0.000346
0.870044 0.000346
0.870267 0.000346
0.87049 0.000346
0.870713 0.000346
0.870936 0.000346
0.871159 0.000346
0.871382 0.000346
0.871604 0.000346
0.871827 0.000346
0.87205 0.000346
0.872273 0.000346
0.872496 0.000346
0.872719 0.000346
0.872942 0.000346
0.873165 0.000346
0.873388 0.000346
0.873611 0.000346
0.873834 0.000346
0.874057 0.000346
0.874279 0.000346
0.874502 0.000346
0.874725 0.000346
0.874948 0.000346
0.875171 0.000346
0.875394 0.000346
0.875617 0.000346
0.87584 0.000346
0.876063 0.000346
0.876286 0.000346
0.876509 0.000346
0.876732 0.000346
0.876954 0.000362
0.877177 0.000362
0.8774 0.000362
0.877623 0.000362
0.877846 0.000362
0.878069 0.000362
0.878292 0.000362
0.878515 0.000196
0.878738 0.000196
0.878961 0.000196
0.879184 0.000196
0.879407 0.000196
0.879629 0.000196
0.879852 0.000196
0.880075 0.000196
0.880298 0.000196
0.880521 0.000196
0.880744 0.000196
0.880967 0.000196
0.88119 0.000196
0.881413 0.000196
0.881636 0.000196
0.881859 0.000196
0.882082 0.000196
0.882304 0.000196
0.882527 0.000196
0.88275 0.000196
0.882973 0.000196
0.883196 0.000196
0.883419 0.000196
0.883642 0.000196
0.883865 0.000196
0.884088 0.000196
0.884311 0.000196
0.884534 0.000196
0.884757 0.000196
0.884979 0.000196
0.885202 0.000196
0.885425 0.000196
0.885648 0.000196
0.885871 0.000196
0.886094 0.000196
0.886317 0.000196
0.88654 0.000196
0.886763 0.000196
0.886986 0.000196
0.887209 0.000196
0.887432 0.000196
0.887654 0.000196
0.887877 0.000196
0.8881 0.000196
0.888323 0.000196
0.888546 0.000196
0.888769 0.000196
0.888992 0.000196
0.889215 0.000196
0.889438 0.000196
0.889661 0.000196
0.889884 0.000196
0.890107 0.000196
0.890329 0.000196
0.890552 0.000196
0.890775 0.000196
0.890998 0.000158
0.891221 0.000158
0.891444 0.000158
0.891667 0.000158
0.89189 0.000158
0.892113 0.000158
0.892336 0.000158
0.892559 0.000158
0.892782 0.000158
0.893004 0.000158
0.893227 0.000158
0.89345 0.000158
0.893673 0.000158
0.893896 0.000158
0.894119 0.000158
0.894342 0.000158
0.894565 0.000158
0.894788 0.000158
0.895011 0.000158
0.895234 0.000158
0.895457 0.000158
0.895679 0.000158
0.895902 0.000158
0.896125 0.000158
0.896348 0.000158
0.896571 0.000158
0.896794 0.000158
0.897017 0.000158
0.89724 0.000158
0.897463 0.000158
0.897686 0.000158
0.897909 0.000158
0.898132 0.000158
0.898354 0.000158
0.898577 0.000158
0.8988 0.000158
0.899023 0.000158
0.899246 0.000158
0.899469 0.000158
0.899692 0.000158
0.899915 0.000158
0.900138 0.000158
0.900361 0.000158
0.900584 0.000158
0.900807 0.000158
0.901029 0.000158
0.901252 0.000158
0.901475 0.000158
0.901698 0.000158
0.901921 0.000158
0.902144 0.000158
0.902367 0.000158
0.90259 0.000158
0.902813 0.000158
0.903036 0.000158
0.903259 0.000194
0.903482 0.000194
0.903704 0.000194
0.903927 0.00014
0.90415 0.00015
0.904373 0.000128
0.904596 0.000128
0.904819 0.000128
0.905042 0.000128
0.905265 0.000128
0.905488 0.000128
0.905711 0.000128
0.905934 0.000128
0.906157 0.000128
0.906379 0.000128
0.906602 0.000128
0.906825 0.000128
0.907048 0.000128
0.907271 0.000128
0.907494 0.000128
0.907717 0.000128
0.90794 0.000128
0.908163 0.000128
0.908386 0.000128
0.908609 0.000128
0.908832 0.000128
0.909054 0.000128
0.909277 0.000128
0.9095 0.000128
0.909723 0.000128
0.909946 0.000128
0.910169 0.000128
0.910392 0.000128
0.910615 0.000128
0.910838 0.000128
0.911061 0.000128
0.911284 0.000128
0.911507 0.000128
0.911729 0.000128
0.911952 0.000128
0.912175 0.000128
0.912398 0.000128
0.912621 0.000128
0.912844 0.000128
0.913067 0.000128
0.91329 0.000128
0.913513 0.000128
0.913736 0.000128
0.913959 0.000128
0.914182 0.000128
0.914404 0.000128
0.914627 0.000136
0.91485 0.000136
0.915073 0.000136
0.915296 0.000136
0.915519 0.000136
0.915742 0.000136
0.915965 0.000136
0.916188 0.000136
0.916411 0.000136
0.916634 0.000128
0.916857 0.000128
0.917079 0.000122
0.917302 0.000122
0.917525 0.000122
0.917748 0.000122
0.917971 0.000122
0.918194 0.000122
0.918417 0.000122
0.91864 0.000122
0.918863 0.000122
0.919086 0.000122
0.919309 0.000122
0.919532 0.000122
0.919754 0.000122
0.919977 0.000122
0.9202 0.000122
0.920423 0.000122
0.920646 0.000122
0.920869 0.000122
0.921092 0.000122
0.921315 0.000122
0.921538 0.000122
0.921761 0.000122
0.921984 0.000122
0.922207 0.000122
0.922429 0.000122
0.922652 0.000122
0.922875 0.000122
0.923098 0.000122
0.923321 0.000122
0.923544 0.000122
0.923767 0.000122
0.92399 0.000122
0.924213 0.000122
0.924436 0.000122
0.924659 0.000122
0.924882 0.000122
0.925104 0.000122
0.925327 0.000122
0.92555 0.000122
0.925773 0.000122
0.925996 0.000122
0.926219 0.000122
0.926442 0.000122
0.926665 0.000122
0.926888 0.000122
0.927111 0.000122
0.927334 0.000122
0.927557 0.000122
0.927779 0.000122
0.928002 0.000122
0.928225 0.000122
0.928448 0.000122
0.928671 0.000122
0.928894 0.000122
0.929117 0.000122
0.92934 0.000122
0.929563 0.000188
0.929786 0.000188
0.930009 0.000188
0.930232 0.000188
0.930454 0.000188
0.930677 0.000188
0.9309 0.000188
0.931123 0.000188
0.931346 0.000188
0.931569 0.000188
0.931792 0.000188
0.932015 0.000188
0.932238 0.000188
0.932461 0.000188
0.932684 0.000188
0.932907 0.000188
0.933129 0.000188
0.933352 0.000188
0.933575 0.000188
0.933798 0.000188
0.934021 0.000188
0.934244 0.000188
0.934467 0.000188
0.93469 0.000188
0.934913 0.000188
0.935136 0.000188
0.935359 0.000188
0.935582 0.000188
0.935804 0.000188
0.936027 0.000188
0.93625 0.000218
0.936473 0.000218
0.936696 0.000218
0.936919 0.000218
0.937142 0.000218
0.937365 0.000218
0.937588 0.000218
0.937811 0.000218
0.938034 0.000218
0.938257 0.000218
0.938479 0.000218
0.938702 0.000218
0.938925 0.000218
0.939148 0.000218
0.939371 0.000218
0.939594 0.000218
0.939817 0.000218
0.94004 0.000218
0.940263 0.000218
0.940486 0.000218
0.940709 0.000218
0.940932 0.000218
0.941154 0.000218
0.941377 0.000218
0.9416 0.000218
0.941823 0.000218
0.942046 0.000218
0.942269 0.000218
0.942492 0.000218
0.942715 0.000218
0.942938 0.000218
0.943161 0.000218
0.943384 0.000218
0.943607 0.000218
0.943829 0.000218
0.944052 0.000126
0.944275 0.000126
0.944498 0.000126
0.944721 0.000126
0.944944 0.000126
0.945167 0.000126
0.94539 0.000126
0.945613 0.000126
0.945836 0.000126
0.946059 0.000126
0.946282 0.000126
0.946504 0.000126
0.946727 0.000126
0.94695 0.000126
0.947173 0.000126
0.947396 0.000126
0.947619 0.000126
0.947842 0.000126
0.948065 0.000126
0.948288 0.000126
0.948511 0.000126
0.948734 0.000126
0.948957 0.000126
0.949179 0.000126
0.949402 0.000126
0.949625 0.000126
0.949848 0.000126
0.950071 0.000126
0.950294 0.000126
0.950517 0.000126
0.95074 0.000126
0.950963 0.000126
0.951186 0.000126
0.951409 0.000126
0.951632 0.000126
0.951854 0.000126
0.952077 0.000126
0.9523 0.000126
0.952523 0.000126
0.952746 0.000126
0.952969 0.000126
0.953192 0.000126
0.953415 0.000126
0.953638 0.000126
0.953861 0.000126
0.954084 0.000126
0.954307 0.000126
0.954529 0.000126
0.954752 0.000126
0.954975 0.000126
0.955198 0.000126
0.955421 0.000126
0.955644 0.000126
0.955867 0.000126
0.95609 0.000126
0.956313 0.000126
0.956536 0.000126
0.956759 0.000126
0.956982 0.000126
0.957204 0.000126
0.957427 0.000126
0.95765 0.000126
0.957873 0.000126
0.958096 0.000126
0.958319 0.000126
0.958542 0.000126
0.958765 0.000126
0.958988 0.000126
0.959211 0.000126
0.959434 0.000126
0.959657 0.000126
0.959879 0.000126
0.960102 0.000126
0.960325 0.000126
0.960548 0.000126
0.960771 0.000126
0.960994 0.000126
0.961217 0.000126
0.96144 0.000126
0.961663 0.000126
0.961886 0.000126
0.962109 0.000126
0.962332 0.000126
0.962554 0.000126
0.962777 0.000126
0.963 0.000126
0.963223 0.000126
0.963446 0.000132
0.963669 0.000132
0.963892 0.00014
0.964115 0.00014
0.964338 0.00014
0.964561 0.00014
0.964784 0.00014
0.965007 0.00014
0.965229 0.00014
0.965452 0.00014
0.965675 0.00014
0.965898 0.00014
0.966121 0.00014
0.966344 0.00014
0.966567 0.00014
0.96679 0.00014
0.967013 0.00014
0.967236 0.000162
0.967459 0.000162
0.967682 0.000162
0.967904 0.000162
0.968127 0.000162
0.96835 0.000162
0.968573 0.000162
0.968796 0.000162
0.969019 0.000162
0.969242 0.000162
0.969465 0.000162
0.969688 0.000162
0.969911 0.000162
0.970134 0.000162
0.970357 0.000162
0.970579 0.000162
0.970802 0.000162
0.971025 0.000162
0.971248 0.000162
0.971471 0.000162
0.971694 0.000162
0.971917 0.000162
0.97214 0.000162
0.972363 0.000162
0.972586 0.000162
0.972809 0.000162
0.973032 0.000162
0.973254 0.000162
0.973477 0.000162
0.9737 0.000162
0.973923 0.000162
0.974146 0.000162
0.974369 0.000162
0.974592 0.000162
0.974815 0.000162
0.975038 0.000162
0.975261 0.000162
0.975484 0.000162
0.975707 0.000162
0.975929 0.000162
0.976152 0.000162
0.976375 0.000162
0.976598 0.000162
0.976821 0.000162
0.977044 0.000162
0.977267 0.000162
0.97749 0.000162
0.977713 0.000162
0.977936 0.000162
0.978159 0.000162
0.978382 0.000162
0.978604 0.000162
0.978827 0.000162
0.97905 0.000162
0.979273 0.000162
0.979496 0.000162
0.979719 0.000168
0.979942 0.000168
0.980165 0.000168
0.980388 0.000168
0.980611 0.000168
0.980834 0.000168
0.981057 0.000168
0.981279 0.000172
0.981502 0.000172
0.981725 0.00019
0.981948 0.00019
0.982171 0.00019
0.982394 0.00019
0.982617 0.00019
0.98284 0.00019
0.983063 0.00019
0.983286 0.00019
0.983509 0.00019
0.983732 0.00019
0.983954 0.00019
0.984177 0.00019
0.9844 0.00019
0.984623 0.00019
0.984846 0.00019
0.985069 0.00019
0.985292 0.00019
0.985515 0.00019
0.985738 0.00019
0.985961 0.00019
0.986184 0.00019
0.986407 0.00019
0.986629 0.00019
0.986852 0.00019
0.987075 0.00019
0.987298 0.00019
0.987521 0.00019
0.987744 0.00019
0.987967 0.00019
0.98819 0.00019
0.988413 0.00019
0.988636 0.00019
0.988859 0.00019
0.989082 0.00019
0.989304 0.00019
0.989527 0.00019
0.98975 0.00019
0.989973 0.00019
0.990196 0.000202
0.990419 0.000206
0.990642 0.000206
0.990865 0.000144
0.991088 0.000144
0.991311 0.000114
0.991534 0.000114
0.991757 0.000114
0.991979 0.000114
0.992202 0.000114
0.992425 0.000114
0.992648 0.000114
0.992871 0.000114
0.993094 0.00012
0.993317 0.00012
0.99354 0.00012
0.993763 0.00012
0.993986 0.00012
0.994209 0.00012
0.994432 0.00012
0.994654 0.00012
0.994877 0.00012
0.9951 0.00012
0.995323 0.00012
0.995546 0.00012
0.995769 0.00012
0.995992 0.00012
0.996215 0.00012
0.996438 0.00012
0.996661 0.00012
0.996884 0.00012
0.997107 0.000136
0.997329 0.000136
0.997552 0.000136
0.997775 0.000152
0.997998 0.000182
0.998221 0.000182
0.998444 0.000182
0.998667 0.000182
0.99889 0.000182
0.999113 0.000282
0.999336 4.2e-05
0.999559 1e-05
0.999782 0
