0 2e-06
0.000264099 2e-06
0.000528198 2e-06
0.000792297 2.25e-06
0.0010564 2.25e-06
0.00132049 2.25e-06
0.00158459 2.25e-06
0.00184869 2.5e-06
0.00211279 2.5e-06
0.00237689 2.75e-06
0.00264099 2.75e-06
0.00290509 2.75e-06
0.00316919 3e-06
0.00343329 3e-06
0.00369738 3e-06
0.00396148 3e-06
0.00422558 3e-06
0.00448968 3e-06
0.00475378 3e-06
0.00501788 3e-06
0.00528198 3e-06
0.00554608 3e-06
0.00581018 3e-06
0.00607428 3e-06
0.00633837 3e-06
0.00660247 3e-06
0.00686657 3e-06
0.00713067 3e-06
0.00739477 3e-06
0.00765887 3e-06
0.00792297 3e-06
0.00818707 3e-06
0.00845117 3e-06
0.00871526 3e-06
0.00897936 3e-06
0.00924346 3e-06
0.00950756 3e-06
0.00977166 3e-06
0.0100358 3e-06
0.0102999 3e-06
0.010564 3e-06
0.0108281 3e-06
0.0110922 3e-06
0.0113563 3e-06
0.0116204 3e-06
0.0118845 3e-06
0.0121486 3e-06
0.0124126 3e-06
0.0126767 3e-06
0.0129408 3e-06
0.0132049 3e-06
0.013469 3e-06
0.0137331 3e-06
0.0139972 3e-06
0.0142613 3e-06
0.0145254 3.25e-06
0.0147895 3.5e-06
0.0150536 3.5e-06
0.0153177 3.5e-06
0.0155818 3.75e-06
0.0158459 3.75e-06
0.01611 3.75e-06
0.0163741 3.75e-06
0.0166382 4e-06
0.0169023 4e-06
0.0171664 4e-06
0.0174305 4e-06
0.0176946 4e-06
0.0179587 4e-06
0.0182228 4e-06
0.0184869 4e-06
0.018751 4e-06
0.0190151 4e-06
0.0192792 4e-06
0.0195433 4e-06
0.0198074 4e-06
0.0200715 4e-06
0.0203356 4e-06
0.0205997 4e-06
0.0208638 4e-06
0.0211279 4e-06
0.021392 4e-06
0.0216561 4e-06
0.0219202 4e-06
0.0221843 4e-06
0.0224484 4e-06
0.0227125 4e-06
0.0229766 4e-06
0.0232407 4e-06
0.0235048 4e-06
0.0237689 4e-06
0.024033 4e-06
0.0242971 4e-06
0.0245612 4e-06
0.0248253 4e-06
0.0250894 4e-06
0.0253535 4e-06
0.0256176 4e-06
0.0258817 4e-06
0.0261458 4.25e-06
0.0264099 4.25e-06
0.026674 4.25e-06
0.0269381 4.5e-06
0.0272022 4.5e-06
0.0274663 4.5e-06
0.0277304 4.5e-06
0.0279945 4.5e-06
0.0282586 4.5e-06
0.0285227 4.5e-06
0.0287868 4.5e-06
0.0290509 4.5e-06
0.029315 4.5e-06
0.0295791 4.5e-06
0.0298432 4.5e-06
0.0301073 4.5e-06
0.0303714 4.5e-06
0.0306355 4.5e-06
0.0308996 4.5e-06
0.0311637 4.5e-06
0.0314278 4.5e-06
0.0316919 4.5e-06
0.031956 4.5e-06
0.0322201 4.5e-06
0.0324842 4.5e-06
0.0327483 4.5e-06
0.0330124 4.5e-06
0.0332765 4.5e-06
0.0335406 4.5e-06
0.0338047 4.5e-06
0.0340688 4.5e-06
0.0343329 4.5e-06
0.034597 4.75e-06
0.0348611 4.75e-06
0.0351252 4.75e-06
0.0353893 4.75e-06
0.0356534 4.75e-06
0.0359175 4.75e-06
0.0361816 4.75e-06
0.0364457 4.75e-06
0.0367098 4.75e-06
0.0369738 4.75e-06
0.0372379 5e-06
0.037502 5e-06
0.0377661 5e-06
0.0380302 5e-06
0.0382943 5e-06
0.0385584 5e-06
0.0388225 5e-06
0.0390866 5e-06
0.0393507 5e-06
0.0396148 5.25e-06
0.0398789 5.25e-06
0.040143 5.25e-06
0.0404071 5.25e-06
0.0406712 5.25e-06
0.0409353 5.25e-06
0.0411994 5.25e-06
0.0414635 5.25e-06
0.0417276 5.25e-06
0.0419917 5.25e-06
0.0422558 5.25e-06
0.0425199 5.25e-06
0.042784 5.25e-06
0.0430481 5.5e-06
0.0433122 5.5e-06
0.0435763 5.5e-06
0.0438404 5.5e-06
0.0441045 5.5e-06
0.0443686 5.5e-06
0.0446327 5.5e-06
0.0448968 5.75e-06
0.0451609 5.75e-06
0.045425 5.75e-06
0.0456891 5.75e-06
0.0459532 5.75e-06
0.0462173 5.75e-06
0.0464814 6e-06
0.0467455 6e-06
0.0470096 6e-06
0.0472737 6e-06
0.0475378 6e-06
0.0478019 6e-06
0.048066 6e-06
0.0483301 6.25e-06
0.0485942 6.25e-06
0.0488583 6.25e-06
0.0491224 6.25e-06
0.0493865 6.25e-06
0.0496506 6.25e-06
0.0499147 6.5e-06
0.0501788 6.5e-06
0.0504429 6.5e-06
0.050707 6.5e-06
0.0509711 6.5e-06
0.0512352 6.5e-06
0.0514993 6.5e-06
0.0517634 6.5e-06
0.0520275 6.5e-06
0.0522916 6.75e-06
0.0525557 6.75e-06
0.0528198 6.75e-06
0.0530839 6.75e-06
0.053348 6.75e-06
0.0536121 6.75e-06
0.0538762 6.75e-06
0.0541403 6.75e-06
0.0544044 7e-06
0.0546685 7e-06
0.0549326 7e-06
0.0551967 7e-06
0.0554608 7e-06
0.0557249 7e-06
0.055989 7.25e-06
0.0562531 7.25e-06
0.0565172 7.25e-06
0.0567813 7.25e-06
0.0570454 7.25e-06
0.0573095 7.25e-06
0.0575736 7.25e-06
0.0578377 7.25e-06
0.0581018 7.25e-06
0.0583659 7.25e-06
0.05863 7.25e-06
0.0588941 7.25e-06
0.0591582 7.25e-06
0.0594223 7.25e-06
0.0596864 7.25e-06
0.0599505 7.25e-06
0.0602146 7.25e-06
0.0604787 7.25e-06
0.0607428 7.25e-06
0.0610069 7.5e-06
0.0612709 7.5e-06
0.061535 7.75e-06
0.0617991 7.75e-06
0.0620632 7.75e-06
0.0623273 7.75e-06
0.0625914 8e-06
0.0628555 8e-06
0.0631196 8e-06
0.0633837 8e-06
0.0636478 8e-06
0.0639119 8e-06
0.064176 8e-06
0.0644401 8e-06
0.0647042 8e-06
0.0649683 8e-06
0.0652324 8e-06
0.0654965 8e-06
0.0657606 8e-06
0.0660247 8e-06
0.0662888 8e-06
0.0665529 8.25e-06
0.066817 8.25e-06
0.0670811 9e-06
0.0673452 9.25e-06
0.0676093 9.25e-06
0.0678734 9.25e-06
0.0681375 9.25e-06
0.0684016 9.25e-06
0.0686657 9.25e-06
0.0689298 9.25e-06
0.0691939 9.25e-06
0.069458 9.5e-06
0.0697221 9.5e-06
0.0699862 9.5e-06
0.0702503 9.5e-06
0.0705144 9.5e-06
0.0707785 9.5e-06
0.0710426 9.5e-06
0.0713067 9.5e-06
0.0715708 9.5e-06
0.0718349 9.5e-06
0.072099 9.5e-06
0.0723631 9.5e-06
0.0726272 9.5e-06
0.0728913 9.5e-06
0.0731554 9.5e-06
0.0734195 9.5e-06
0.0736836 9.5e-06
0.0739477 9.5e-06
0.0742118 9.5e-06
0.0744759 9.5e-06
0.07474 9.5e-06
0.0750041 9.5e-06
0.0752682 9.5e-06
0.0755323 9.5e-06
0.0757964 9.5e-06
0.0760605 9.5e-06
0.0763246 9.5e-06
0.0765887 9.5e-06
0.0768528 9.5e-06
0.0771169 9.5e-06
0.077381 9.5e-06
0.0776451 9.5e-06
0.0779092 9.5e-06
0.0781733 9.5e-06
0.0784374 9.5e-06
0.0787015 9.5e-06
0.0789656 9.5e-06
0.0792297 9.5e-06
0.0794938 9.5e-06
0.0797579 9.5e-06
0.080022 9.5e-06
0.0802861 9.5e-06
0.0805502 9.5e-06
0.0808143 9.5e-06
0.0810784 9.5e-06
0.0813425 9.5e-06
0.0816066 9.5e-06
0.0818707 9.5e-06
0.0821348 9.5e-06
0.0823989 9.5e-06
0.082663 9.5e-06
0.0829271 9.5e-06
0.0831912 9.5e-06
0.0834553 9.75e-06
0.0837194 9.75e-06
0.0839835 9.75e-06
0.0842476 9.75e-06
0.0845117 9.75e-06
0.0847758 9.75e-06
0.0850399 9.75e-06
0.085304 9.75e-06
0.0855681 9.75e-06
0.0858321 9.75e-06
0.0860962 9.75e-06
0.0863603 9.75e-06
0.0866244 9.75e-06
0.0868885 9.75e-06
0.0871526 9.75e-06
0.0874167 9.75e-06
0.0876808 9.75e-06
0.0879449 1e-05
0.088209 1e-05
0.0884731 1e-05
0.0887372 1e-05
0.0890013 1e-05
0.0892654 1e-05
0.0895295 1e-05
0.0897936 1e-05
0.0900577 1e-05
0.0903218 1e-05
0.0905859 1e-05
0.09085 1e-05
0.0911141 1e-05
0.0913782 1e-05
0.0916423 1e-05
0.0919064 1e-05
0.0921705 1e-05
0.0924346 1e-05
0.0926987 1e-05
0.0929628 1e-05
0.0932269 1e-05
0.093491 1e-05
0.0937551 1e-05
0.0940192 1e-05
0.0942833 1e-05
0.0945474 1e-05
0.0948115 1e-05
0.0950756 1.025e-05
0.0953397 1.025e-05
0.0956038 1.025e-05
0.0958679 1.025e-05
0.096132 1.05e-05
0.0963961 1.075e-05
0.0966602 1.075e-05
0.0969243 1.075e-05
0.0971884 1.075e-05
0.0974525 1.075e-05
0.0977166 1.075e-05
0.0979807 1.075e-05
0.0982448 1.075e-05
0.0985089 1.075e-05
0.098773 1.075e-05
0.0990371 1.075e-05
0.0993012 1.075e-05
0.0995653 1.075e-05
0.0998294 1.075e-05
0.100093 1.075e-05
0.100358 1.1e-05
0.100622 1.1e-05
0.100886 1.1e-05
0.10115 1.1e-05
0.101414 1.1e-05
0.101678 1.1e-05
0.101942 1.1e-05
0.102206 1.1e-05
0.10247 1.1e-05
0.102734 1.1e-05
0.102999 1.1e-05
0.103263 1.1e-05
0.103527 1.1e-05
0.103791 1.1e-05
0.104055 1.1e-05
0.104319 1.1e-05
0.104583 1.1e-05
0.104847 1.1e-05
0.105111 1.125e-05
0.105375 1.125e-05
0.10564 1.125e-05
0.105904 1.125e-05
0.106168 1.125e-05
0.106432 1.125e-05
0.106696 1.125e-05
0.10696 1.175e-05
0.107224 1.175e-05
0.107488 1.175e-05
0.107752 1.175e-05
0.108016 1.175e-05
0.108281 1.175e-05
0.108545 1.175e-05
0.108809 1.175e-05
0.109073 1.175e-05
0.109337 1.175e-05
0.109601 1.175e-05
0.109865 1.2e-05
0.110129 1.2e-05
0.110393 1.2e-05
0.110657 1.2e-05
0.110922 1.2e-05
0.111186 1.2e-05
0.11145 1.2e-05
0.111714 1.2e-05
0.111978 1.2e-05
0.112242 1.2e-05
0.112506 1.2e-05
0.11277 1.2e-05
0.113034 1.2e-05
0.113298 1.2e-05
0.113563 1.225e-05
0.113827 1.225e-05
0.114091 1.225e-05
0.114355 1.225e-05
0.114619 1.225e-05
0.114883 1.225e-05
0.115147 1.225e-05
0.115411 1.225e-05
0.115675 1.25e-05
0.115939 1.25e-05
0.116204 1.25e-05
0.116468 1.25e-05
0.116732 1.25e-05
0.116996 1.25e-05
0.11726 1.25e-05
0.117524 1.25e-05
0.117788 1.275e-05
0.118052 1.275e-05
0.118316 1.275e-05
0.11858 1.275e-05
0.118845 1.275e-05
0.119109 1.275e-05
0.119373 1.275e-05
0.119637 1.275e-05
0.119901 1.275e-05
0.120165 1.275e-05
0.120429 1.275e-05
0.120693 1.275e-05
0.120957 1.275e-05
0.121221 1.275e-05
0.121486 1.275e-05
0.12175 1.275e-05
0.122014 1.275e-05
0.122278 1.275e-05
0.122542 1.275e-05
0.122806 1.275e-05
0.12307 1.275e-05
0.123334 1.275e-05
0.123598 1.275e-05
0.123862 1.275e-05
0.124126 1.275e-05
0.124391 1.275e-05
0.124655 1.275e-05
0.124919 1.3e-05
0.125183 1.3e-05
0.125447 1.3e-05
0.125711 1.3e-05
0.125975 1.3e-05
0.126239 1.3e-05
0.126503 1.3e-05
0.126767 1.3e-05
0.127032 1.3e-05
0.127296 1.3e-05
0.12756 1.3e-05
0.127824 1.3e-05
0.128088 1.3e-05
0.128352 1.3e-05
0.128616 1.3e-05
0.12888 1.3e-05
0.129144 1.3e-05
0.129408 1.3e-05
0.129673 1.325e-05
0.129937 1.325e-05
0.130201 1.325e-05
0.130465 1.325e-05
0.130729 1.325e-05
0.130993 1.325e-05
0.131257 1.325e-05
0.131521 1.325e-05
0.131785 1.325e-05
0.132049 1.325e-05
0.132314 1.325e-05
0.132578 1.325e-05
0.132842 1.325e-05
0.133106 1.325e-05
0.13337 1.325e-05
0.133634 1.325e-05
0.133898 1.325e-05
0.134162 1.325e-05
0.134426 1.325e-05
0.13469 1.325e-05
0.134955 1.325e-05
0.135219 1.325e-05
0.135483 1.35e-05
0.135747 1.35e-05
0.136011 1.35e-05
0.136275 1.35e-05
0.136539 1.375e-05
0.136803 1.375e-05
0.137067 1.375e-05
0.137331 1.375e-05
0.137596 1.375e-05
0.13786 1.375e-05
0.138124 1.375e-05
0.138388 1.375e-05
0.138652 1.375e-05
0.138916 1.375e-05
0.13918 1.375e-05
0.139444 1.4e-05
0.139708 1.425e-05
0.139972 1.425e-05
0.140237 1.425e-05
0.140501 1.425e-05
0.140765 1.425e-05
0.141029 1.425e-05
0.141293 1.425e-05
0.141557 1.425e-05
0.141821 1.425e-05
0.142085 1.425e-05
0.142349 1.425e-05
0.142613 1.425e-05
0.142878 1.425e-05
0.143142 1.425e-05
0.143406 1.425e-05
0.14367 1.45e-05
0.143934 1.45e-05
0.144198 1.45e-05
0.144462 1.475e-05
0.144726 1.475e-05
0.14499 1.5e-05
0.145254 1.5e-05
0.145519 1.5e-05
0.145783 1.5e-05
0.146047 1.5e-05
0.146311 1.5e-05
0.146575 1.5e-05
0.146839 1.5e-05
0.147103 1.5e-05
0.147367 1.5e-05
0.147631 1.5e-05
0.147895 1.5e-05
0.148159 1.5e-05
0.148424 1.525e-05
0.148688 1.525e-05
0.148952 1.525e-05
0.149216 1.525e-05
0.14948 1.525e-05
0.149744 1.525e-05
0.150008 1.525e-05
0.150272 1.525e-05
0.150536 1.525e-05
0.1508 1.525e-05
0.151065 1.525e-05
0.151329 1.525e-05
0.151593 1.525e-05
0.151857 1.525e-05
0.152121 1.525e-05
0.152385 1.525e-05
0.152649 1.525e-05
0.152913 1.525e-05
0.153177 1.525e-05
0.153441 1.525e-05
0.153706 1.525e-05
0.15397 1.525e-05
0.154234 1.525e-05
0.154498 1.525e-05
0.154762 1.525e-05
0.155026 1.525e-05
0.15529 1.525e-05
0.155554 1.525e-05
0.155818 1.525e-05
0.156082 1.525e-05
0.156347 1.525e-05
0.156611 1.525e-05
0.156875 1.525e-05
0.157139 1.525e-05
0.157403 1.525e-05
0.157667 1.525e-05
0.157931 1.525e-05
0.158195 1.525e-05
0.158459 1.525e-05
0.158723 1.525e-05
0.158988 1.525e-05
0.159252 1.525e-05
0.159516 1.525e-05
0.15978 1.525e-05
0.160044 1.525e-05
0.160308 1.525e-05
0.160572 1.525e-05
0.160836 1.525e-05
0.1611 1.525e-05
0.161364 1.525e-05
0.161629 1.525e-05
0.161893 1.525e-05
0.162157 1.525e-05
0.162421 1.525e-05
0.162685 1.525e-05
0.162949 1.525e-05
0.163213 1.525e-05
0.163477 1.525e-05
0.163741 1.525e-05
0.164005 1.525e-05
0.16427 1.525e-05
0.164534 1.525e-05
0.164798 1.525e-05
0.165062 1.525e-05
0.165326 1.525e-05
0.16559 1.525e-05
0.165854 1.525e-05
0.166118 1.525e-05
0.166382 1.525e-05
0.166646 1.55e-05
0.166911 1.55e-05
0.167175 1.55e-05
0.167439 1.55e-05
0.167703 1.55e-05
0.167967 1.55e-05
0.168231 1.55e-05
0.168495 1.55e-05
0.168759 1.575e-05
0.169023 1.575e-05
0.169287 1.575e-05
0.169552 1.575e-05
0.169816 1.575e-05
0.17008 1.575e-05
0.170344 1.575e-05
0.170608 1.575e-05
0.170872 1.575e-05
0.171136 1.575e-05
0.1714 1.575e-05
0.171664 1.575e-05
0.171928 1.625e-05
0.172192 1.625e-05
0.172457 1.625e-05
0.172721 1.625e-05
0.172985 1.625e-05
0.173249 1.625e-05
0.173513 1.625e-05
0.173777 1.625e-05
0.174041 1.625e-05
0.174305 1.625e-05
0.174569 1.625e-05
0.174833 1.625e-05
0.175098 1.65e-05
0.175362 1.65e-05
0.175626 1.675e-05
0.17589 1.675e-05
0.176154 1.675e-05
0.176418 1.675e-05
0.176682 1.675e-05
0.176946 1.675e-05
0.17721 1.675e-05
0.177474 1.675e-05
0.177739 1.675e-05
0.178003 1.675e-05
0.178267 1.675e-05
0.178531 1.7e-05
0.178795 1.7e-05
0.179059 1.7e-05
0.179323 1.7e-05
0.179587 1.725e-05
0.179851 1.75e-05
0.180115 1.75e-05
0.18038 1.75e-05
0.180644 1.75e-05
0.180908 1.75e-05
0.181172 1.75e-05
0.181436 1.75e-05
0.1817 1.75e-05
0.181964 1.75e-05
0.182228 1.75e-05
0.182492 1.75e-05
0.182756 1.775e-05
0.183021 1.775e-05
0.183285 1.8e-05
0.183549 1.8e-05
0.183813 1.8e-05
0.184077 1.8e-05
0.184341 1.8e-05
0.184605 1.8e-05
0.184869 1.8e-05
0.185133 1.8e-05
0.185397 1.8e-05
0.185662 1.8e-05
0.185926 1.8e-05
0.18619 1.8e-05
0.186454 1.8e-05
0.186718 1.8e-05
0.186982 1.8e-05
0.187246 1.8e-05
0.18751 1.8e-05
0.187774 1.8e-05
0.188038 1.8e-05
0.188303 1.8e-05
0.188567 1.8e-05
0.188831 1.8e-05
0.189095 1.8e-05
0.189359 1.8e-05
0.189623 1.8e-05
0.189887 1.8e-05
0.190151 1.8e-05
0.190415 1.8e-05
0.190679 1.85e-05
0.190944 1.85e-05
0.191208 1.85e-05
0.191472 1.85e-05
0.191736 1.85e-05
0.192 1.85e-05
0.192264 1.85e-05
0.192528 1.85e-05
0.192792 1.85e-05
0.193056 1.85e-05
0.19332 1.85e-05
0.193585 1.85e-05
0.193849 1.85e-05
0.194113 1.85e-05
0.194377 1.85e-05
0.194641 1.85e-05
0.194905 1.85e-05
0.195169 1.85e-05
0.195433 1.85e-05
0.195697 1.85e-05
0.195961 1.85e-05
0.196225 1.85e-05
0.19649 1.85e-05
0.196754 1.85e-05
0.197018 1.85e-05
0.197282 1.85e-05
0.197546 1.85e-05
0.19781 1.85e-05
0.198074 1.85e-05
0.198338 1.85e-05
0.198602 1.85e-05
0.198866 1.85e-05
0.199131 1.85e-05
0.199395 1.85e-05
0.199659 1.85e-05
0.199923 1.85e-05
0.200187 1.85e-05
0.200451 1.85e-05
0.200715 1.85e-05
0.200979 1.875e-05
0.201243 1.875e-05
0.201507 1.9e-05
0.201772 1.9e-05
0.202036 1.925e-05
0.2023 1.925e-05
0.202564 1.925e-05
0.202828 1.925e-05
0.203092 1.95e-05
0.203356 1.95e-05
0.20362 1.95e-05
0.203884 1.95e-05
0.204148 1.95e-05
0.204413 1.975e-05
0.204677 1.975e-05
0.204941 1.975e-05
0.205205 1.975e-05
0.205469 1.975e-05
0.205733 1.975e-05
0.205997 1.975e-05
0.206261 1.975e-05
0.206525 1.975e-05
0.206789 1.975e-05
0.207054 1.975e-05
0.207318 1.975e-05
0.207582 1.975e-05
0.207846 1.975e-05
0.20811 1.975e-05
0.208374 1.975e-05
0.208638 1.975e-05
0.208902 1.975e-05
0.209166 1.975e-05
0.20943 1.975e-05
0.209695 1.975e-05
0.209959 1.975e-05
0.210223 1.975e-05
0.210487 1.975e-05
0.210751 1.975e-05
0.211015 2e-05
0.211279 2.025e-05
0.211543 2.025e-05
0.211807 2.05e-05
0.212071 2.05e-05
0.212336 2.05e-05
0.2126 2.075e-05
0.212864 2.075e-05
0.213128 2.075e-05
0.213392 2.075e-05
0.213656 2.075e-05
0.21392 2.075e-05
0.214184 2.075e-05
0.214448 2.075e-05
0.214712 2.075e-05
0.214977 2.075e-05
0.215241 2.1e-05
0.215505 2.1e-05
0.215769 2.1e-05
0.216033 2.1e-05
0.216297 2.1e-05
0.216561 2.1e-05
0.216825 2.1e-05
0.217089 2.125e-05
0.217353 2.125e-05
0.217618 2.125e-05
0.217882 2.15e-05
0.218146 2.15e-05
0.21841 2.15e-05
0.218674 2.15e-05
0.218938 2.15e-05
0.219202 2.15e-05
0.219466 2.15e-05
0.21973 2.15e-05
0.219994 2.15e-05
0.220259 2.15e-05
0.220523 2.15e-05
0.220787 2.15e-05
0.221051 2.15e-05
0.221315 2.15e-05
0.221579 2.15e-05
0.221843 2.15e-05
0.222107 2.15e-05
0.222371 2.15e-05
0.222635 2.15e-05
0.222899 2.15e-05
0.223164 2.15e-05
0.223428 2.15e-05
0.223692 2.175e-05
0.223956 2.175e-05
0.22422 2.175e-05
0.224484 2.175e-05
0.224748 2.175e-05
0.225012 2.175e-05
0.225276 2.175e-05
0.22554 2.175e-05
0.225805 2.175e-05
0.226069 2.175e-05
0.226333 2.175e-05
0.226597 2.175e-05
0.226861 2.175e-05
0.227125 2.2e-05
0.227389 2.2e-05
0.227653 2.2e-05
0.227917 2.2e-05
0.228181 2.2e-05
0.228446 2.2e-05
0.22871 2.2e-05
0.228974 2.2e-05
0.229238 2.2e-05
0.229502 2.2e-05
0.229766 2.2e-05
0.23003 2.2e-05
0.230294 2.2e-05
0.230558 2.2e-05
0.230822 2.2e-05
0.231087 2.2e-05
0.231351 2.2e-05
0.231615 2.2e-05
0.231879 2.2e-05
0.232143 2.225e-05
0.232407 2.225e-05
0.232671 2.225e-05
0.232935 2.225e-05
0.233199 2.225e-05
0.233463 2.225e-05
0.233728 2.225e-05
0.233992 2.225e-05
0.234256 2.225e-05
0.23452 2.225e-05
0.234784 2.225e-05
0.235048 2.225e-05
0.235312 2.225e-05
0.235576 2.225e-05
0.23584 2.225e-05
0.236104 2.225e-05
0.236369 2.225e-05
0.236633 2.225e-05
0.236897 2.225e-05
0.237161 2.225e-05
0.237425 2.225e-05
0.237689 2.225e-05
0.237953 2.225e-05
0.238217 2.225e-05
0.238481 2.225e-05
0.238745 2.225e-05
0.23901 2.225e-05
0.239274 2.225e-05
0.239538 2.225e-05
0.239802 2.225e-05
0.240066 2.225e-05
0.24033 2.3e-05
0.240594 2.3e-05
0.240858 2.325e-05
0.241122 2.325e-05
0.241386 2.325e-05
0.241651 2.325e-05
0.241915 2.325e-05
0.242179 2.325e-05
0.242443 2.325e-05
0.242707 2.325e-05
0.242971 2.325e-05
0.243235 2.325e-05
0.243499 2.325e-05
0.243763 2.325e-05
0.244027 2.325e-05
0.244292 2.325e-05
0.244556 2.325e-05
0.24482 2.325e-05
0.245084 2.325e-05
0.245348 2.325e-05
0.245612 2.325e-05
0.245876 2.325e-05
0.24614 2.325e-05
0.246404 2.325e-05
0.246668 2.325e-05
0.246932 2.325e-05
0.247197 2.325e-05
0.247461 2.325e-05
0.247725 2.325e-05
0.247989 2.325e-05
0.248253 2.325e-05
0.248517 2.325e-05
0.248781 2.325e-05
0.249045 2.325e-05
0.249309 2.325e-05
0.249573 2.325e-05
0.249838 2.325e-05
0.250102 2.325e-05
0.250366 2.325e-05
0.25063 2.325e-05
0.250894 2.325e-05
0.251158 2.325e-05
0.251422 2.325e-05
0.251686 2.325e-05
0.25195 2.35e-05
0.252214 2.35e-05
0.252479 2.35e-05
0.252743 2.35e-05
0.253007 2.35e-05
0.253271 2.35e-05
0.253535 2.35e-05
0.253799 2.35e-05
0.254063 2.35e-05
0.254327 2.35e-05
0.254591 2.35e-05
0.254855 2.35e-05
0.25512 2.375e-05
0.255384 2.375e-05
0.255648 2.375e-05
0.255912 2.375e-05
0.256176 2.4e-05
0.25644 2.425e-05
0.256704 2.425e-05
0.256968 2.425e-05
0.257232 2.45e-05
0.257496 2.45e-05
0.257761 2.45e-05
0.258025 2.45e-05
0.258289 2.45e-05
0.258553 2.45e-05
0.258817 2.45e-05
0.259081 2.45e-05
0.259345 2.45e-05
0.259609 2.45e-05
0.259873 2.45e-05
0.260137 2.45e-05
0.260402 2.475e-05
0.260666 2.475e-05
0.26093 2.475e-05
0.261194 2.475e-05
0.261458 2.475e-05
0.261722 2.475e-05
0.261986 2.475e-05
0.26225 2.475e-05
0.262514 2.5e-05
0.262778 2.5e-05
0.263043 2.5e-05
0.263307 2.5e-05
0.263571 2.5e-05
0.263835 2.525e-05
0.264099 2.55e-05
0.264363 2.55e-05
0.264627 2.55e-05
0.264891 2.55e-05
0.265155 2.55e-05
0.265419 2.55e-05
0.265684 2.55e-05
0.265948 2.55e-05
0.266212 2.55e-05
0.266476 2.575e-05
0.26674 2.575e-05
0.267004 2.6e-05
0.267268 2.6e-05
0.267532 2.6e-05
0.267796 2.6e-05
0.26806 2.6e-05
0.268325 2.675e-05
0.268589 2.675e-05
0.268853 2.675e-05
0.269117 2.675e-05
0.269381 2.675e-05
0.269645 2.7e-05
0.269909 2.7e-05
0.270173 2.7e-05
0.270437 2.7e-05
0.270701 2.7e-05
0.270965 2.7e-05
0.27123 2.7e-05
0.271494 2.7e-05
0.271758 2.7e-05
0.272022 2.7e-05
0.272286 2.7e-05
0.27255 2.7e-05
0.272814 2.7e-05
0.273078 2.7e-05
0.273342 2.7e-05
0.273606 2.7e-05
0.273871 2.7e-05
0.274135 2.7e-05
0.274399 2.7e-05
0.274663 2.7e-05
0.274927 2.7e-05
0.275191 2.7e-05
0.275455 2.7e-05
0.275719 2.7e-05
0.275983 2.725e-05
0.276247 2.725e-05
0.276512 2.725e-05
0.276776 2.725e-05
0.27704 2.725e-05
0.277304 2.725e-05
0.277568 2.725e-05
0.277832 2.75e-05
0.278096 2.75e-05
0.27836 2.75e-05
0.278624 2.75e-05
0.278888 2.75e-05
0.279153 2.75e-05
0.279417 2.75e-05
0.279681 2.75e-05
0.279945 2.75e-05
0.280209 2.775e-05
0.280473 2.775e-05
0.280737 2.8e-05
0.281001 2.8e-05
0.281265 2.8e-05
0.281529 2.825e-05
0.281794 2.825e-05
0.282058 2.825e-05
0.282322 2.825e-05
0.282586 2.85e-05
0.28285 2.85e-05
0.283114 2.85e-05
0.283378 2.85e-05
0.283642 2.875e-05
0.283906 2.875e-05
0.28417 2.875e-05
0.284435 2.875e-05
0.284699 2.875e-05
0.284963 2.875e-05
0.285227 2.875e-05
0.285491 2.875e-05
0.285755 2.875e-05
0.286019 2.875e-05
0.286283 2.875e-05
0.286547 2.875e-05
0.286811 2.875e-05
0.287076 2.875e-05
0.28734 2.875e-05
0.287604 2.875e-05
0.287868 2.875e-05
0.288132 2.875e-05
0.288396 2.875e-05
0.28866 2.875e-05
0.288924 2.875e-05
0.289188 2.875e-05
0.289452 2.875e-05
0.289717 2.875e-05
0.289981 2.9e-05
0.290245 2.9e-05
0.290509 2.9e-05
0.290773 2.9e-05
0.291037 2.9e-05
0.291301 2.9e-05
0.291565 2.9e-05
0.291829 2.9e-05
0.292093 2.9e-05
0.292358 2.9e-05
0.292622 2.9e-05
0.292886 2.9e-05
0.29315 2.9e-05
0.293414 2.9e-05
0.293678 2.9e-05
0.293942 2.9e-05
0.294206 2.9e-05
0.29447 2.9e-05
0.294734 2.9e-05
0.294998 2.9e-05
0.295263 2.9e-05
0.295527 2.9e-05
0.295791 2.9e-05
0.296055 2.9e-05
0.296319 2.9e-05
0.296583 2.9e-05
0.296847 2.9e-05
0.297111 2.9e-05
0.297375 2.9e-05
0.297639 2.9e-05
0.297904 2.9e-05
0.298168 2.9e-05
0.298432 2.9e-05
0.298696 2.9e-05
0.29896 2.9e-05
0.299224 2.9e-05
0.299488 2.9e-05
0.299752 2.9e-05
0.300016 2.9e-05
0.30028 2.9e-05
0.300545 2.9e-05
0.300809 2.9e-05
0.301073 2.9e-05
0.301337 2.925e-05
0.301601 2.925e-05
0.301865 2.95e-05
0.302129 2.95e-05
0.302393 2.95e-05
0.302657 2.95e-05
0.302921 2.95e-05
0.303186 2.95e-05
0.30345 3e-05
0.303714 3.025e-05
0.303978 3.025e-05
0.304242 3.025e-05
0.304506 3.025e-05
0.30477 3.025e-05
0.305034 3.025e-05
0.305298 3.05e-05
0.305562 3.05e-05
0.305827 3.05e-05
0.306091 3.05e-05
0.306355 3.05e-05
0.306619 3.075e-05
0.306883 3.075e-05
0.307147 3.075e-05
0.307411 3.075e-05
0.307675 3.075e-05
0.307939 3.075e-05
0.308203 3.075e-05
0.308468 3.075e-05
0.308732 3.075e-05
0.308996 3.075e-05
0.30926 3.075e-05
0.309524 3.075e-05
0.309788 3.075e-05
0.310052 3.075e-05
0.310316 3.075e-05
0.31058 3.075e-05
0.310844 3.075e-05
0.311109 3.075e-05
0.311373 3.075e-05
0.311637 3.075e-05
0.311901 3.075e-05
0.312165 3.075e-05
0.312429 3.075e-05
0.312693 3.1e-05
0.312957 3.1e-05
0.313221 3.1e-05
0.313485 3.1e-05
0.31375 3.1e-05
0.314014 3.1e-05
0.314278 3.1e-05
0.314542 3.1e-05
0.314806 3.1e-05
0.31507 3.125e-05
0.315334 3.125e-05
0.315598 3.125e-05
0.315862 3.125e-05
0.316126 3.125e-05
0.316391 3.125e-05
0.316655 3.125e-05
0.316919 3.125e-05
0.317183 3.125e-05
0.317447 3.125e-05
0.317711 3.125e-05
0.317975 3.125e-05
0.318239 3.125e-05
0.318503 3.125e-05
0.318767 3.125e-05
0.319031 3.125e-05
0.319296 3.125e-05
0.31956 3.125e-05
0.319824 3.125e-05
0.320088 3.125e-05
0.320352 3.125e-05
0.320616 3.125e-05
0.32088 3.125e-05
0.321144 3.125e-05
0.321408 3.125e-05
0.321672 3.125e-05
0.321937 3.125e-05
0.322201 3.125e-05
0.322465 3.125e-05
0.322729 3.125e-05
0.322993 3.125e-05
0.323257 3.125e-05
0.323521 3.125e-05
0.323785 3.125e-05
0.324049 3.15e-05
0.324313 3.15e-05
0.324578 3.15e-05
0.324842 3.15e-05
0.325106 3.15e-05
0.32537 3.15e-05
0.325634 3.15e-05
0.325898 3.15e-05
0.326162 3.15e-05
0.326426 3.15e-05
0.32669 3.15e-05
0.326954 3.15e-05
0.327219 3.15e-05
0.327483 3.15e-05
0.327747 3.15e-05
0.328011 3.15e-05
0.328275 3.15e-05
0.328539 3.15e-05
0.328803 3.15e-05
0.329067 3.15e-05
0.329331 3.15e-05
0.329595 3.15e-05
0.32986 3.15e-05
0.330124 3.15e-05
0.330388 3.15e-05
0.330652 3.15e-05
0.330916 3.15e-05
0.33118 3.15e-05
0.331444 3.15e-05
0.331708 3.15e-05
0.331972 3.15e-05
0.332236 3.175e-05
0.332501 3.175e-05
0.332765 3.175e-05
0.333029 3.175e-05
0.333293 3.175e-05
0.333557 3.175e-05
0.333821 3.175e-05
0.334085 3.175e-05
0.334349 3.175e-05
0.334613 3.2e-05
0.334877 3.2e-05
0.335142 3.2e-05
0.335406 3.2e-05
0.33567 3.2e-05
0.335934 3.2e-05
0.336198 3.2e-05
0.336462 3.2e-05
0.336726 3.2e-05
0.33699 3.2e-05
0.337254 3.2e-05
0.337518 3.2e-05
0.337783 3.2e-05
0.338047 3.225e-05
0.338311 3.225e-05
0.338575 3.225e-05
0.338839 3.225e-05
0.339103 3.225e-05
0.339367 3.225e-05
0.339631 3.25e-05
0.339895 3.25e-05
0.340159 3.25e-05
0.340424 3.25e-05
0.340688 3.25e-05
0.340952 3.25e-05
0.341216 3.25e-05
0.34148 3.25e-05
0.341744 3.25e-05
0.342008 3.25e-05
0.342272 3.25e-05
0.342536 3.25e-05
0.3428 3.25e-05
0.343064 3.25e-05
0.343329 3.25e-05
0.343593 3.25e-05
0.343857 3.25e-05
0.344121 3.25e-05
0.344385 3.25e-05
0.344649 3.25e-05
0.344913 3.25e-05
0.345177 3.25e-05
0.345441 3.25e-05
0.345705 3.25e-05
0.34597 3.25e-05
0.346234 3.25e-05
0.346498 3.25e-05
0.346762 3.25e-05
0.347026 3.275e-05
0.34729 3.275e-05
0.347554 3.275e-05
0.347818 3.3e-05
0.348082 3.325e-05
0.348346 3.35e-05
0.348611 3.35e-05
0.348875 3.35e-05
0.349139 3.35e-05
0.349403 3.35e-05
0.349667 3.35e-05
0.349931 3.35e-05
0.350195 3.35e-05
0.350459 3.35e-05
0.350723 3.35e-05
0.350987 3.35e-05
0.351252 3.35e-05
0.351516 3.35e-05
0.35178 3.35e-05
0.352044 3.35e-05
0.352308 3.35e-05
0.352572 3.35e-05
0.352836 3.35e-05
0.3531 3.35e-05
0.353364 3.35e-05
0.353628 3.35e-05
0.353893 3.35e-05
0.354157 3.35e-05
0.354421 3.35e-05
0.354685 3.35e-05
0.354949 3.35e-05
0.355213 3.35e-05
0.355477 3.35e-05
0.355741 3.35e-05
0.356005 3.35e-05
0.356269 3.35e-05
0.356534 3.35e-05
0.356798 3.35e-05
0.357062 3.35e-05
0.357326 3.35e-05
0.35759 3.35e-05
0.357854 3.35e-05
0.358118 3.35e-05
0.358382 3.35e-05
0.358646 3.35e-05
0.35891 3.35e-05
0.359175 3.35e-05
0.359439 3.35e-05
0.359703 3.35e-05
0.359967 3.35e-05
0.360231 3.35e-05
0.360495 3.35e-05
0.360759 3.35e-05
0.361023 3.35e-05
0.361287 3.35e-05
0.361551 3.35e-05
0.361816 3.45e-05
0.36208 3.45e-05
0.362344 3.45e-05
0.362608 3.45e-05
0.362872 3.45e-05
0.363136 3.45e-05
0.3634 3.5e-05
0.363664 3.5e-05
0.363928 3.5e-05
0.364192 3.5e-05
0.364457 3.5e-05
0.364721 3.5e-05
0.364985 3.5e-05
0.365249 3.5e-05
0.365513 3.5e-05
0.365777 3.5e-05
0.366041 3.5e-05
0.366305 3.5e-05
0.366569 3.5e-05
0.366833 3.5e-05
0.367098 3.5e-05
0.367362 3.5e-05
0.367626 3.5e-05
0.36789 3.5e-05
0.368154 3.5e-05
0.368418 3.5e-05
0.368682 3.5e-05
0.368946 3.5e-05
0.36921 3.5e-05
0.369474 3.5e-05
0.369738 3.5e-05
0.370003 3.525e-05
0.370267 3.525e-05
0.370531 3.575e-05
0.370795 3.575e-05
0.371059 3.575e-05
0.371323 3.575e-05
0.371587 3.575e-05
0.371851 3.575e-05
0.372115 3.6e-05
0.372379 3.6e-05
0.372644 3.6e-05
0.372908 3.6e-05
0.373172 3.6e-05
0.373436 3.6e-05
0.3737 3.625e-05
0.373964 3.625e-05
0.374228 3.625e-05
0.374492 3.625e-05
0.374756 3.625e-05
0.37502 3.625e-05
0.375285 3.625e-05
0.375549 3.625e-05
0.375813 3.625e-05
0.376077 3.625e-05
0.376341 3.625e-05
0.376605 3.625e-05
0.376869 3.625e-05
0.377133 3.625e-05
0.377397 3.625e-05
0.377661 3.625e-05
0.377926 3.65e-05
0.37819 3.65e-05
0.378454 3.65e-05
0.378718 3.675e-05
0.378982 3.675e-05
0.379246 3.675e-05
0.37951 3.675e-05
0.379774 3.675e-05
0.380038 3.675e-05
0.380302 3.675e-05
0.380567 3.675e-05
0.380831 3.675e-05
0.381095 3.675e-05
0.381359 3.675e-05
0.381623 3.675e-05
0.381887 3.675e-05
0.382151 3.675e-05
0.382415 3.675e-05
0.382679 3.675e-05
0.382943 3.7e-05
0.383208 3.7e-05
0.383472 3.7e-05
0.383736 3.7e-05
0.384 3.7e-05
0.384264 3.7e-05
0.384528 3.7e-05
0.384792 3.7e-05
0.385056 3.7e-05
0.38532 3.7e-05
0.385584 3.7e-05
0.385849 3.7e-05
0.386113 3.7e-05
0.386377 3.7e-05
0.386641 3.7e-05
0.386905 3.7e-05
0.387169 3.7e-05
0.387433 3.7e-05
0.387697 3.7e-05
0.387961 3.7e-05
0.388225 3.7e-05
0.38849 3.7e-05
0.388754 3.7e-05
0.389018 3.725e-05
0.389282 3.725e-05
0.389546 3.725e-05
0.38981 3.725e-05
0.390074 3.725e-05
0.390338 3.725e-05
0.390602 3.725e-05
0.390866 3.725e-05
0.391131 3.725e-05
0.391395 3.75e-05
0.391659 3.75e-05
0.391923 3.75e-05
0.392187 3.75e-05
0.392451 3.75e-05
0.392715 3.75e-05
0.392979 3.775e-05
0.393243 3.775e-05
0.393507 3.775e-05
0.393771 3.775e-05
0.394036 3.775e-05
0.3943 3.775e-05
0.394564 3.775e-05
0.394828 3.775e-05
0.395092 3.775e-05
0.395356 3.775e-05
0.39562 3.775e-05
0.395884 3.775e-05
0.396148 3.775e-05
0.396412 3.775e-05
0.396677 3.775e-05
0.396941 3.825e-05
0.397205 3.825e-05
0.397469 3.825e-05
0.397733 3.825e-05
0.397997 3.9e-05
0.398261 3.9e-05
0.398525 3.9e-05
0.398789 3.9e-05
0.399053 3.9e-05
0.399318 3.9e-05
0.399582 3.9e-05
0.399846 3.925e-05
0.40011 3.925e-05
0.400374 3.925e-05
0.400638 3.925e-05
0.400902 3.925e-05
0.401166 3.925e-05
0.40143 3.925e-05
0.401694 3.925e-05
0.401959 3.925e-05
0.402223 3.925e-05
0.402487 3.925e-05
0.402751 3.925e-05
0.403015 3.925e-05
0.403279 3.925e-05
0.403543 3.925e-05
0.403807 3.925e-05
0.404071 3.925e-05
0.404335 3.925e-05
0.4046 3.925e-05
0.404864 3.925e-05
0.405128 3.95e-05
0.405392 3.95e-05
0.405656 3.975e-05
0.40592 3.975e-05
0.406184 3.975e-05
0.406448 3.975e-05
0.406712 3.975e-05
0.406976 3.975e-05
0.407241 3.975e-05
0.407505 3.975e-05
0.407769 3.975e-05
0.408033 3.975e-05
0.408297 3.975e-05
0.408561 3.975e-05
0.408825 3.975e-05
0.409089 4e-05
0.409353 4e-05
0.409617 4e-05
0.409882 4e-05
0.410146 4e-05
0.41041 4.025e-05
0.410674 4.025e-05
0.410938 4.025e-05
0.411202 4.025e-05
0.411466 4.025e-05
0.41173 4.075e-05
0.411994 4.075e-05
0.412258 4.075e-05
0.412523 4.075e-05
0.412787 4.075e-05
0.413051 4.075e-05
0.413315 4.075e-05
0.413579 4.075e-05
0.413843 4.075e-05
0.414107 4.075e-05
0.414371 4.075e-05
0.414635 4.075e-05
0.414899 4.075e-05
0.415164 4.075e-05
0.415428 4.075e-05
0.415692 4.075e-05
0.415956 4.075e-05
0.41622 4.125e-05
0.416484 4.125e-05
0.416748 4.15e-05
0.417012 4.15e-05
0.417276 4.15e-05
0.41754 4.175e-05
0.417804 4.175e-05
0.418069 4.175e-05
0.418333 4.175e-05
0.418597 4.325e-05
0.418861 4.325e-05
0.419125 4.325e-05
0.419389 4.325e-05
0.419653 4.325e-05
0.419917 4.325e-05
0.420181 4.325e-05
0.420445 4.325e-05
0.42071 4.325e-05
0.420974 4.325e-05
0.421238 4.325e-05
0.421502 4.325e-05
0.421766 4.325e-05
0.42203 4.325e-05
0.422294 4.325e-05
0.422558 4.35e-05
0.422822 4.35e-05
0.423086 4.35e-05
0.423351 4.35e-05
0.423615 4.35e-05
0.423879 4.35e-05
0.424143 4.35e-05
0.424407 4.375e-05
0.424671 4.375e-05
0.424935 4.375e-05
0.425199 4.375e-05
0.425463 4.375e-05
0.425727 4.375e-05
0.425992 4.375e-05
0.426256 4.375e-05
0.42652 4.375e-05
0.426784 4.375e-05
0.427048 4.375e-05
0.427312 4.425e-05
0.427576 4.425e-05
0.42784 4.425e-05
0.428104 4.425e-05
0.428368 4.425e-05
0.428633 4.425e-05
0.428897 4.425e-05
0.429161 4.425e-05
0.429425 4.425e-05
0.429689 4.425e-05
0.429953 4.425e-05
0.430217 4.425e-05
0.430481 4.425e-05
0.430745 4.425e-05
0.431009 4.7e-05
0.431274 4.7e-05
0.431538 4.7e-05
0.431802 4.7e-05
0.432066 4.7e-05
0.43233 4.7e-05
0.432594 4.7e-05
0.432858 4.7e-05
0.433122 4.7e-05
0.433386 4.7e-05
0.43365 4.7e-05
0.433915 4.7e-05
0.434179 4.7e-05
0.434443 4.7e-05
0.434707 4.7e-05
0.434971 4.7e-05
0.435235 4.7e-05
0.435499 4.7e-05
0.435763 4.7e-05
0.436027 4.7e-05
0.436291 4.7e-05
0.436556 4.7e-05
0.43682 4.725e-05
0.437084 4.725e-05
0.437348 4.725e-05
0.437612 4.725e-05
0.437876 4.725e-05
0.43814 4.725e-05
0.438404 4.725e-05
0.438668 4.725e-05
0.438932 4.725e-05
0.439197 4.775e-05
0.439461 4.775e-05
0.439725 4.775e-05
0.439989 4.775e-05
0.440253 4.775e-05
0.440517 4.825e-05
0.440781 4.825e-05
0.441045 4.825e-05
0.441309 4.825e-05
0.441573 4.85e-05
0.441837 4.85e-05
0.442102 4.85e-05
0.442366 4.85e-05
0.44263 4.85e-05
0.442894 4.875e-05
0.443158 4.875e-05
0.443422 4.875e-05
0.443686 4.875e-05
0.44395 4.875e-05
0.444214 4.875e-05
0.444478 4.875e-05
0.444743 4.9e-05
0.445007 4.9e-05
0.445271 4.9e-05
0.445535 4.9e-05
0.445799 4.9e-05
0.446063 4.9e-05
0.446327 4.9e-05
0.446591 4.925e-05
0.446855 4.925e-05
0.447119 4.925e-05
0.447384 4.925e-05
0.447648 4.925e-05
0.447912 4.925e-05
0.448176 4.925e-05
0.44844 4.925e-05
0.448704 4.925e-05
0.448968 4.925e-05
0.449232 4.925e-05
0.449496 4.925e-05
0.44976 4.95e-05
0.450025 4.95e-05
0.450289 4.95e-05
0.450553 4.975e-05
0.450817 4.975e-05
0.451081 4.975e-05
0.451345 4.975e-05
0.451609 5e-05
0.451873 5e-05
0.452137 5e-05
0.452401 5e-05
0.452666 5e-05
0.45293 5e-05
0.453194 5e-05
0.453458 5.05e-05
0.453722 5.075e-05
0.453986 5.075e-05
0.45425 5.075e-05
0.454514 5.075e-05
0.454778 5.075e-05
0.455042 5.075e-05
0.455307 5.075e-05
0.455571 5.075e-05
0.455835 5.075e-05
0.456099 5.075e-05
0.456363 5.075e-05
0.456627 5.075e-05
0.456891 5.075e-05
0.457155 5.075e-05
0.457419 5.075e-05
0.457683 5.075e-05
0.457948 5.1e-05
0.458212 5.1e-05
0.458476 5.1e-05
0.45874 5.1e-05
0.459004 5.1e-05
0.459268 5.1e-05
0.459532 5.1e-05
0.459796 5.1e-05
0.46006 5.1e-05
0.460324 5.1e-05
0.460589 5.1e-05
0.460853 5.1e-05
0.461117 5.1e-05
0.461381 5.1e-05
0.461645 5.1e-05
0.461909 5.125e-05
0.462173 5.125e-05
0.462437 5.125e-05
0.462701 5.125e-05
0.462965 5.15e-05
0.46323 5.15e-05
0.463494 5.15e-05
0.463758 5.15e-05
0.464022 5.15e-05
0.464286 5.15e-05
0.46455 5.15e-05
0.464814 5.15e-05
0.465078 5.15e-05
0.465342 5.15e-05
0.465606 5.15e-05
0.46587 5.15e-05
0.466135 5.15e-05
0.466399 5.15e-05
0.466663 5.15e-05
0.466927 5.15e-05
0.467191 5.15e-05
0.467455 5.15e-05
0.467719 5.15e-05
0.467983 5.175e-05
0.468247 5.175e-05
0.468511 5.175e-05
0.468776 5.175e-05
0.46904 5.175e-05
0.469304 5.175e-05
0.469568 5.175e-05
0.469832 5.175e-05
0.470096 5.175e-05
0.47036 5.2e-05
0.470624 5.2e-05
0.470888 5.2e-05
0.471152 5.2e-05
0.471417 5.2e-05
0.471681 5.2e-05
0.471945 5.2e-05
0.472209 5.2e-05
0.472473 5.2e-05
0.472737 5.225e-05
0.473001 5.225e-05
0.473265 5.225e-05
0.473529 5.225e-05
0.473793 5.225e-05
0.474058 5.225e-05
0.474322 5.225e-05
0.474586 5.225e-05
0.47485 5.225e-05
0.475114 5.225e-05
0.475378 5.225e-05
0.475642 5.225e-05
0.475906 5.225e-05
0.47617 5.225e-05
0.476434 5.225e-05
0.476699 5.225e-05
0.476963 5.225e-05
0.477227 5.25e-05
0.477491 5.25e-05
0.477755 5.25e-05
0.478019 5.25e-05
0.478283 5.25e-05
0.478547 5.25e-05
0.478811 5.25e-05
0.479075 5.25e-05
0.47934 5.25e-05
0.479604 5.25e-05
0.479868 5.25e-05
0.480132 5.25e-05
0.480396 5.25e-05
0.48066 5.25e-05
0.480924 5.25e-05
0.481188 5.25e-05
0.481452 5.25e-05
0.481716 5.25e-05
0.481981 5.25e-05
0.482245 5.25e-05
0.482509 5.25e-05
0.482773 5.25e-05
0.483037 5.25e-05
0.483301 5.25e-05
0.483565 5.25e-05
0.483829 5.25e-05
0.484093 5.25e-05
0.484357 5.25e-05
0.484622 5.25e-05
0.484886 5.25e-05
0.48515 5.25e-05
0.485414 5.25e-05
0.485678 5.275e-05
0.485942 5.275e-05
0.486206 5.275e-05
0.48647 5.275e-05
0.486734 5.275e-05
0.486998 5.275e-05
0.487263 5.3e-05
0.487527 5.3e-05
0.487791 5.325e-05
0.488055 5.325e-05
0.488319 5.325e-05
0.488583 5.325e-05
0.488847 5.375e-05
0.489111 5.375e-05
0.489375 5.375e-05
0.489639 5.375e-05
0.489903 5.375e-05
0.490168 5.375e-05
0.490432 5.425e-05
0.490696 5.425e-05
0.49096 5.425e-05
0.491224 5.425e-05
0.491488 5.425e-05
0.491752 5.425e-05
0.492016 5.425e-05
0.49228 5.425e-05
0.492544 5.425e-05
0.492809 5.45e-05
0.493073 5.45e-05
0.493337 5.55e-05
0.493601 5.55e-05
0.493865 5.55e-05
0.494129 5.55e-05
0.494393 5.55e-05
0.494657 5.55e-05
0.494921 5.55e-05
0.495185 5.55e-05
0.49545 5.55e-05
0.495714 5.55e-05
0.495978 5.55e-05
0.496242 5.55e-05
0.496506 5.55e-05
0.49677 5.55e-05
0.497034 5.575e-05
0.497298 5.575e-05
0.497562 5.575e-05
0.497826 5.575e-05
0.498091 5.575e-05
0.498355 5.575e-05
0.498619 5.575e-05
0.498883 5.575e-05
0.499147 5.575e-05
0.499411 5.575e-05
0.499675 5.575e-05
0.499939 5.575e-05
0.500203 5.575e-05
0.500467 5.575e-05
0.500732 5.575e-05
0.500996 5.575e-05
0.50126 5.575e-05
0.501524 5.575e-05
0.501788 5.575e-05
0.502052 5.575e-05
0.502316 5.575e-05
0.50258 5.575e-05
0.502844 5.575e-05
0.503108 5.6e-05
0.503373 5.6e-05
0.503637 5.6e-05
0.503901 5.6e-05
0.504165 5.6e-05
0.504429 5.6e-05
0.504693 5.6e-05
0.504957 5.6e-05
0.505221 5.6e-05
0.505485 5.6e-05
0.505749 5.6e-05
0.506014 5.6e-05
0.506278 5.6e-05
0.506542 5.6e-05
0.506806 5.6e-05
0.50707 5.6e-05
0.507334 5.6e-05
0.507598 5.6e-05
0.507862 5.6e-05
0.508126 5.6e-05
0.50839 5.6e-05
0.508655 5.6e-05
0.508919 5.625e-05
0.509183 5.625e-05
0.509447 5.625e-05
0.509711 5.625e-05
0.509975 5.625e-05
0.510239 5.625e-05
0.510503 5.625e-05
0.510767 5.65e-05
0.511031 5.65e-05
0.511296 5.65e-05
0.51156 5.65e-05
0.511824 5.65e-05
0.512088 5.65e-05
0.512352 5.75e-05
0.512616 5.75e-05
0.51288 5.75e-05
0.513144 5.75e-05
0.513408 5.75e-05
0.513672 5.75e-05
0.513937 5.75e-05
0.514201 5.75e-05
0.514465 5.75e-05
0.514729 5.75e-05
0.514993 5.75e-05
0.515257 5.75e-05
0.515521 5.75e-05
0.515785 5.75e-05
0.516049 5.75e-05
0.516313 5.75e-05
0.516577 5.75e-05
0.516842 5.75e-05
0.517106 5.75e-05
0.51737 5.75e-05
0.517634 5.75e-05
0.517898 5.75e-05
0.518162 5.75e-05
0.518426 5.75e-05
0.51869 5.75e-05
0.518954 5.75e-05
0.519218 5.75e-05
0.519483 5.75e-05
0.519747 5.775e-05
0.520011 5.775e-05
0.520275 5.775e-05
0.520539 5.775e-05
0.520803 5.775e-05
0.521067 5.775e-05
0.521331 5.775e-05
0.521595 5.775e-05
0.521859 5.775e-05
0.522124 5.775e-05
0.522388 5.775e-05
0.522652 5.775e-05
0.522916 5.775e-05
0.52318 5.775e-05
0.523444 5.775e-05
0.523708 5.775e-05
0.523972 5.775e-05
0.524236 5.775e-05
0.5245 5.775e-05
0.524765 5.8e-05
0.525029 5.8e-05
0.525293 5.8e-05
0.525557 5.825e-05
0.525821 5.825e-05
0.526085 5.825e-05
0.526349 5.825e-05
0.526613 5.825e-05
0.526877 5.825e-05
0.527141 5.85e-05
0.527406 5.85e-05
0.52767 5.875e-05
0.527934 5.875e-05
0.528198 5.875e-05
0.528462 5.875e-05
0.528726 5.875e-05
0.52899 5.875e-05
0.529254 5.875e-05
0.529518 5.875e-05
0.529782 5.9e-05
0.530047 5.9e-05
0.530311 5.9e-05
0.530575 5.9e-05
0.530839 5.9e-05
0.531103 5.9e-05
0.531367 5.9e-05
0.531631 5.9e-05
0.531895 5.9e-05
0.532159 5.9e-05
0.532423 5.9e-05
0.532688 5.9e-05
0.532952 5.9e-05
0.533216 5.9e-05
0.53348 5.9e-05
0.533744 5.9e-05
0.534008 5.9e-05
0.534272 5.9e-05
0.534536 5.9e-05
0.5348 5.9e-05
0.535064 5.9e-05
0.535329 5.9e-05
0.535593 5.9e-05
0.535857 5.9e-05
0.536121 5.925e-05
0.536385 5.925e-05
0.536649 5.925e-05
0.536913 5.925e-05
0.537177 5.925e-05
0.537441 5.925e-05
0.537705 5.925e-05
0.53797 5.925e-05
0.538234 5.925e-05
0.538498 5.925e-05
0.538762 5.925e-05
0.539026 5.925e-05
0.53929 5.95e-05
0.539554 5.95e-05
0.539818 5.95e-05
0.540082 5.95e-05
0.540346 5.975e-05
0.54061 5.975e-05
0.540875 6e-05
0.541139 6e-05
0.541403 6e-05
0.541667 6e-05
0.541931 6e-05
0.542195 6e-05
0.542459 6e-05
0.542723 6e-05
0.542987 6e-05
0.543251 6e-05
0.543516 6e-05
0.54378 6e-05
0.544044 6e-05
0.544308 6e-05
0.544572 6e-05
0.544836 6e-05
0.5451 6e-05
0.545364 6e-05
0.545628 6e-05
0.545892 6e-05
0.546157 6e-05
0.546421 6e-05
0.546685 6e-05
0.546949 6e-05
0.547213 6e-05
0.547477 6e-05
0.547741 6e-05
0.548005 6e-05
0.548269 6e-05
0.548533 6e-05
0.548798 6e-05
0.549062 6.025e-05
0.549326 6.025e-05
0.54959 6.025e-05
0.549854 6.025e-05
0.550118 6.025e-05
0.550382 6.025e-05
0.550646 6.025e-05
0.55091 6.025e-05
0.551174 6.025e-05
0.551439 6.025e-05
0.551703 6.05e-05
0.551967 6.05e-05
0.552231 6.05e-05
0.552495 6.05e-05
0.552759 6.05e-05
0.553023 6.05e-05
0.553287 6.05e-05
0.553551 6.05e-05
0.553815 6.05e-05
0.55408 6.05e-05
0.554344 6.05e-05
0.554608 6.05e-05
0.554872 6.05e-05
0.555136 6.05e-05
0.5554 6.05e-05
0.555664 6.05e-05
0.555928 6.05e-05
0.556192 6.05e-05
0.556456 6.05e-05
0.556721 6.05e-05
0.556985 6.05e-05
0.557249 6.05e-05
0.557513 6.05e-05
0.557777 6.05e-05
0.558041 6.05e-05
0.558305 6.05e-05
0.558569 6.05e-05
0.558833 6.05e-05
0.559097 6.05e-05
0.559362 6.05e-05
0.559626 6.05e-05
0.55989 6.05e-05
0.560154 6.05e-05
0.560418 6.05e-05
0.560682 6.05e-05
0.560946 6.05e-05
0.56121 6.075e-05
0.561474 6.075e-05
0.561738 6.075e-05
0.562003 6.075e-05
0.562267 6.075e-05
0.562531 6.075e-05
0.562795 6.075e-05
0.563059 6.075e-05
0.563323 6.075e-05
0.563587 6.075e-05
0.563851 6.075e-05
0.564115 6.075e-05
0.564379 6.075e-05
0.564643 6.075e-05
0.564908 6.075e-05
0.565172 6.075e-05
0.565436 6.075e-05
0.5657 6.075e-05
0.565964 6.075e-05
0.566228 6.075e-05
0.566492 6.075e-05
0.566756 6.075e-05
0.56702 6.075e-05
0.567284 6.075e-05
0.567549 6.075e-05
0.567813 6.075e-05
0.568077 6.075e-05
0.568341 6.075e-05
0.568605 6.075e-05
0.568869 6.075e-05
0.569133 6.075e-05
0.569397 6.075e-05
0.569661 6.075e-05
0.569925 6.075e-05
0.57019 6.075e-05
0.570454 6.075e-05
0.570718 6.075e-05
0.570982 6.075e-05
0.571246 6.075e-05
0.57151 6.075e-05
0.571774 6.075e-05
0.572038 6.075e-05
0.572302 6.075e-05
0.572566 6.075e-05
0.572831 6.075e-05
0.573095 6.1e-05
0.573359 6.1e-05
0.573623 6.1e-05
0.573887 6.1e-05
0.574151 6.1e-05
0.574415 6.1e-05
0.574679 6.1e-05
0.574943 6.1e-05
0.575207 6.1e-05
0.575472 6.1e-05
0.575736 6.1e-05
0.576 6.1e-05
0.576264 6.1e-05
0.576528 6.1e-05
0.576792 6.1e-05
0.577056 6.1e-05
0.57732 6.1e-05
0.577584 6.1e-05
0.577848 6.1e-05
0.578113 6.125e-05
0.578377 6.125e-05
0.578641 6.125e-05
0.578905 6.125e-05
0.579169 6.125e-05
0.579433 6.125e-05
0.579697 6.125e-05
0.579961 6.125e-05
0.580225 6.125e-05
0.580489 6.125e-05
0.580754 6.125e-05
0.581018 6.125e-05
0.581282 6.15e-05
0.581546 6.15e-05
0.58181 6.15e-05
0.582074 6.15e-05
0.582338 6.15e-05
0.582602 6.15e-05
0.582866 6.15e-05
0.58313 6.15e-05
0.583395 6.15e-05
0.583659 6.15e-05
0.583923 6.15e-05
0.584187 6.15e-05
0.584451 6.15e-05
0.584715 6.15e-05
0.584979 6.15e-05
0.585243 6.15e-05
0.585507 6.175e-05
0.585771 6.175e-05
0.586036 6.175e-05
0.5863 6.2e-05
0.586564 6.2e-05
0.586828 6.2e-05
0.587092 6.2e-05
0.587356 6.2e-05
0.58762 6.2e-05
0.587884 6.2e-05
0.588148 6.2e-05
0.588412 6.2e-05
0.588676 6.2e-05
0.588941 6.2e-05
0.589205 6.2e-05
0.589469 6.2e-05
0.589733 6.2e-05
0.589997 6.2e-05
0.590261 6.225e-05
0.590525 6.225e-05
0.590789 6.225e-05
0.591053 6.225e-05
0.591317 6.225e-05
0.591582 6.225e-05
0.591846 6.225e-05
0.59211 6.225e-05
0.592374 6.25e-05
0.592638 6.25e-05
0.592902 6.25e-05
0.593166 6.25e-05
0.59343 6.275e-05
0.593694 6.275e-05
0.593958 6.275e-05
0.594223 6.275e-05
0.594487 6.275e-05
0.594751 6.275e-05
0.595015 6.275e-05
0.595279 6.275e-05
0.595543 6.275e-05
0.595807 6.275e-05
0.596071 6.275e-05
0.596335 6.275e-05
0.596599 6.275e-05
0.596864 6.275e-05
0.597128 6.275e-05
0.597392 6.275e-05
0.597656 6.275e-05
0.59792 6.275e-05
0.598184 6.3e-05
0.598448 6.3e-05
0.598712 6.3e-05
0.598976 6.3e-05
0.59924 6.3e-05
0.599505 6.3e-05
0.599769 6.3e-05
0.600033 6.3e-05
0.600297 6.3e-05
0.600561 6.3e-05
0.600825 6.3e-05
0.601089 6.3e-05
0.601353 6.3e-05
0.601617 6.325e-05
0.601881 6.325e-05
0.602146 7.15e-05
0.60241 7.15e-05
0.602674 7.15e-05
0.602938 7.15e-05
0.603202 7.15e-05
0.603466 7.15e-05
0.60373 7.15e-05
0.603994 7.15e-05
0.604258 7.15e-05
0.604522 7.15e-05
0.604787 7.15e-05
0.605051 7.15e-05
0.605315 7.15e-05
0.605579 7.15e-05
0.605843 7.15e-05
0.606107 7.175e-05
0.606371 7.175e-05
0.606635 7.175e-05
0.606899 7.175e-05
0.607163 7.175e-05
0.607428 7.175e-05
0.607692 7.175e-05
0.607956 7.2e-05
0.60822 7.2e-05
0.608484 7.2e-05
0.608748 7.2e-05
0.609012 7.2e-05
0.609276 7.2e-05
0.60954 7.2e-05
0.609804 7.225e-05
0.610069 7.225e-05
0.610333 7.225e-05
0.610597 7.225e-05
0.610861 7.225e-05
0.611125 7.225e-05
0.611389 7.225e-05
0.611653 7.225e-05
0.611917 7.225e-05
0.612181 7.275e-05
0.612445 7.275e-05
0.612709 7.275e-05
0.612974 7.275e-05
0.613238 7.275e-05
0.613502 7.3e-05
0.613766 7.3e-05
0.61403 7.3e-05
0.614294 7.3e-05
0.614558 7.3e-05
0.614822 7.325e-05
0.615086 7.375e-05
0.61535 7.375e-05
0.615615 7.375e-05
0.615879 7.375e-05
0.616143 7.375e-05
0.616407 7.375e-05
0.616671 7.375e-05
0.616935 7.375e-05
0.617199 7.375e-05
0.617463 7.375e-05
0.617727 7.375e-05
0.617991 7.375e-05
0.618256 7.4e-05
0.61852 7.425e-05
0.618784 7.425e-05
0.619048 7.425e-05
0.619312 7.425e-05
0.619576 7.425e-05
0.61984 7.45e-05
0.620104 7.45e-05
0.620368 7.45e-05
0.620632 7.45e-05
0.620897 7.45e-05
0.621161 7.45e-05
0.621425 7.45e-05
0.621689 7.45e-05
0.621953 7.45e-05
0.622217 7.45e-05
0.622481 7.45e-05
0.622745 7.45e-05
0.623009 7.45e-05
0.623273 7.45e-05
0.623538 7.45e-05
0.623802 7.45e-05
0.624066 7.45e-05
0.62433 7.45e-05
0.624594 7.45e-05
0.624858 7.45e-05
0.625122 7.45e-05
0.625386 7.45e-05
0.62565 7.45e-05
0.625914 7.45e-05
0.626179 7.45e-05
0.626443 7.45e-05
0.626707 7.45e-05
0.626971 7.475e-05
0.627235 7.475e-05
0.627499 7.475e-05
0.627763 7.475e-05
0.628027 7.475e-05
0.628291 7.475e-05
0.628555 7.475e-05
0.62882 7.475e-05
0.629084 7.475e-05
0.629348 7.475e-05
0.629612 7.475e-05
0.629876 7.475e-05
0.63014 7.475e-05
0.630404 7.475e-05
0.630668 7.475e-05
0.630932 7.475e-05
0.631196 7.475e-05
0.631461 7.475e-05
0.631725 7.475e-05
0.631989 7.475e-05
0.632253 7.475e-05
0.632517 7.475e-05
0.632781 7.475e-05
0.633045 7.475e-05
0.633309 7.475e-05
0.633573 7.5e-05
0.633837 7.5e-05
0.634102 7.5e-05
0.634366 7.5e-05
0.63463 7.5e-05
0.634894 7.5e-05
0.635158 7.5e-05
0.635422 7.5e-05
0.635686 7.5e-05
0.63595 7.5e-05
0.636214 7.5e-05
0.636478 7.5e-05
0.636742 7.5e-05
0.637007 7.5e-05
0.637271 7.5e-05
0.637535 7.5e-05
0.637799 7.5e-05
0.638063 7.5e-05
0.638327 7.5e-05
0.638591 7.525e-05
0.638855 7.525e-05
0.639119 7.525e-05
0.639383 7.525e-05
0.639648 7.525e-05
0.639912 7.525e-05
0.640176 7.525e-05
0.64044 7.525e-05
0.640704 7.55e-05
0.640968 7.55e-05
0.641232 7.55e-05
0.641496 7.55e-05
0.64176 7.575e-05
0.642024 7.575e-05
0.642289 7.575e-05
0.642553 7.575e-05
0.642817 7.575e-05
0.643081 7.575e-05
0.643345 7.575e-05
0.643609 7.575e-05
0.643873 7.575e-05
0.644137 7.575e-05
0.644401 7.575e-05
0.644665 7.575e-05
0.64493 7.6e-05
0.645194 7.6e-05
0.645458 7.6e-05
0.645722 7.6e-05
0.645986 7.6e-05
0.64625 7.65e-05
0.646514 7.65e-05
0.646778 7.65e-05
0.647042 7.65e-05
0.647306 7.7e-05
0.647571 7.7e-05
0.647835 7.7e-05
0.648099 7.7e-05
0.648363 7.7e-05
0.648627 7.7e-05
0.648891 7.7e-05
0.649155 7.7e-05
0.649419 7.7e-05
0.649683 7.7e-05
0.649947 7.7e-05
0.650212 7.7e-05
0.650476 7.7e-05
0.65074 7.7e-05
0.651004 7.7e-05
0.651268 7.7e-05
0.651532 7.7e-05
0.651796 7.7e-05
0.65206 7.7e-05
0.652324 7.7e-05
0.652588 7.7e-05
0.652853 7.7e-05
0.653117 7.7e-05
0.653381 7.7e-05
0.653645 7.7e-05
0.653909 7.7e-05
0.654173 7.7e-05
0.654437 7.7e-05
0.654701 7.7e-05
0.654965 7.7e-05
0.655229 7.7e-05
0.655494 7.725e-05
0.655758 7.725e-05
0.656022 7.725e-05
0.656286 7.725e-05
0.65655 7.725e-05
0.656814 7.725e-05
0.657078 7.725e-05
0.657342 7.725e-05
0.657606 7.725e-05
0.65787 7.725e-05
0.658135 7.725e-05
0.658399 7.725e-05
0.658663 7.725e-05
0.658927 7.725e-05
0.659191 7.75e-05
0.659455 7.775e-05
0.659719 7.775e-05
0.659983 7.775e-05
0.660247 7.775e-05
0.660511 7.775e-05
0.660776 7.8e-05
0.66104 7.8e-05
0.661304 7.825e-05
0.661568 7.825e-05
0.661832 7.825e-05
0.662096 7.825e-05
0.66236 7.825e-05
0.662624 7.825e-05
0.662888 7.825e-05
0.663152 7.825e-05
0.663416 7.825e-05
0.663681 7.825e-05
0.663945 7.825e-05
0.664209 7.825e-05
0.664473 7.825e-05
0.664737 7.825e-05
0.665001 7.825e-05
0.665265 7.825e-05
0.665529 7.825e-05
0.665793 7.825e-05
0.666057 7.825e-05
0.666322 7.825e-05
0.666586 7.825e-05
0.66685 7.825e-05
0.667114 7.825e-05
0.667378 7.85e-05
0.667642 7.85e-05
0.667906 7.85e-05
0.66817 7.85e-05
0.668434 7.85e-05
0.668698 7.85e-05
0.668963 7.85e-05
0.669227 7.85e-05
0.669491 7.85e-05
0.669755 7.85e-05
0.670019 7.875e-05
0.670283 7.875e-05
0.670547 7.875e-05
0.670811 7.875e-05
0.671075 7.875e-05
0.671339 7.9e-05
0.671604 7.9e-05
0.671868 7.9e-05
0.672132 7.9e-05
0.672396 7.9e-05
0.67266 7.9e-05
0.672924 7.9e-05
0.673188 7.9e-05
0.673452 7.9e-05
0.673716 7.9e-05
0.67398 7.9e-05
0.674245 7.9e-05
0.674509 7.9e-05
0.674773 7.9e-05
0.675037 7.9e-05
0.675301 7.9e-05
0.675565 7.9e-05
0.675829 7.9e-05
0.676093 7.9e-05
0.676357 7.9e-05
0.676621 7.9e-05
0.676886 7.9e-05
0.67715 7.9e-05
0.677414 7.9e-05
0.677678 7.9e-05
0.677942 7.9e-05
0.678206 7.9e-05
0.67847 7.9e-05
0.678734 7.9e-05
0.678998 7.9e-05
0.679262 7.9e-05
0.679527 7.9e-05
0.679791 7.9e-05
0.680055 7.9e-05
0.680319 7.9e-05
0.680583 7.9e-05
0.680847 7.9e-05
0.681111 7.9e-05
0.681375 7.9e-05
0.681639 7.9e-05
0.681903 7.9e-05
0.682168 7.9e-05
0.682432 7.9e-05
0.682696 7.9e-05
0.68296 7.925e-05
0.683224 7.925e-05
0.683488 7.925e-05
0.683752 7.925e-05
0.684016 7.925e-05
0.68428 7.925e-05
0.684544 7.925e-05
0.684809 7.925e-05
0.685073 7.925e-05
0.685337 7.925e-05
0.685601 7.925e-05
0.685865 7.925e-05
0.686129 7.95e-05
0.686393 7.95e-05
0.686657 7.95e-05
0.686921 7.95e-05
0.687185 7.975e-05
0.687449 7.975e-05
0.687714 7.975e-05
0.687978 7.975e-05
0.688242 7.975e-05
0.688506 7.975e-05
0.68877 7.975e-05
0.689034 7.975e-05
0.689298 7.975e-05
0.689562 7.975e-05
0.689826 7.975e-05
0.69009 7.975e-05
0.690355 7.975e-05
0.690619 7.975e-05
0.690883 7.975e-05
0.691147 7.975e-05
0.691411 7.975e-05
0.691675 7.975e-05
0.691939 7.975e-05
0.692203 7.975e-05
0.692467 7.975e-05
0.692731 7.975e-05
0.692996 7.975e-05
0.69326 7.975e-05
0.693524 7.975e-05
0.693788 7.975e-05
0.694052 7.975e-05
0.694316 7.975e-05
0.69458 7.975e-05
0.694844 7.975e-05
0.695108 7.975e-05
0.695372 7.975e-05
0.695637 7.975e-05
0.695901 7.975e-05
0.696165 7.975e-05
0.696429 7.975e-05
0.696693 8e-05
0.696957 8.025e-05
0.697221 8.025e-05
0.697485 8.025e-05
0.697749 8.025e-05
0.698013 8.025e-05
0.698278 8.025e-05
0.698542 8.025e-05
0.698806 8.025e-05
0.69907 8.05e-05
0.699334 8.05e-05
0.699598 8.05e-05
0.699862 8.05e-05
0.700126 8.05e-05
0.70039 8.075e-05
0.700654 8.075e-05
0.700919 8.075e-05
0.701183 8.075e-05
0.701447 8.075e-05
0.701711 8.075e-05
0.701975 8.075e-05
0.702239 8.075e-05
0.702503 8.075e-05
0.702767 8.075e-05
0.703031 8.075e-05
0.703295 8.075e-05
0.70356 8.075e-05
0.703824 8.075e-05
0.704088 8.075e-05
0.704352 8.075e-05
0.704616 8.075e-05
0.70488 8.2e-05
0.705144 8.2e-05
0.705408 8.2e-05
0.705672 8.2e-05
0.705936 8.2e-05
0.706201 8.2e-05
0.706465 8.2e-05
0.706729 8.2e-05
0.706993 8.2e-05
0.707257 8.2e-05
0.707521 8.225e-05
0.707785 8.225e-05
0.708049 8.225e-05
0.708313 8.225e-05
0.708577 8.225e-05
0.708842 8.225e-05
0.709106 8.225e-05
0.70937 8.225e-05
0.709634 8.225e-05
0.709898 8.225e-05
0.710162 8.225e-05
0.710426 8.225e-05
0.71069 8.25e-05
0.710954 8.25e-05
0.711218 8.25e-05
0.711482 8.25e-05
0.711747 8.25e-05
0.712011 8.25e-05
0.712275 8.25e-05
0.712539 8.25e-05
0.712803 8.25e-05
0.713067 8.25e-05
0.713331 8.25e-05
0.713595 8.25e-05
0.713859 8.25e-05
0.714123 8.25e-05
0.714388 8.25e-05
0.714652 8.275e-05
0.714916 8.35e-05
0.71518 8.35e-05
0.715444 8.35e-05
0.715708 8.35e-05
0.715972 8.35e-05
0.716236 8.35e-05
0.7165 8.35e-05
0.716764 8.35e-05
0.717029 8.35e-05
0.717293 8.35e-05
0.717557 8.35e-05
0.717821 8.35e-05
0.718085 8.35e-05
0.718349 8.375e-05
0.718613 8.4e-05
0.718877 8.4e-05
0.719141 8.4e-05
0.719405 8.4e-05
0.71967 8.4e-05
0.719934 8.4e-05
0.720198 8.4e-05
0.720462 8.4e-05
0.720726 8.4e-05
0.72099 8.4e-05
0.721254 8.4e-05
0.721518 8.4e-05
0.721782 8.4e-05
0.722046 8.4e-05
0.722311 8.4e-05
0.722575 8.4e-05
0.722839 8.4e-05
0.723103 8.4e-05
0.723367 8.4e-05
0.723631 8.4e-05
0.723895 8.4e-05
0.724159 8.4e-05
0.724423 8.4e-05
0.724687 8.4e-05
0.724952 8.4e-05
0.725216 8.4e-05
0.72548 8.4e-05
0.725744 8.4e-05
0.726008 8.4e-05
0.726272 8.4e-05
0.726536 8.4e-05
0.7268 8.4e-05
0.727064 8.4e-05
0.727328 8.4e-05
0.727593 8.4e-05
0.727857 8.4e-05
0.728121 8.4e-05
0.728385 8.4e-05
0.728649 8.4e-05
0.728913 8.4e-05
0.729177 8.4e-05
0.729441 8.4e-05
0.729705 8.4e-05
0.729969 8.4e-05
0.730234 8.4e-05
0.730498 8.4e-05
0.730762 8.4e-05
0.731026 8.4e-05
0.73129 8.4e-05
0.731554 8.4e-05
0.731818 8.4e-05
0.732082 8.4e-05
0.732346 8.4e-05
0.73261 8.4e-05
0.732875 8.4e-05
0.733139 8.4e-05
0.733403 8.4e-05
0.733667 8.4e-05
0.733931 8.4e-05
0.734195 8.4e-05
0.734459 8.4e-05
0.734723 8.4e-05
0.734987 8.4e-05
0.735251 8.4e-05
0.735515 8.4e-05
0.73578 8.4e-05
0.736044 8.4e-05
0.736308 8.425e-05
0.736572 8.425e-05
0.736836 8.425e-05
0.7371 8.425e-05
0.737364 8.425e-05
0.737628 8.425e-05
0.737892 8.425e-05
0.738156 8.425e-05
0.738421 8.425e-05
0.738685 8.425e-05
0.738949 8.425e-05
0.739213 8.425e-05
0.739477 8.425e-05
0.739741 8.45e-05
0.740005 8.45e-05
0.740269 8.45e-05
0.740533 8.45e-05
0.740797 8.45e-05
0.741062 8.45e-05
0.741326 8.45e-05
0.74159 8.45e-05
0.741854 8.45e-05
0.742118 8.45e-05
0.742382 8.45e-05
0.742646 8.45e-05
0.74291 8.45e-05
0.743174 8.45e-05
0.743438 8.45e-05
0.743703 8.45e-05
0.743967 8.45e-05
0.744231 8.475e-05
0.744495 8.475e-05
0.744759 8.475e-05
0.745023 8.525e-05
0.745287 8.525e-05
0.745551 8.525e-05
0.745815 8.525e-05
0.746079 8.525e-05
0.746344 8.525e-05
0.746608 8.525e-05
0.746872 8.525e-05
0.747136 8.525e-05
0.7474 8.55e-05
0.747664 8.55e-05
0.747928 8.55e-05
0.748192 8.55e-05
0.748456 8.55e-05
0.74872 8.55e-05
0.748985 8.55e-05
0.749249 8.55e-05
0.749513 8.575e-05
0.749777 8.575e-05
0.750041 8.575e-05
0.750305 8.575e-05
0.750569 8.575e-05
0.750833 8.575e-05
0.751097 8.575e-05
0.751361 8.575e-05
0.751626 8.575e-05
0.75189 8.575e-05
0.752154 8.575e-05
0.752418 8.575e-05
0.752682 8.575e-05
0.752946 8.575e-05
0.75321 8.575e-05
0.753474 8.575e-05
0.753738 8.575e-05
0.754002 8.575e-05
0.754267 8.575e-05
0.754531 8.575e-05
0.754795 8.575e-05
0.755059 8.575e-05
0.755323 8.575e-05
0.755587 8.575e-05
0.755851 8.575e-05
0.756115 8.575e-05
0.756379 8.575e-05
0.756643 8.575e-05
0.756908 8.575e-05
0.757172 8.575e-05
0.757436 8.575e-05
0.7577 8.575e-05
0.757964 8.575e-05
0.758228 8.575e-05
0.758492 8.575e-05
0.758756 8.575e-05
0.75902 8.575e-05
0.759284 8.575e-05
0.759548 8.575e-05
0.759813 8.575e-05
0.760077 8.575e-05
0.760341 8.575e-05
0.760605 8.575e-05
0.760869 8.575e-05
0.761133 8.575e-05
0.761397 8.575e-05
0.761661 8.575e-05
0.761925 8.575e-05
0.762189 8.575e-05
0.762454 8.575e-05
0.762718 8.7e-05
0.762982 8.7e-05
0.763246 8.725e-05
0.76351 8.725e-05
0.763774 8.75e-05
0.764038 8.75e-05
0.764302 8.75e-05
0.764566 8.75e-05
0.76483 8.75e-05
0.765095 8.75e-05
0.765359 8.75e-05
0.765623 8.75e-05
0.765887 8.75e-05
0.766151 8.75e-05
0.766415 8.775e-05
0.766679 8.775e-05
0.766943 8.8e-05
0.767207 8.8e-05
0.767471 8.8e-05
0.767736 8.8e-05
0.768 8.825e-05
0.768264 8.925e-05
0.768528 8.925e-05
0.768792 8.925e-05
0.769056 8.925e-05
0.76932 8.925e-05
0.769584 8.925e-05
0.769848 8.925e-05
0.770112 8.925e-05
0.770377 8.925e-05
0.770641 8.925e-05
0.770905 8.925e-05
0.771169 8.925e-05
0.771433 8.925e-05
0.771697 8.925e-05
0.771961 8.95e-05
0.772225 8.95e-05
0.772489 8.95e-05
0.772753 8.95e-05
0.773018 8.95e-05
0.773282 8.95e-05
0.773546 8.95e-05
0.77381 8.95e-05
0.774074 8.975e-05
0.774338 9e-05
0.774602 9e-05
0.774866 9e-05
0.77513 9e-05
0.775394 9e-05
0.775659 9e-05
0.775923 9e-05
0.776187 9e-05
0.776451 9.025e-05
0.776715 9.025e-05
0.776979 9.025e-05
0.777243 9.05e-05
0.777507 9.05e-05
0.777771 9.05e-05
0.778035 9.05e-05
0.7783 9.05e-05
0.778564 9.05e-05
0.778828 9.05e-05
0.779092 9.05e-05
0.779356 9.05e-05
0.77962 9.05e-05
0.779884 9.05e-05
0.780148 9.05e-05
0.780412 9.05e-05
0.780676 9.05e-05
0.780941 9.075e-05
0.781205 9.075e-05
0.781469 9.075e-05
0.781733 9.075e-05
0.781997 9.075e-05
0.782261 9.075e-05
0.782525 9.075e-05
0.782789 9.075e-05
0.783053 9.075e-05
0.783317 9.075e-05
0.783581 9.075e-05
0.783846 9.075e-05
0.78411 9.075e-05
0.784374 9.075e-05
0.784638 9.075e-05
0.784902 9.075e-05
0.785166 9.075e-05
0.78543 9.1e-05
0.785694 9.1e-05
0.785958 9.1e-05
0.786222 9.1e-05
0.786487 9.1e-05
0.786751 9.1e-05
0.787015 9.1e-05
0.787279 9.1e-05
0.787543 9.1e-05
0.787807 9.1e-05
0.788071 9.1e-05
0.788335 9.15e-05
0.788599 9.15e-05
0.788863 9.15e-05
0.789128 9.15e-05
0.789392 9.15e-05
0.789656 9.15e-05
0.78992 9.15e-05
0.790184 9.15e-05
0.790448 9.15e-05
0.790712 9.15e-05
0.790976 9.15e-05
0.79124 9.15e-05
0.791504 9.15e-05
0.791769 9.15e-05
0.792033 9.15e-05
0.792297 9.175e-05
0.792561 9.175e-05
0.792825 9.175e-05
0.793089 9.175e-05
0.793353 9.175e-05
0.793617 9.175e-05
0.793881 9.175e-05
0.794145 9.175e-05
0.79441 9.175e-05
0.794674 9.175e-05
0.794938 9.175e-05
0.795202 9.2e-05
0.795466 9.225e-05
0.79573 9.225e-05
0.795994 9.225e-05
0.796258 9.225e-05
0.796522 9.225e-05
0.796786 9.225e-05
0.797051 9.225e-05
0.797315 9.225e-05
0.797579 9.225e-05
0.797843 9.225e-05
0.798107 9.225e-05
0.798371 9.25e-05
0.798635 9.25e-05
0.798899 9.275e-05
0.799163 9.275e-05
0.799427 9.275e-05
0.799692 9.275e-05
0.799956 9.3e-05
0.80022 9.3e-05
0.800484 9.3e-05
0.800748 9.325e-05
0.801012 9.35e-05
0.801276 9.35e-05
0.80154 9.35e-05
0.801804 9.35e-05
0.802068 9.35e-05
0.802333 9.35e-05
0.802597 9.35e-05
0.802861 9.35e-05
0.803125 9.35e-05
0.803389 9.35e-05
0.803653 9.35e-05
0.803917 9.35e-05
0.804181 9.35e-05
0.804445 9.35e-05
0.804709 9.35e-05
0.804974 9.35e-05
0.805238 9.35e-05
0.805502 9.375e-05
0.805766 9.4e-05
0.80603 9.425e-05
0.806294 9.425e-05
0.806558 9.425e-05
0.806822 9.425e-05
0.807086 9.425e-05
0.80735 9.425e-05
0.807615 9.425e-05
0.807879 9.425e-05
0.808143 9.65e-05
0.808407 9.7e-05
0.808671 9.7e-05
0.808935 9.7e-05
0.809199 9.7e-05
0.809463 9.7e-05
0.809727 9.7e-05
0.809991 9.7e-05
0.810255 9.725e-05
0.81052 9.725e-05
0.810784 9.725e-05
0.811048 9.725e-05
0.811312 9.725e-05
0.811576 9.725e-05
0.81184 9.75e-05
0.812104 9.75e-05
0.812368 9.75e-05
0.812632 9.75e-05
0.812896 9.75e-05
0.813161 9.75e-05
0.813425 9.75e-05
0.813689 9.75e-05
0.813953 9.975e-05
0.814217 0.00010075
0.814481 0.00010075
0.814745 0.00010075
0.815009 0.00010075
0.815273 0.00010075
0.815537 0.00010075
0.815802 0.00010075
0.816066 0.00010075
0.81633 0.00010075
0.816594 0.00010075
0.816858 0.00010075
0.817122 0.00010075
0.817386 0.00010075
0.81765 0.00010075
0.817914 0.00010075
0.818178 0.00010075
0.818443 0.00010075
0.818707 0.00010075
0.818971 0.00010075
0.819235 0.000101
0.819499 0.000101
0.819763 0.000101
0.820027 0.000101
0.820291 0.000101
0.820555 0.000101
0.820819 0.000101
0.821084 0.000101
0.821348 0.00010125
0.821612 0.00010125
0.821876 0.00010125
0.82214 0.00010125
0.822404 0.00010125
0.822668 0.00010125
0.822932 0.00010125
0.823196 0.00010125
0.82346 0.00010125
0.823725 0.00010125
0.823989 0.00010125
0.824253 0.00010125
0.824517 0.00010125
0.824781 0.00010125
0.825045 0.00010125
0.825309 0.00010125
0.825573 0.00010125
0.825837 0.00010125
0.826101 0.0001015
0.826366 0.0001015
0.82663 0.0001015
0.826894 0.0001015
0.827158 0.0001015
0.827422 0.0001015
0.827686 0.0001015
0.82795 0.0001015
0.828214 0.0001015
0.828478 0.0001015
0.828742 0.0001015
0.829007 0.0001015
0.829271 0.0001015
0.829535 0.0001015
0.829799 0.0001015
0.830063 0.0001015
0.830327 0.0001015
0.830591 0.0001015
0.830855 0.0001015
0.831119 0.0001015
0.831383 0.0001015
0.831648 0.0001015
0.831912 0.000103
0.832176 0.000103
0.83244 0.000103
0.832704 0.000103
0.832968 0.000103
0.833232 0.000103
0.833496 0.000103
0.83376 0.000103
0.834024 0.000103
0.834288 0.000103
0.834553 0.000103
0.834817 0.000103
0.835081 0.000103
0.835345 0.00010325
0.835609 0.00010325
0.835873 0.00010325
0.836137 0.00010325
0.836401 0.00010325
0.836665 0.0001035
0.836929 0.0001035
0.837194 0.0001035
0.837458 0.0001035
0.837722 0.0001035
0.837986 0.0001035
0.83825 0.0001035
0.838514 0.0001035
0.838778 0.0001035
0.839042 0.0001035
0.839306 0.0001035
0.83957 0.0001035
0.839835 0.0001035
0.840099 0.0001035
0.840363 0.0001035
0.840627 0.0001035
0.840891 0.00010375
0.841155 0.00010375
0.841419 0.00010375
0.841683 0.00010375
0.841947 0.00010375
0.842211 0.00010375
0.842476 0.00010375
0.84274 0.00010375
0.843004 0.00010375
0.843268 0.00010375
0.843532 0.00010375
0.843796 0.00010375
0.84406 0.00010375
0.844324 0.00010375
0.844588 0.00010375
0.844852 0.00010375
0.845117 0.00010375
0.845381 0.00010375
0.845645 0.00010375
0.845909 0.00010375
0.846173 0.00010375
0.846437 0.00010375
0.846701 0.00010375
0.846965 0.00010375
0.847229 0.00010375
0.847493 0.00010375
0.847758 0.00010375
0.848022 0.00010375
0.848286 0.00010375
0.84855 0.00010375
0.848814 0.00010375
0.849078 0.00010375
0.849342 0.000104
0.849606 0.000104
0.84987 0.000104
0.850134 0.000104
0.850399 0.000104
0.850663 0.00010425
0.850927 0.00010425
0.851191 0.00010425
0.851455 0.00010425
0.851719 0.00010425
0.851983 0.00010425
0.852247 0.0001045
0.852511 0.0001045
0.852775 0.0001045
0.85304 0.0001045
0.853304 0.0001045
0.853568 0.0001045
0.853832 0.0001045
0.854096 0.0001045
0.85436 0.0001045
0.854624 0.0001045
0.854888 0.0001045
0.855152 0.0001045
0.855416 0.0001045
0.855681 0.0001045
0.855945 0.0001045
0.856209 0.0001045
0.856473 0.0001045
0.856737 0.0001045
0.857001 0.0001045
0.857265 0.0001045
0.857529 0.0001045
0.857793 0.0001045
0.858057 0.0001045
0.858321 0.0001045
0.858586 0.0001045
0.85885 0.0001045
0.859114 0.00010475
0.859378 0.00010475
0.859642 0.00010475
0.859906 0.00010475
0.86017 0.00010475
0.860434 0.00010475
0.860698 0.00010475
0.860962 0.00010475
0.861227 0.00010475
0.861491 0.00010475
0.861755 0.00010475
0.862019 0.00010475
0.862283 0.00010475
0.862547 0.000105
0.862811 0.000105
0.863075 0.000105
0.863339 0.00010525
0.863603 0.00010525
0.863868 0.00010525
0.864132 0.00010525
0.864396 0.00010625
0.86466 0.00010625
0.864924 0.00010625
0.865188 0.00010625
0.865452 0.0001065
0.865716 0.0001065
0.86598 0.0001065
0.866244 0.0001065
0.866509 0.0001065
0.866773 0.0001065
0.867037 0.0001065
0.867301 0.0001065
0.867565 0.0001065
0.867829 0.0001065
0.868093 0.0001065
0.868357 0.0001065
0.868621 0.00010675
0.868885 0.00010675
0.86915 0.00010675
0.869414 0.00010675
0.869678 0.00010675
0.869942 0.00010675
0.870206 0.00010675
0.87047 0.00010675
0.870734 0.00010675
0.870998 0.00010675
0.871262 0.00010675
0.871526 0.00010675
0.871791 0.000107
0.872055 0.000107
0.872319 0.000107
0.872583 0.000107
0.872847 0.0001075
0.873111 0.0001075
0.873375 0.0001075
0.873639 0.0001075
0.873903 0.0001075
0.874167 0.0001075
0.874432 0.00010775
0.874696 0.000116
0.87496 0.000116
0.875224 0.000116
0.875488 0.00011775
0.875752 0.00011775
0.876016 0.00011775
0.87628 0.00011775
0.876544 0.00011775
0.876808 0.00011775
0.877073 0.00011775
0.877337 0.00011775
0.877601 0.00011775
0.877865 0.00011775
0.878129 0.00011775
0.878393 0.00011775
0.878657 0.00011775
0.878921 0.00011775
0.879185 0.00011775
0.879449 0.00011775
0.879714 0.00011775
0.879978 0.00011775
0.880242 0.00011775
0.880506 0.000118
0.88077 0.000118
0.881034 0.000118
0.881298 0.000118
0.881562 0.000118
0.881826 0.000118
0.88209 0.000118
0.882354 0.000118
0.882619 0.00011825
0.882883 0.00011825
0.883147 0.00011825
0.883411 0.00011825
0.883675 0.00011825
0.883939 0.0001185
0.884203 0.0001185
0.884467 0.0001185
0.884731 0.0001185
0.884995 0.0001185
0.88526 0.0001185
0.885524 0.0001185
0.885788 0.0001185
0.886052 0.0001185
0.886316 0.0001185
0.88658 0.0001185
0.886844 0.0001185
0.887108 0.00011875
0.887372 0.00011875
0.887636 0.00011875
0.887901 0.00011875
0.888165 0.000119
0.888429 0.000119
0.888693 0.000119
0.888957 0.000119
0.889221 0.000119
0.889485 0.000119
0.889749 0.00011925
0.890013 0.00011925
0.890277 0.00011925
0.890542 0.00011925
0.890806 0.000121
0.89107 0.00012125
0.891334 0.00012125
0.891598 0.00012125
0.891862 0.00012125
0.892126 0.00012125
0.89239 0.00012125
0.892654 0.00012125
0.892918 0.00012125
0.893183 0.00012125
0.893447 0.00012125
0.893711 0.00012125
0.893975 0.00012325
0.894239 0.00012325
0.894503 0.00012325
0.894767 0.00012325
0.895031 0.00012325
0.895295 0.00012325
0.895559 0.00012325
0.895824 0.00012325
0.896088 0.00012325
0.896352 0.00012325
0.896616 0.0001235
0.89688 0.0001235
0.897144 0.0001235
0.897408 0.00012375
0.897672 0.00012375
0.897936 0.00012375
0.8982 0.00012375
0.898465 0.00012375
0.898729 0.000124
0.898993 0.000124
0.899257 0.000124
0.899521 0.000124
0.899785 0.000124
0.900049 0.000124
0.900313 0.000124
0.900577 0.00012425
0.900841 0.00012425
0.901106 0.0001245
0.90137 0.0001245
0.901634 0.0001245
0.901898 0.0001245
0.902162 0.0001245
0.902426 0.00012475
0.90269 0.00012475
0.902954 0.00012475
0.903218 0.00012475
0.903482 0.00012475
0.903747 0.00012475
0.904011 0.00012475
0.904275 0.000125
0.904539 0.000125
0.904803 0.000125
0.905067 0.000125
0.905331 0.000125
0.905595 0.000125
0.905859 0.000125
0.906123 0.000125
0.906387 0.000125
0.906652 0.000125
0.906916 0.000125
0.90718 0.000125
0.907444 0.000125
0.907708 0.000125
0.907972 0.000125
0.908236 0.000125
0.9085 0.000125
0.908764 0.00012525
0.909028 0.0001255
0.909293 0.00012575
0.909557 0.00012575
0.909821 0.00012575
0.910085 0.00012575
0.910349 0.00012575
0.910613 0.00012575
0.910877 0.00012575
0.911141 0.00012575
0.911405 0.00012575
0.911669 0.000126
0.911934 0.00013075
0.912198 0.00013075
0.912462 0.00013075
0.912726 0.00013075
0.91299 0.00013075
0.913254 0.00013075
0.913518 0.00013075
0.913782 0.00013075
0.914046 0.00013075
0.91431 0.00013075
0.914575 0.00013075
0.914839 0.000131
0.915103 0.000131
0.915367 0.000131
0.915631 0.0001315
0.915895 0.0001315
0.916159 0.0001315
0.916423 0.0001315
0.916687 0.0001315
0.916951 0.0001315
0.917216 0.0001315
0.91748 0.0001315
0.917744 0.0001315
0.918008 0.0001315
0.918272 0.000132
0.918536 0.000132
0.9188 0.000132
0.919064 0.000132
0.919328 0.000132
0.919592 0.0001335
0.919857 0.0001335
0.920121 0.0001335
0.920385 0.0001335
0.920649 0.0001335
0.920913 0.0001335
0.921177 0.0001335
0.921441 0.0001335
0.921705 0.0001335
0.921969 0.0001335
0.922233 0.0001335
0.922498 0.0001335
0.922762 0.0001335
0.923026 0.0001335
0.92329 0.0001335
0.923554 0.0001335
0.923818 0.0001335
0.924082 0.0001335
0.924346 0.0001335
0.92461 0.0001335
0.924874 0.0001335
0.925139 0.0001335
0.925403 0.0001335
0.925667 0.0001335
0.925931 0.0001335
0.926195 0.0001335
0.926459 0.0001335
0.926723 0.0001335
0.926987 0.0001335
0.927251 0.0001335
0.927515 0.0001335
0.92778 0.0001335
0.928044 0.0001335
0.928308 0.0001335
0.928572 0.00013375
0.928836 0.00013375
0.9291 0.00013375
0.929364 0.000134
0.929628 0.000134
0.929892 0.000134
0.930156 0.000134
0.93042 0.000134
0.930685 0.000134
0.930949 0.000134
0.931213 0.000134
0.931477 0.000134
0.931741 0.00013425
0.932005 0.00013425
0.932269 0.00013425
0.932533 0.00013425
0.932797 0.00013425
0.933061 0.00013425
0.933326 0.00013425
0.93359 0.00013425
0.933854 0.00013425
0.934118 0.00013425
0.934382 0.00013425
0.934646 0.0001345
0.93491 0.0001345
0.935174 0.0001345
0.935438 0.0001345
0.935702 0.0001345
0.935967 0.0001345
0.936231 0.0001345
0.936495 0.0001345
0.936759 0.0001345
0.937023 0.0001345
0.937287 0.0001345
0.937551 0.0001345
0.937815 0.0001345
0.938079 0.0001345
0.938343 0.0001345
0.938608 0.0001345
0.938872 0.0001345
0.939136 0.0001345
0.9394 0.0001345
0.939664 0.0001345
0.939928 0.0001345
0.940192 0.0001345
0.940456 0.0001345
0.94072 0.00013475
0.940984 0.00013475
0.941249 0.00013475
0.941513 0.0001355
0.941777 0.0001355
0.942041 0.0001355
0.942305 0.00014425
0.942569 0.00014425
0.942833 0.00014425
0.943097 0.00014425
0.943361 0.00014425
0.943625 0.00014425
0.94389 0.00014425
0.944154 0.00014425
0.944418 0.00014425
0.944682 0.00014425
0.944946 0.00014425
0.94521 0.00014425
0.945474 0.00014425
0.945738 0.0001445
0.946002 0.0001445
0.946266 0.0001445
0.946531 0.0001445
0.946795 0.00014475
0.947059 0.00014475
0.947323 0.00014475
0.947587 0.00014475
0.947851 0.00014475
0.948115 0.00014475
0.948379 0.00014475
0.948643 0.00014475
0.948907 0.00014475
0.949172 0.00014475
0.949436 0.00014475
0.9497 0.00014475
0.949964 0.00014475
0.950228 0.000145
0.950492 0.00014525
0.950756 0.00014525
0.95102 0.00014525
0.951284 0.00014525
0.951548 0.00014525
0.951813 0.00014525
0.952077 0.00014525
0.952341 0.00014525
0.952605 0.00014525
0.952869 0.00014525
0.953133 0.00014525
0.953397 0.00014525
0.953661 0.00014525
0.953925 0.00014525
0.954189 0.00014525
0.954454 0.00014525
0.954718 0.00014525
0.954982 0.0001455
0.955246 0.0001455
0.95551 0.0001455
0.955774 0.0001455
0.956038 0.0001455
0.956302 0.0001455
0.956566 0.0001455
0.95683 0.0001455
0.957094 0.0001455
0.957359 0.000146
0.957623 0.00014625
0.957887 0.00014625
0.958151 0.00014625
0.958415 0.00014625
0.958679 0.00014625
0.958943 0.00014625
0.959207 0.00014625
0.959471 0.00014625
0.959735 0.00014625
0.96 0.00014625
0.960264 0.00014625
0.960528 0.00014625
0.960792 0.00014625
0.961056 0.00014625
0.96132 0.00014625
0.961584 0.00014625
0.961848 0.00014625
0.962112 0.0001465
0.962376 0.000148
0.962641 0.000148
0.962905 0.000148
0.963169 0.000148
0.963433 0.000148
0.963697 0.0001485
0.963961 0.0001485
0.964225 0.0001485
0.964489 0.0001485
0.964753 0.000149
0.965017 0.000149
0.965282 0.00014925
0.965546 0.00014925
0.96581 0.00014925
0.966074 0.0001495
0.966338 0.0001495
0.966602 0.00014975
0.966866 0.00014975
0.96713 0.00014975
0.967394 0.00014975
0.967658 0.00014975
0.967923 0.00014975
0.968187 0.00014975
0.968451 0.00014975
0.968715 0.00014975
0.968979 0.00014975
0.969243 0.00014975
0.969507 0.00014975
0.969771 0.00014975
0.970035 0.00014975
0.970299 0.00014975
0.970564 0.00014975
0.970828 0.00014975
0.971092 0.00014975
0.971356 0.00014975
0.97162 0.00015
0.971884 0.00015
0.972148 0.0001505
0.972412 0.0001505
0.972676 0.0001505
0.97294 0.0001505
0.973205 0.0001505
0.973469 0.00015075
0.973733 0.000151
0.973997 0.000151
0.974261 0.000151
0.974525 0.000151
0.974789 0.00015125
0.975053 0.0001515
0.975317 0.00015175
0.975581 0.00015175
0.975846 0.00015175
0.97611 0.00015175
0.976374 0.00015175
0.976638 0.00015175
0.976902 0.00015175
0.977166 0.00015175
0.97743 0.00015175
0.977694 0.00015175
0.977958 0.000152
0.978222 0.000152
0.978487 0.000152
0.978751 0.000152
0.979015 0.000152
0.979279 0.00015375
0.979543 0.00015375
0.979807 0.00015375
0.980071 0.00015375
0.980335 0.00015375
0.980599 0.00015375
0.980863 0.00015375
0.981127 0.00015375
0.981392 0.00015375
0.981656 0.00015375
0.98192 0.00015375
0.982184 0.00015375
0.982448 0.00015375
0.982712 0.00015375
0.982976 0.000154
0.98324 0.000154
0.983504 0.000154
0.983768 0.000154
0.984033 0.000154
0.984297 0.000154
0.984561 0.000154
0.984825 0.000154
0.985089 0.000154
0.985353 0.000154
0.985617 0.000155
0.985881 0.000155
0.986145 0.000155
0.986409 0.000155
0.986674 0.000155
0.986938 0.000155
0.987202 0.000155
0.987466 0.000155
0.98773 0.000155
0.987994 0.000155
0.988258 0.000155
0.988522 0.000155
0.988786 0.000155
0.98905 0.000155
0.989315 0.000155
0.989579 0.000155
0.989843 0.000155
0.990107 0.000155
0.990371 0.000155
0.990635 0.000155
0.990899 0.000155
0.991163 0.000155
0.991427 0.000155
0.991691 0.000155
0.991956 0.000155
0.99222 0.00015525
0.992484 0.00015525
0.992748 0.0001555
0.993012 0.0001555
0.993276 0.0001555
0.99354 0.0001555
0.993804 0.00015575
0.994068 0.00015575
0.994332 0.00015575
0.994597 0.00015575
0.994861 0.00015575
0.995125 0.00015575
0.995389 0.00015575
0.995653 0.00015575
0.995917 0.00015575
0.996181 0.000156
0.996445 0.000156
0.996709 0.000156
0.996973 0.000156
0.997238 0.000156
0.997502 0.000157
0.997766 0.000157
0.99803 0.000157
0.998294 0.000157
0.998558 0.000157
0.998822 0.000157
0.999086 0.000157
0.99935 0.00015975
0.999614 0.00015975
0.999879 0.00015975
