0 2.875e-05
0.000715505 3.875e-05
0.00143101 5e-05
0.00214652 5.5e-05
0.00286202 6.375e-05
0.00357753 7.25e-05
0.00429303 7.875e-05
0.00500854 0.0001
0.00572404 0.000105
0.00643955 0.0001125
0.00715505 0.000125
0.00787056 0.0001375
0.00858607 0.000145
0.00930157 0.00016125
0.0100171 0.00016875
0.0107326 0.00017625
0.0114481 0.00019375
0.0121636 0.00022
0.0128791 0.00023125
0.0135946 0.00024625
0.0143101 0.00028
0.0150256 0.000305
0.0157411 0.0003175
0.0164566 0.000365
0.0171721 0.0004
0.0178876 0.00042375
0.0186031 0.00044375
0.0193186 0.00048375
0.0200342 0.000505
0.0207497 0.0005125
0.0214652 0.0005575
0.0221807 0.000615
0.0228962 0.00068125
0.0236117 0.00072125
0.0243272 0.00074125
0.0250427 0.00075375
0.0257582 0.00079625
0.0264737 0.00077625
0.0271892 0.0007425
0.0279047 0.0008425
0.0286202 0.000875
0.0293357 0.00096125
0.0300512 0.00097875
0.0307667 0.00112375
0.0314822 0.00116875
0.0321977 0.00120875
0.0329133 0.00110375
0.0336288 0.0011275
0.0343443 0.0011675
0.0350598 0.00120625
0.0357753 0.001255
0.0364908 0.00130125
0.0372063 0.0013075
0.0379218 0.00131375
0.0386373 0.00134625
0.0393528 0.00156625
0.0400683 0.001445
0.0407838 0.00153
0.0414993 0.0016575
0.0422148 0.00170875
0.0429303 0.00170375
0.0436458 0.00179125
0.0443613 0.0017875
0.0450768 0.0011375
0.0457924 0.00102625
0.0465079 0.00104875
0.0472234 0.00109875
0.0479389 0.001165
0.0486544 0.0010325
0.0493699 0.00099875
0.0500854 0.00108125
0.0508009 0.00100375
0.0515164 0.0011025
0.0522319 0.0010375
0.0529474 0.0010975
0.0536629 0.00111375
0.0543784 0.00115625
0.0550939 0.00110625
0.0558094 0.0011075
0.0565249 0.00104875
0.0572404 0.00078125
0.0579559 0.000795
0.0586714 0.00063625
0.059387 0.0006425
0.0601025 0.00059625
0.060818 0.000585
0.0615335 0.00059375
0.062249 0.00058125
0.0629645 0.00059125
0.06368 0.00055375
0.0643955 0.00055
0.065111 0.00058125
0.0658265 0.0005875
0.066542 0.00059625
0.0672575 0.00054875
0.067973 0.0005525
0.0686885 0.00055625
0.069404 0.00056875
0.0701195 0.00057875
0.070835 0.0005875
0.0715505 0.00059625
0.0722661 0.00059875
0.0729816 0.00060125
0.0736971 0.000605
0.0744126 0.00058125
0.0751281 0.0005675
0.0758436 0.0005675
0.0765591 0.00053
0.0772746 0.0005675
0.0779901 0.00057
0.0787056 0.00052125
0.0794211 0.00050375
0.0801366 0.00050375
0.0808521 0.000505
0.0815676 0.00048
0.0822831 0.00049
0.0829986 0.00048625
0.0837141 0.00049
0.0844296 0.0004975
0.0851452 0.000505
0.0858607 0.00057875
0.0865762 0.0005875
0.0872917 0.00059375
0.0880072 0.00057375
0.0887227 0.00058625
0.0894382 0.0005925
0.0901537 0.00060125
0.0908692 0.00056125
0.0915847 0.0005625
0.0923002 0.00056875
0.0930157 0.00057
0.0937312 0.0005725
0.0944467 0.0005225
0.0951622 0.0005525
0.0958777 0.00055875
0.0965932 0.00055875
0.0973087 0.000565
0.0980243 0.00057125
0.0987398 0.0005725
0.0994553 0.000515
0.100171 0.00051875
0.100886 0.00052
0.101602 0.00052375
0.102317 0.00052625
0.103033 0.0005325
0.103748 0.0005325
0.104464 0.00054
0.105179 0.00038625
0.105895 0.00038125
0.10661 0.0003825
0.107326 0.00038625
0.108041 0.00038125
0.108757 0.0003825
0.109472 0.0003825
0.110188 0.0003775
0.110903 0.00037875
0.111619 0.000365
0.112334 0.00036625
0.11305 0.00036625
0.113765 0.00036875
0.114481 0.00037
0.115196 0.00037
0.115912 0.0003725
0.116627 0.00033125
0.117343 0.0003525
0.118058 0.0003775
0.118774 0.00038
0.119489 0.00038375
0.120205 0.00037375
0.12092 0.00038125
0.121636 0.0003825
0.122351 0.0003825
0.123067 0.000385
0.123782 0.00038625
0.124498 0.00038125
0.125213 0.000385
0.125929 0.00036
0.126644 0.00033125
0.12736 0.00031375
0.128075 0.00031375
0.128791 0.0003
0.129506 0.0003
0.130222 0.00030125
0.130938 0.0003025
0.131653 0.000305
0.132369 0.00031375
0.133084 0.00030125
0.1338 0.00030625
0.134515 0.0003075
0.135231 0.00030375
0.135946 0.0002975
0.136662 0.0003025
0.137377 0.0003025
0.138093 0.00031
0.138808 0.0003125
0.139524 0.00031125
0.140239 0.000305
0.140955 0.00030125
0.14167 0.00029625
0.142386 0.0002875
0.143101 0.0002875
0.143817 0.00027875
0.144532 0.00028625
0.145248 0.00029
0.145963 0.0002925
0.146679 0.000295
0.147394 0.000295
0.14811 0.00030125
0.148825 0.00028625
0.149541 0.00028625
0.150256 0.00028125
0.150972 0.00027
0.151687 0.00027
0.152403 0.00027375
0.153118 0.000275
0.153834 0.000275
0.154549 0.000275
0.155265 0.000275
0.15598 0.00028
0.156696 0.00029875
0.157411 0.0003
0.158127 0.00030125
0.158842 0.000305
0.159558 0.00030875
0.160273 0.0003075
0.160989 0.0003075
0.161704 0.00030375
0.16242 0.000305
0.163135 0.0002925
0.163851 0.0002925
0.164566 0.000285
0.165282 0.00028625
0.165997 0.000285
0.166713 0.0002875
0.167428 0.00028875
0.168144 0.00029
0.168859 0.00029125
0.169575 0.00027625
0.17029 0.00027875
0.171006 0.0002675
0.171721 0.0002675
0.172437 0.00027125
0.173152 0.00027375
0.173868 0.00025625
0.174583 0.00025875
0.175299 0.00023625
0.176014 0.00023625
0.17673 0.00024
0.177445 0.0002475
0.178161 0.00025625
0.178876 0.00025625
0.179592 0.00025875
0.180307 0.00025875
0.181023 0.0002525
0.181738 0.0002525
0.182454 0.0002525
0.183169 0.000255
0.183885 0.00025625
0.1846 0.00025625
0.185316 0.00025625
0.186031 0.00027375
0.186747 0.00027375
0.187462 0.00027375
0.188178 0.00026625
0.188893 0.0002675
0.189609 0.0002675
0.190324 0.00027
0.19104 0.00027
0.191755 0.00023375
0.192471 0.00023375
0.193186 0.00023625
0.193902 0.00023
0.194617 0.00022375
0.195333 0.0002225
0.196049 0.0002075
0.196764 0.0002075
0.19748 0.00021
0.198195 0.00021
0.198911 0.00021
0.199626 0.00020875
0.200342 0.00021
0.201057 0.00022
0.201773 0.00022375
0.202488 0.000225
0.203204 0.00022625
0.203919 0.0002275
0.204635 0.00022625
0.20535 0.00022625
0.206066 0.0002225
0.206781 0.000225
0.207497 0.000225
0.208212 0.00022625
0.208928 0.000225
0.209643 0.00022625
0.210359 0.00022625
0.211074 0.00023375
0.21179 0.000235
0.212505 0.000235
0.213221 0.000235
0.213936 0.000235
0.214652 0.000235
0.215367 0.000235
0.216083 0.00023875
0.216798 0.00023875
0.217514 0.0002325
0.218229 0.0002325
0.218945 0.0002275
0.21966 0.00022875
0.220376 0.00022875
0.221091 0.00023
0.221807 0.00023
0.222522 0.00022875
0.223238 0.0002275
0.223953 0.00022875
0.224669 0.00022875
0.225384 0.00023
0.2261 0.00023
0.226815 0.00023375
0.227531 0.00023125
0.228246 0.00023125
0.228962 0.0002225
0.229677 0.0002225
0.230393 0.00022375
0.231108 0.00022375
0.231824 0.00022375
0.232539 0.00022
0.233255 0.00022625
0.23397 0.00022625
0.234686 0.0002175
0.235401 0.0002175
0.236117 0.00021375
0.236832 0.00021375
0.237548 0.00021375
0.238263 0.0002275
0.238979 0.00023
0.239694 0.000235
0.24041 0.000235
0.241125 0.000235
0.241841 0.00022625
0.242556 0.00022625
0.243272 0.00022625
0.243987 0.0002275
0.244703 0.0002275
0.245418 0.00022875
0.246134 0.00022875
0.246849 0.00022
0.247565 0.00022125
0.24828 0.000215
0.248996 0.00022
0.249711 0.00022
0.250427 0.00022
0.251142 0.00022
0.251858 0.00022
0.252573 0.000215
0.253289 0.0002175
0.254004 0.0002175
0.25472 0.00021875
0.255435 0.00021875
0.256151 0.0001975
0.256866 0.0001975
0.257582 0.000195
0.258297 0.000195
0.259013 0.000195
0.259728 0.000195
0.260444 0.000195
0.26116 0.00019625
0.261875 0.00019625
0.262591 0.0001975
0.263306 0.0001975
0.264022 0.0001975
0.264737 0.0001975
0.265453 0.0001975
0.266168 0.0001975
0.266884 0.0001975
0.267599 0.00020125
0.268315 0.00020125
0.26903 0.00020125
0.269746 0.00019625
0.270461 0.00019375
0.271177 0.00019375
0.271892 0.00019375
0.272608 0.0001975
0.273323 0.000195
0.274039 0.000195
0.274754 0.000195
0.27547 0.000195
0.276185 0.000195
0.276901 0.00019375
0.277616 0.000195
0.278332 0.000195
0.279047 0.000195
0.279763 0.000195
0.280478 0.000195
0.281194 0.0001975
0.281909 0.00019875
0.282625 0.00019875
0.28334 0.00019875
0.284056 0.00019875
0.284771 0.0002
0.285487 0.0002
0.286202 0.0002
0.286918 0.0002
0.287633 0.00020125
0.288349 0.00020125
0.289064 0.00020125
0.28978 0.00020375
0.290495 0.00020375
0.291211 0.00020375
0.291926 0.00020375
0.292642 0.00020375
0.293357 0.0001975
0.294073 0.0001975
0.294788 0.0001975
0.295504 0.0001975
0.296219 0.0001975
0.296935 0.0002
0.29765 0.0002
0.298366 0.00020375
0.299081 0.00020375
0.299797 0.00020375
0.300512 0.00020375
0.301228 0.00020375
0.301943 0.00020375
0.302659 0.00020125
0.303374 0.00020125
0.30409 0.00019875
0.304805 0.0002
0.305521 0.0002
0.306236 0.0002075
0.306952 0.0002075
0.307667 0.0002075
0.308383 0.0002075
0.309098 0.0002075
0.309814 0.0002075
0.310529 0.0002075
0.311245 0.0002075
0.31196 0.00020875
0.312676 0.00020875
0.313391 0.00021
0.314107 0.000195
0.314822 0.00019875
0.315538 0.00019
0.316253 0.00019125
0.316969 0.00019125
0.317684 0.00018125
0.3184 0.00018125
0.319115 0.00018125
0.319831 0.0001825
0.320546 0.000175
0.321262 0.000175
0.321977 0.00018125
0.322693 0.00018125
0.323408 0.00018125
0.324124 0.00018125
0.324839 0.00018125
0.325555 0.00018125
0.32627 0.00018125
0.326986 0.00018125
0.327702 0.00018125
0.328417 0.00017625
0.329133 0.00017625
0.329848 0.0001775
0.330564 0.0001775
0.331279 0.00017875
0.331995 0.00017875
0.33271 0.00017875
0.333426 0.00017875
0.334141 0.00017625
0.334857 0.00017625
0.335572 0.00017625
0.336288 0.0001775
0.337003 0.0001725
0.337719 0.0001725
0.338434 0.00017375
0.33915 0.00017375
0.339865 0.00017375
0.340581 0.00017375
0.341296 0.00017375
0.342012 0.00017375
0.342727 0.00017375
0.343443 0.00017375
0.344158 0.00017375
0.344874 0.000175
0.345589 0.000175
0.346305 0.000175
0.34702 0.000175
0.347736 0.000175
0.348451 0.00017375
0.349167 0.000175
0.349882 0.00017375
0.350598 0.0001675
0.351313 0.0001675
0.352029 0.0001675
0.352744 0.0001675
0.35346 0.0001675
0.354175 0.0001675
0.354891 0.0001675
0.355606 0.0001675
0.356322 0.0001675
0.357037 0.0001675
0.357753 0.0001675
0.358468 0.0001575
0.359184 0.00015125
0.359899 0.00015125
0.360615 0.000155
0.36133 0.000155
0.362046 0.00015625
0.362761 0.0001575
0.363477 0.0001575
0.364192 0.0001575
0.364908 0.0001575
0.365623 0.0001575
0.366339 0.0001575
0.367054 0.00015625
0.36777 0.00015625
0.368485 0.00016
0.369201 0.00016
0.369916 0.00016
0.370632 0.0001625
0.371347 0.0001625
0.372063 0.0001625
0.372778 0.0001625
0.373494 0.0001625
0.374209 0.0001625
0.374925 0.0001625
0.37564 0.00016125
0.376356 0.00016125
0.377071 0.00016
0.377787 0.0001625
0.378502 0.0001625
0.379218 0.000155
0.379933 0.000155
0.380649 0.000155
0.381364 0.00015875
0.38208 0.00015875
0.382795 0.00016
0.383511 0.00016
0.384226 0.00015875
0.384942 0.00015875
0.385657 0.00015875
0.386373 0.00015875
0.387088 0.00015875
0.387804 0.00015875
0.388519 0.00016125
0.389235 0.0001625
0.38995 0.0001625
0.390666 0.0001625
0.391381 0.0001625
0.392097 0.0001625
0.392813 0.000165
0.393528 0.000165
0.394244 0.00016625
0.394959 0.00016625
0.395675 0.00016625
0.39639 0.00016625
0.397106 0.00016625
0.397821 0.000155
0.398537 0.000155
0.399252 0.000155
0.399968 0.000155
0.400683 0.000155
0.401399 0.000155
0.402114 0.000155
0.40283 0.0001575
0.403545 0.00015875
0.404261 0.00015875
0.404976 0.00015875
0.405692 0.00015875
0.406407 0.00015875
0.407123 0.00015875
0.407838 0.00015875
0.408554 0.00015875
0.409269 0.00015875
0.409985 0.0001525
0.4107 0.0001525
0.411416 0.0001525
0.412131 0.0001525
0.412847 0.0001525
0.413562 0.0001525
0.414278 0.00015
0.414993 0.000145
0.415709 0.000145
0.416424 0.000145
0.41714 0.000145
0.417855 0.000145
0.418571 0.000145
0.419286 0.000145
0.420002 0.000145
0.420717 0.000145
0.421433 0.000145
0.422148 0.00014875
0.422864 0.00014875
0.423579 0.00014125
0.424295 0.0001425
0.42501 0.00014875
0.425726 0.00015
0.426441 0.00015375
0.427157 0.0001475
0.427872 0.0001475
0.428588 0.0001475
0.429303 0.0001475
0.430019 0.0001425
0.430734 0.0001425
0.43145 0.0001425
0.432165 0.0001425
0.432881 0.0001425
0.433596 0.00014375
0.434312 0.00014375
0.435027 0.00014375
0.435743 0.00014375
0.436458 0.00014
0.437174 0.00014
0.437889 0.00014
0.438605 0.00014
0.43932 0.00014
0.440036 0.00014
0.440751 0.00014
0.441467 0.00014125
0.442182 0.00014375
0.442898 0.00014375
0.443613 0.00014375
0.444329 0.00014375
0.445044 0.00014375
0.44576 0.00014375
0.446475 0.00014375
0.447191 0.00014375
0.447906 0.00014375
0.448622 0.00014375
0.449337 0.00014375
0.450053 0.00014375
0.450768 0.00015125
0.451484 0.0001525
0.452199 0.00015
0.452915 0.00015
0.45363 0.00015
0.454346 0.00015
0.455061 0.000145
0.455777 0.000145
0.456492 0.000145
0.457208 0.000145
0.457924 0.000145
0.458639 0.000145
0.459355 0.000145
0.46007 0.000145
0.460786 0.000145
0.461501 0.000145
0.462217 0.00014625
0.462932 0.000145
0.463648 0.00014625
0.464363 0.00014875
0.465079 0.00014625
0.465794 0.000145
0.46651 0.000145
0.467225 0.000145
0.467941 0.000145
0.468656 0.000145
0.469372 0.000145
0.470087 0.000145
0.470803 0.000145
0.471518 0.000145
0.472234 0.000145
0.472949 0.0001475
0.473665 0.0001475
0.47438 0.0001475
0.475096 0.0001475
0.475811 0.0001475
0.476527 0.00013875
0.477242 0.00013875
0.477958 0.00013875
0.478673 0.00013875
0.479389 0.00013875
0.480104 0.00013875
0.48082 0.00013875
0.481535 0.00013625
0.482251 0.00013625
0.482966 0.00013625
0.483682 0.00013625
0.484397 0.00013625
0.485113 0.00013625
0.485828 0.00013625
0.486544 0.0001375
0.487259 0.00013625
0.487975 0.00013625
0.48869 0.00013625
0.489406 0.00013625
0.490121 0.00013625
0.490837 0.00013625
0.491552 0.00013625
0.492268 0.00013625
0.492983 0.00013625
0.493699 0.00013625
0.494414 0.00013625
0.49513 0.00013625
0.495845 0.000135
0.496561 0.0001375
0.497276 0.0001375
0.497992 0.0001375
0.498707 0.0001375
0.499423 0.0001375
0.500138 0.0001375
0.500854 0.0001375
0.501569 0.0001375
0.502285 0.0001375
0.503 0.0001375
0.503716 0.00013625
0.504431 0.00013625
0.505147 0.00013625
0.505862 0.00013625
0.506578 0.0001375
0.507293 0.0001375
0.508009 0.0001375
0.508724 0.0001375
0.50944 0.0001375
0.510155 0.00013125
0.510871 0.00013125
0.511586 0.00013125
0.512302 0.00013125
0.513017 0.00012125
0.513733 0.00012125
0.514448 0.00012125
0.515164 0.00012125
0.515879 0.00012125
0.516595 0.00012125
0.51731 0.00011875
0.518026 0.00011875
0.518741 0.00011875
0.519457 0.00011875
0.520172 0.00011875
0.520888 0.00011875
0.521603 0.00011875
0.522319 0.00011875
0.523035 0.00011875
0.52375 0.00011875
0.524466 0.00012625
0.525181 0.00012625
0.525897 0.00012625
0.526612 0.00012625
0.527328 0.00012625
0.528043 0.00012625
0.528759 0.00012625
0.529474 0.00012625
0.53019 0.00012625
0.530905 0.00012625
0.531621 0.00012625
0.532336 0.00012625
0.533052 0.00012625
0.533767 0.00012125
0.534483 0.00012125
0.535198 0.00012125
0.535914 0.00012125
0.536629 0.0001225
0.537345 0.0001225
0.53806 0.0001225
0.538776 0.0001225
0.539491 0.0001225
0.540207 0.0001225
0.540922 0.0001225
0.541638 0.0001225
0.542353 0.0001225
0.543069 0.0001225
0.543784 0.0001225
0.5445 0.0001225
0.545215 0.0001225
0.545931 0.0001225
0.546646 0.00012125
0.547362 0.00012125
0.548077 0.00012125
0.548793 0.00012125
0.549508 0.00012125
0.550224 0.00012125
0.550939 0.00012125
0.551655 0.00012125
0.55237 0.00012125
0.553086 0.00012125
0.553801 0.00012125
0.554517 0.00012125
0.555232 0.0001225
0.555948 0.0001225
0.556663 0.0001225
0.557379 0.0001225
0.558094 0.00011875
0.55881 0.00011875
0.559525 0.00011875
0.560241 0.00011875
0.560956 0.00011875
0.561672 0.00011875
0.562387 0.0001225
0.563103 0.0001225
0.563818 0.0001225
0.564534 0.00012375
0.565249 0.00012375
0.565965 0.000125
0.56668 0.000125
0.567396 0.000125
0.568111 0.000125
0.568827 0.000125
0.569542 0.000125
0.570258 0.000125
0.570973 0.000125
0.571689 0.000125
0.572404 0.000125
0.57312 0.00012625
0.573835 0.00012625
0.574551 0.00012625
0.575266 0.00012625
0.575982 0.00012625
0.576697 0.000125
0.577413 0.00012
0.578128 0.00012
0.578844 0.00012
0.579559 0.00012
0.580275 0.00012125
0.58099 0.00012125
0.581706 0.00012125
0.582421 0.00012125
0.583137 0.00012125
0.583852 0.00012125
0.584568 0.00012
0.585283 0.00012
0.585999 0.00012
0.586714 0.00012
0.58743 0.00011625
0.588146 0.00011625
0.588861 0.00011625
0.589577 0.00011625
0.590292 0.00011625
0.591008 0.00010875
0.591723 0.00010875
0.592439 0.00010875
0.593154 0.00010875
0.59387 0.00011
0.594585 0.00011
0.595301 0.00011
0.596016 0.00010125
0.596732 0.00010125
0.597447 0.00010125
0.598163 0.00010125
0.598878 0.00010125
0.599594 0.00010125
0.600309 0.00010125
0.601025 0.00010125
0.60174 0.0001
0.602456 0.0001
0.603171 0.0001
0.603887 0.0001
0.604602 0.0001
0.605318 0.0001
0.606033 0.0001
0.606749 0.00010125
0.607464 0.00010125
0.60818 0.00010125
0.608895 0.00010125
0.609611 0.00010125
0.610326 0.00010125
0.611042 0.00010125
0.611757 0.00010125
0.612473 0.00010125
0.613188 0.00010125
0.613904 0.00010125
0.614619 0.00010125
0.615335 0.00010125
0.61605 0.00010125
0.616766 0.0001
0.617481 0.00010125
0.618197 0.00010125
0.618912 0.00010125
0.619628 0.00010125
0.620343 0.00010125
0.621059 0.00010125
0.621774 0.00010125
0.62249 0.00010125
0.623205 0.00010125
0.623921 0.00010125
0.624636 0.00010125
0.625352 0.00010125
0.626067 0.00010125
0.626783 0.00010125
0.627498 0.00010125
0.628214 0.0001
0.628929 0.0001
0.629645 0.0001
0.63036 0.0001
0.631076 0.0001
0.631791 9.875e-05
0.632507 9.875e-05
0.633222 9.875e-05
0.633938 9.875e-05
0.634653 9.875e-05
0.635369 9.875e-05
0.636084 9.875e-05
0.6368 9.875e-05
0.637515 9.875e-05
0.638231 9.875e-05
0.638946 9.875e-05
0.639662 0.0001
0.640377 0.0001
0.641093 0.0001
0.641808 0.0001
0.642524 0.0001
0.643239 0.0001
0.643955 0.0001
0.64467 0.0001
0.645386 9.875e-05
0.646101 9.875e-05
0.646817 9.875e-05
0.647532 9.75e-05
0.648248 9.5e-05
0.648963 9.5e-05
0.649679 9.5e-05
0.650394 9.5e-05
0.65111 9.5e-05
0.651825 9.5e-05
0.652541 9.5e-05
0.653257 9.5e-05
0.653972 9.5e-05
0.654688 9.5e-05
0.655403 9.375e-05
0.656119 9.375e-05
0.656834 9.375e-05
0.65755 9.375e-05
0.658265 9.375e-05
0.658981 9.375e-05
0.659696 9.375e-05
0.660412 9.375e-05
0.661127 9.375e-05
0.661843 9.375e-05
0.662558 9.375e-05
0.663274 9.375e-05
0.663989 9.375e-05
0.664705 9.375e-05
0.66542 9.375e-05
0.666136 9.375e-05
0.666851 9.375e-05
0.667567 9.375e-05
0.668282 9.375e-05
0.668998 9.5e-05
0.669713 9.5e-05
0.670429 9.5e-05
0.671144 9.5e-05
0.67186 9.5e-05
0.672575 9.5e-05
0.673291 9.5e-05
0.674006 9.5e-05
0.674722 9.5e-05
0.675437 9.5e-05
0.676153 9.5e-05
0.676868 9.5e-05
0.677584 9.5e-05
0.678299 9.5e-05
0.679015 9.5e-05
0.67973 9.5e-05
0.680446 9.375e-05
0.681161 9.375e-05
0.681877 9.375e-05
0.682592 9.375e-05
0.683308 9.375e-05
0.684023 9.375e-05
0.684739 9.375e-05
0.685454 9.375e-05
0.68617 9.375e-05
0.686885 9.375e-05
0.687601 9.375e-05
0.688316 9.625e-05
0.689032 9.625e-05
0.689747 9.625e-05
0.690463 9.625e-05
0.691178 9.625e-05
0.691894 9.625e-05
0.692609 9.625e-05
0.693325 9.625e-05
0.69404 9.625e-05
0.694756 9.625e-05
0.695471 9.625e-05
0.696187 9.625e-05
0.696902 9.5e-05
0.697618 9.5e-05
0.698333 9.5e-05
0.699049 9.5e-05
0.699764 9.5e-05
0.70048 9.5e-05
0.701195 9.5e-05
0.701911 9.25e-05
0.702626 9.25e-05
0.703342 9.25e-05
0.704057 9.25e-05
0.704773 9.25e-05
0.705488 9.25e-05
0.706204 9.25e-05
0.706919 9.25e-05
0.707635 9.25e-05
0.70835 9.25e-05
0.709066 9.25e-05
0.709781 9.25e-05
0.710497 9.25e-05
0.711212 9.25e-05
0.711928 9.25e-05
0.712643 9.25e-05
0.713359 9.25e-05
0.714074 9.25e-05
0.71479 9.25e-05
0.715505 9.125e-05
0.716221 9.125e-05
0.716936 9.125e-05
0.717652 9.125e-05
0.718368 9.125e-05
0.719083 9.125e-05
0.719799 9.125e-05
0.720514 9.125e-05
0.72123 9.125e-05
0.721945 9.125e-05
0.722661 9.125e-05
0.723376 9.125e-05
0.724092 9.125e-05
0.724807 9.125e-05
0.725523 8.75e-05
0.726238 8.75e-05
0.726954 8.75e-05
0.727669 8.75e-05
0.728385 8.75e-05
0.7291 8.75e-05
0.729816 8.75e-05
0.730531 8.75e-05
0.731247 8.75e-05
0.731962 8.375e-05
0.732678 8.375e-05
0.733393 8.375e-05
0.734109 8.375e-05
0.734824 8.375e-05
0.73554 8.375e-05
0.736255 8.375e-05
0.736971 8.25e-05
0.737686 8.25e-05
0.738402 8.25e-05
0.739117 8.25e-05
0.739833 8.25e-05
0.740548 8.25e-05
0.741264 8.25e-05
0.741979 8.25e-05
0.742695 8.25e-05
0.74341 8.375e-05
0.744126 8.375e-05
0.744841 8.375e-05
0.745557 8.25e-05
0.746272 8.25e-05
0.746988 8.25e-05
0.747703 8.25e-05
0.748419 8.25e-05
0.749134 8.25e-05
0.74985 8.25e-05
0.750565 8.25e-05
0.751281 8.25e-05
0.751996 8.25e-05
0.752712 8.25e-05
0.753427 8.25e-05
0.754143 8.125e-05
0.754858 8.125e-05
0.755574 8.125e-05
0.756289 8.125e-05
0.757005 8.125e-05
0.75772 8.125e-05
0.758436 8.125e-05
0.759151 8.125e-05
0.759867 8.125e-05
0.760582 8.125e-05
0.761298 8.125e-05
0.762013 8.125e-05
0.762729 8.125e-05
0.763444 8.125e-05
0.76416 8.125e-05
0.764875 8.125e-05
0.765591 8.125e-05
0.766306 8.25e-05
0.767022 8e-05
0.767737 8e-05
0.768453 8e-05
0.769168 8e-05
0.769884 8.125e-05
0.770599 8.125e-05
0.771315 8.125e-05
0.77203 8.125e-05
0.772746 8.125e-05
0.773461 8.125e-05
0.774177 8.125e-05
0.774892 8.125e-05
0.775608 8.125e-05
0.776323 8.125e-05
0.777039 8.125e-05
0.777754 8.125e-05
0.77847 8e-05
0.779185 8e-05
0.779901 8e-05
0.780616 8e-05
0.781332 8e-05
0.782047 8e-05
0.782763 8e-05
0.783479 8e-05
0.784194 8e-05
0.78491 8e-05
0.785625 8e-05
0.786341 8e-05
0.787056 8e-05
0.787772 8e-05
0.788487 8e-05
0.789203 8.125e-05
0.789918 8.125e-05
0.790634 8.125e-05
0.791349 8.125e-05
0.792065 8.125e-05
0.79278 8.125e-05
0.793496 8.125e-05
0.794211 8.125e-05
0.794927 7.875e-05
0.795642 7.875e-05
0.796358 7.875e-05
0.797073 7.875e-05
0.797789 7.875e-05
0.798504 7.875e-05
0.79922 7.875e-05
0.799935 7.875e-05
0.800651 7.875e-05
0.801366 7.75e-05
0.802082 7.625e-05
0.802797 7.625e-05
0.803513 7.625e-05
0.804228 7.625e-05
0.804944 7.625e-05
0.805659 7.625e-05
0.806375 7.625e-05
0.80709 7.875e-05
0.807806 7.75e-05
0.808521 7.75e-05
0.809237 7.75e-05
0.809952 7.75e-05
0.810668 7.75e-05
0.811383 7.75e-05
0.812099 7.875e-05
0.812814 7.875e-05
0.81353 7.875e-05
0.814245 7.875e-05
0.814961 7.875e-05
0.815676 7.875e-05
0.816392 7.875e-05
0.817107 7.875e-05
0.817823 7.5e-05
0.818538 7.5e-05
0.819254 7.5e-05
0.819969 7.5e-05
0.820685 7.5e-05
0.8214 7.375e-05
0.822116 7.375e-05
0.822831 7.375e-05
0.823547 7.375e-05
0.824262 7.375e-05
0.824978 7.375e-05
0.825693 7.25e-05
0.826409 7.25e-05
0.827124 7.25e-05
0.82784 7.125e-05
0.828555 7.5e-05
0.829271 7.5e-05
0.829986 7.5e-05
0.830702 7.5e-05
0.831417 7.25e-05
0.832133 7.25e-05
0.832848 7.25e-05
0.833564 7.25e-05
0.834279 7.25e-05
0.834995 7.125e-05
0.83571 7.125e-05
0.836426 7.125e-05
0.837141 7.125e-05
0.837857 7.125e-05
0.838572 7e-05
0.839288 7e-05
0.840003 7e-05
0.840719 6.625e-05
0.841434 6.625e-05
0.84215 6.625e-05
0.842865 6.625e-05
0.843581 6.75e-05
0.844296 6.875e-05
0.845012 6.875e-05
0.845727 6.875e-05
0.846443 6.875e-05
0.847158 6.875e-05
0.847874 6.875e-05
0.84859 6.875e-05
0.849305 6.875e-05
0.850021 6.875e-05
0.850736 6.875e-05
0.851452 6.875e-05
0.852167 6.875e-05
0.852883 6.875e-05
0.853598 6.875e-05
0.854314 6.875e-05
0.855029 6.875e-05
0.855745 6.875e-05
0.85646 6.875e-05
0.857176 6.875e-05
0.857891 6.875e-05
0.858607 6.875e-05
0.859322 6.875e-05
0.860038 6.875e-05
0.860753 6.875e-05
0.861469 6.875e-05
0.862184 6.875e-05
0.8629 6.875e-05
0.863615 6.875e-05
0.864331 6.875e-05
0.865046 6.875e-05
0.865762 6.875e-05
0.866477 6.875e-05
0.867193 6.875e-05
0.867908 6.875e-05
0.868624 6.875e-05
0.869339 6.875e-05
0.870055 6.875e-05
0.87077 6.875e-05
0.871486 6.625e-05
0.872201 6.625e-05
0.872917 6.625e-05
0.873632 6.625e-05
0.874348 6.625e-05
0.875063 6.375e-05
0.875779 6.375e-05
0.876494 6.375e-05
0.87721 6.375e-05
0.877925 6.375e-05
0.878641 6.375e-05
0.879356 6.375e-05
0.880072 6.375e-05
0.880787 6.25e-05
0.881503 6.25e-05
0.882218 6.25e-05
0.882934 6.25e-05
0.883649 6.25e-05
0.884365 6.25e-05
0.88508 6.25e-05
0.885796 6.25e-05
0.886511 6.25e-05
0.887227 6.5e-05
0.887942 6.5e-05
0.888658 6.5e-05
0.889373 6.5e-05
0.890089 6.5e-05
0.890804 6.5e-05
0.89152 6.5e-05
0.892235 6.5e-05
0.892951 6.5e-05
0.893666 6.5e-05
0.894382 6.5e-05
0.895097 6.5e-05
0.895813 6.5e-05
0.896528 6.375e-05
0.897244 6.375e-05
0.897959 6.375e-05
0.898675 6.375e-05
0.89939 6.375e-05
0.900106 6.375e-05
0.900821 6e-05
0.901537 6e-05
0.902252 5.75e-05
0.902968 5.75e-05
0.903683 5.75e-05
0.904399 5.75e-05
0.905114 5.75e-05
0.90583 5.75e-05
0.906545 5.75e-05
0.907261 5.75e-05
0.907976 5.75e-05
0.908692 5.75e-05
0.909407 5.625e-05
0.910123 5.625e-05
0.910838 5.625e-05
0.911554 5.625e-05
0.912269 5.625e-05
0.912985 5.625e-05
0.9137 5.625e-05
0.914416 5.625e-05
0.915132 5.625e-05
0.915847 5.5e-05
0.916563 5.5e-05
0.917278 5.5e-05
0.917994 5.5e-05
0.918709 5.5e-05
0.919425 5.5e-05
0.92014 5.375e-05
0.920856 5.375e-05
0.921571 5.375e-05
0.922287 5.375e-05
0.923002 5.375e-05
0.923718 5.375e-05
0.924433 5.375e-05
0.925149 5e-05
0.925864 5e-05
0.92658 5e-05
0.927295 5e-05
0.928011 5e-05
0.928726 5e-05
0.929442 5e-05
0.930157 5e-05
0.930873 5e-05
0.931588 5e-05
0.932304 5e-05
0.933019 5e-05
0.933735 5e-05
0.93445 5e-05
0.935166 5e-05
0.935881 5e-05
0.936597 5e-05
0.937312 5e-05
0.938028 5e-05
0.938743 5.125e-05
0.939459 5.125e-05
0.940174 5.125e-05
0.94089 5.125e-05
0.941605 5.125e-05
0.942321 5.125e-05
0.943036 5.125e-05
0.943752 5.125e-05
0.944467 5.125e-05
0.945183 5.125e-05
0.945898 5.125e-05
0.946614 5.125e-05
0.947329 5.125e-05
0.948045 5.125e-05
0.94876 5.125e-05
0.949476 5.125e-05
0.950191 5e-05
0.950907 5e-05
0.951622 4.875e-05
0.952338 4.875e-05
0.953053 4.75e-05
0.953769 4.75e-05
0.954484 4.625e-05
0.9552 4.625e-05
0.955915 4.625e-05
0.956631 4.25e-05
0.957346 4.25e-05
0.958062 4.25e-05
0.958777 4.25e-05
0.959493 4.25e-05
0.960208 4.25e-05
0.960924 4.25e-05
0.961639 4.25e-05
0.962355 4.25e-05
0.96307 4.25e-05
0.963786 4.25e-05
0.964501 4.25e-05
0.965217 4.25e-05
0.965932 4.25e-05
0.966648 4e-05
0.967363 4e-05
0.968079 4.125e-05
0.968794 4.125e-05
0.96951 4.125e-05
0.970225 4.125e-05
0.970941 4e-05
0.971656 4e-05
0.972372 4e-05
0.973087 4e-05
0.973803 3.875e-05
0.974518 3.875e-05
0.975234 3.875e-05
0.975949 3.875e-05
0.976665 3.5e-05
0.97738 3.375e-05
0.978096 3.375e-05
0.978811 3.375e-05
0.979527 3.375e-05
0.980243 3.375e-05
0.980958 3.375e-05
0.981674 3.375e-05
0.982389 3.125e-05
0.983105 3.125e-05
0.98382 3.125e-05
0.984536 3e-05
0.985251 3e-05
0.985967 3e-05
0.986682 2.875e-05
0.987398 2.875e-05
0.988113 2.75e-05
0.988829 2.375e-05
0.989544 2.375e-05
0.99026 2.25e-05
0.990975 2.125e-05
0.991691 2.125e-05
0.992406 2.125e-05
0.993122 2.125e-05
0.993837 1.875e-05
0.994553 1.75e-05
0.995268 1.625e-05
0.995984 1.375e-05
0.996699 1.25e-05
0.997415 2.5e-06
0.99813 2.5e-06
0.998846 1.25e-06
0.999561 1.25e-06
