0 9.375e-05
0.000373623 0.00019125
0.000747246 0.00039
0.00112087 0.00081625
0.00149449 0.00137375
0.00186812 0.00228875
0.00224174 0.0028275
0.00261536 0.0035425
0.00298899 0.00417625
0.00336261 0.00479125
0.00373623 0.0053875
0.00410986 0.0061725
0.00448348 0.0069725
0.0048571 0.00769
0.00523072 0.00838375
0.00560435 0.00909375
0.00597797 0.0099325
0.00635159 0.0107312
0.00672522 0.01157
0.00709884 0.0123825
0.00747246 0.0132838
0.00784609 0.0141712
0.00821971 0.0150887
0.00859333 0.0159612
0.00896696 0.0167762
0.00934058 0.0177075
0.0097142 0.0185988
0.0100878 0.0195
0.0104614 0.0203725
0.0108351 0.0212938
0.0112087 0.0221987
0.0115823 0.0230662
0.0119559 0.0240275
0.0123296 0.0249475
0.0127032 0.0259363
0.0130768 0.02692
0.0134504 0.0278012
0.0138241 0.0286975
0.0141977 0.0296513
0.0145713 0.0305862
0.0149449 0.0315737
0.0153186 0.032515
0.0156922 0.033495
0.0160658 0.03456
0.0164394 0.0355275
0.016813 0.0364263
0.0171867 0.0373037
0.0175603 0.0382137
0.0179339 0.0392388
0.0183075 0.040205
0.0186812 0.0411788
0.0190548 0.0421875
0.0194284 0.04313
0.019802 0.0441088
0.0201757 0.0451325
0.0205493 0.0462038
0.0209229 0.0472
0.0212965 0.048135
0.0216701 0.049055
0.0220438 0.0500312
0.0224174 0.0510012
0.022791 0.0519662
0.0231646 0.0529112
0.0235383 0.05389
0.0239119 0.0547812
0.0242855 0.0557537
0.0246591 0.0567413
0.0250328 0.0577125
0.0254064 0.0587288
0.02578 0.0597237
0.0261536 0.0607963
0.0265272 0.0617612
0.0269009 0.0627412
0.0272745 0.06377
0.0276481 0.0648225
0.0280217 0.0658362
0.0283954 0.0667637
0.028769 0.0677688
0.0291426 0.0688138
0.0295162 0.0698412
0.0298899 0.0707538
0.0302635 0.0717425
0.0306371 0.0726988
0.0310107 0.0736762
0.0313843 0.0746675
0.031758 0.0755725
0.0321316 0.0765013
0.0325052 0.0774813
0.0328788 0.0785075
0.0332525 0.0794887
0.0336261 0.0805425
0.0339997 0.0815412
0.0343733 0.08251
0.034747 0.0835262
0.0351206 0.0845087
0.0354942 0.0855038
0.0358678 0.0864825
0.0362415 0.0875575
0.0366151 0.08845
0.0369887 0.0895075
0.0373623 0.0905125
0.0377359 0.09151
0.0381096 0.0924588
0.0384832 0.0934337
0.0388568 0.09444
0.0392304 0.0954025
0.0396041 0.0963413
0.0399777 0.0973312
0.0403513 0.0982512
0.0407249 0.0992775
0.0410986 0.10027
0.0414722 0.101282
0.0418458 0.102307
0.0422194 0.103281
0.042593 0.104314
0.0429667 0.105267
0.0433403 0.106307
0.0437139 0.107241
0.0440875 0.108241
0.0444612 0.109211
0.0448348 0.11018
0.0452084 0.111177
0.045582 0.112205
0.0459557 0.113226
0.0463293 0.114261
0.0467029 0.115241
0.0470765 0.116135
0.0474501 0.117144
0.0478238 0.118229
0.0481974 0.119193
0.048571 0.120204
0.0489446 0.12127
0.0493183 0.122264
0.0496919 0.12334
0.0500655 0.12434
0.0504391 0.12528
0.0508128 0.12622
0.0511864 0.127209
0.05156 0.128125
0.0519336 0.129139
0.0523072 0.130111
0.0526809 0.131036
0.0530545 0.13205
0.0534281 0.132986
0.0538017 0.134032
0.0541754 0.134976
0.054549 0.135941
0.0549226 0.136878
0.0552962 0.137829
0.0556699 0.138819
0.0560435 0.13976
0.0564171 0.140758
0.0567907 0.141726
0.0571643 0.14267
0.057538 0.14365
0.0579116 0.144696
0.0582852 0.145684
0.0586588 0.146627
0.0590325 0.147586
0.0594061 0.148565
0.0597797 0.149526
0.0601533 0.150466
0.060527 0.151395
0.0609006 0.152356
0.0612742 0.153303
0.0616478 0.154257
0.0620215 0.15514
0.0623951 0.156105
0.0627687 0.157066
0.0631423 0.157982
0.0635159 0.158958
0.0638896 0.159928
0.0642632 0.16088
0.0646368 0.161874
0.0650104 0.162845
0.0653841 0.163794
0.0657577 0.164727
0.0661313 0.165731
0.0665049 0.16665
0.0668786 0.167599
0.0672522 0.168552
0.0676258 0.169479
0.0679994 0.170434
0.068373 0.171396
0.0687467 0.172329
0.0691203 0.173316
0.0694939 0.1743
0.0698675 0.175248
0.0702412 0.176129
0.0706148 0.177111
0.0709884 0.178066
0.071362 0.179017
0.0717357 0.18002
0.0721093 0.180911
0.0724829 0.181846
0.0728565 0.182773
0.0732301 0.183698
0.0736038 0.18464
0.0739774 0.185546
0.074351 0.18651
0.0747246 0.187414
0.0750983 0.188342
0.0754719 0.1893
0.0758455 0.190219
0.0762191 0.191101
0.0765928 0.19203
0.0769664 0.192929
0.07734 0.193814
0.0777136 0.194706
0.0780872 0.195624
0.0784609 0.196603
0.0788345 0.197521
0.0792081 0.198439
0.0795817 0.199352
0.0799554 0.200244
0.080329 0.20114
0.0807026 0.202019
0.0810762 0.202901
0.0814499 0.203818
0.0818235 0.204825
0.0821971 0.205769
0.0825707 0.20671
0.0829444 0.207621
0.083318 0.208549
0.0836916 0.209481
0.0840652 0.21038
0.0844388 0.211267
0.0848125 0.212191
0.0851861 0.213129
0.0855597 0.214006
0.0859333 0.214948
0.086307 0.215849
0.0866806 0.216705
0.0870542 0.217629
0.0874278 0.218598
0.0878015 0.21945
0.0881751 0.220334
0.0885487 0.221236
0.0889223 0.222139
0.0892959 0.223043
0.0896696 0.223905
0.0900432 0.224802
0.0904168 0.225701
0.0907904 0.226637
0.0911641 0.227557
0.0915377 0.228403
0.0919113 0.229272
0.0922849 0.230148
0.0926586 0.231044
0.0930322 0.231894
0.0934058 0.232796
0.0937794 0.233673
0.094153 0.234574
0.0945267 0.235474
0.0949003 0.23635
0.0952739 0.237228
0.0956475 0.238181
0.0960212 0.23903
0.0963948 0.239901
0.0967684 0.240864
0.097142 0.241715
0.0975157 0.242589
0.0978893 0.24353
0.0982629 0.244414
0.0986365 0.24528
0.0990101 0.246115
0.0993838 0.247005
0.0997574 0.247809
0.100131 0.248707
0.100505 0.24961
0.100878 0.25045
0.101252 0.251275
0.101626 0.252119
0.101999 0.253038
0.102373 0.253945
0.102746 0.254848
0.10312 0.255806
0.103494 0.256649
0.103867 0.257522
0.104241 0.258405
0.104614 0.259279
0.104988 0.260084
0.105362 0.260947
0.105735 0.261785
0.106109 0.262653
0.106483 0.26351
0.106856 0.264365
0.10723 0.265275
0.107603 0.266146
0.107977 0.266973
0.108351 0.267835
0.108724 0.268736
0.109098 0.269519
0.109472 0.27035
0.109845 0.271239
0.110219 0.272086
0.110592 0.272979
0.110966 0.27387
0.11134 0.274729
0.111713 0.275515
0.112087 0.276409
0.112461 0.277247
0.112834 0.278073
0.113208 0.278913
0.113581 0.279704
0.113955 0.280517
0.114329 0.281317
0.114702 0.282165
0.115076 0.282984
0.11545 0.283814
0.115823 0.284579
0.116197 0.285424
0.11657 0.286282
0.116944 0.287115
0.117318 0.287977
0.117691 0.288797
0.118065 0.289636
0.118439 0.290464
0.118812 0.291256
0.119186 0.29208
0.119559 0.292893
0.119933 0.293721
0.120307 0.294527
0.12068 0.295361
0.121054 0.296219
0.121428 0.297046
0.121801 0.297874
0.122175 0.298675
0.122548 0.299516
0.122922 0.300303
0.123296 0.301169
0.123669 0.301959
0.124043 0.302766
0.124417 0.303561
0.12479 0.304416
0.125164 0.305233
0.125537 0.30609
0.125911 0.306932
0.126285 0.30779
0.126658 0.308626
0.127032 0.30945
0.127406 0.310261
0.127779 0.311142
0.128153 0.311966
0.128526 0.312823
0.1289 0.313623
0.129274 0.314429
0.129647 0.315205
0.130021 0.31597
0.130394 0.31682
0.130768 0.317669
0.131142 0.318529
0.131515 0.319329
0.131889 0.320179
0.132263 0.320962
0.132636 0.321715
0.13301 0.322526
0.133383 0.323313
0.133757 0.324119
0.134131 0.324864
0.134504 0.325585
0.134878 0.326389
0.135252 0.327229
0.135625 0.328056
0.135999 0.328798
0.136372 0.329575
0.136746 0.330371
0.13712 0.33112
0.137493 0.331936
0.137867 0.332739
0.138241 0.333489
0.138614 0.334357
0.138988 0.335121
0.139361 0.335927
0.139735 0.336687
0.140109 0.337489
0.140482 0.338279
0.140856 0.338998
0.14123 0.339761
0.141603 0.340492
0.141977 0.341278
0.14235 0.342094
0.142724 0.342869
0.143098 0.343599
0.143471 0.344394
0.143845 0.34511
0.144219 0.34588
0.144592 0.346619
0.144966 0.347405
0.145339 0.348091
0.145713 0.348824
0.146087 0.349646
0.14646 0.350414
0.146834 0.351143
0.147208 0.351891
0.147581 0.352705
0.147955 0.353485
0.148328 0.354275
0.148702 0.355077
0.149076 0.355843
0.149449 0.356662
0.149823 0.357429
0.150197 0.358179
0.15057 0.358953
0.150944 0.359706
0.151317 0.360419
0.151691 0.3612
0.152065 0.36191
0.152438 0.362675
0.152812 0.363404
0.153186 0.364166
0.153559 0.364906
0.153933 0.365669
0.154306 0.366395
0.15468 0.367098
0.155054 0.367868
0.155427 0.368582
0.155801 0.369301
0.156174 0.370032
0.156548 0.370801
0.156922 0.371545
0.157295 0.372291
0.157669 0.373085
0.158043 0.373809
0.158416 0.374642
0.15879 0.375305
0.159163 0.37602
0.159537 0.376789
0.159911 0.377546
0.160284 0.378309
0.160658 0.379078
0.161032 0.379855
0.161405 0.380585
0.161779 0.381334
0.162152 0.382016
0.162526 0.38269
0.1629 0.383493
0.163273 0.384261
0.163647 0.384987
0.164021 0.385728
0.164394 0.386408
0.164768 0.387115
0.165141 0.387869
0.165515 0.38862
0.165889 0.389361
0.166262 0.390086
0.166636 0.390804
0.16701 0.391487
0.167383 0.39228
0.167757 0.393005
0.16813 0.393753
0.168504 0.394496
0.168878 0.395236
0.169251 0.396002
0.169625 0.396711
0.169999 0.397392
0.170372 0.398122
0.170746 0.398925
0.171119 0.399656
0.171493 0.400366
0.171867 0.401084
0.17224 0.401864
0.172614 0.40258
0.172988 0.403294
0.173361 0.40401
0.173735 0.404709
0.174108 0.405431
0.174482 0.406083
0.174856 0.4068
0.175229 0.407545
0.175603 0.408319
0.175977 0.408991
0.17635 0.409689
0.176724 0.410434
0.177097 0.411159
0.177471 0.41189
0.177845 0.412689
0.178218 0.413409
0.178592 0.414111
0.178966 0.414831
0.179339 0.415524
0.179713 0.416205
0.180086 0.416884
0.18046 0.41762
0.180834 0.418241
0.181207 0.418934
0.181581 0.41962
0.181954 0.420321
0.182328 0.420971
0.182702 0.421711
0.183075 0.422416
0.183449 0.423081
0.183823 0.423755
0.184196 0.424517
0.18457 0.425234
0.184943 0.425914
0.185317 0.426723
0.185691 0.42743
0.186064 0.428117
0.186438 0.428856
0.186812 0.429514
0.187185 0.430251
0.187559 0.430966
0.187932 0.431659
0.188306 0.432371
0.18868 0.433055
0.189053 0.433764
0.189427 0.43448
0.189801 0.435131
0.190174 0.435821
0.190548 0.436526
0.190921 0.43719
0.191295 0.43787
0.191669 0.438596
0.192042 0.439308
0.192416 0.439989
0.19279 0.440666
0.193163 0.441327
0.193537 0.442009
0.19391 0.442736
0.194284 0.443444
0.194658 0.44412
0.195031 0.444823
0.195405 0.445491
0.195779 0.446173
0.196152 0.446848
0.196526 0.447484
0.196899 0.448166
0.197273 0.448879
0.197647 0.449562
0.19802 0.450157
0.198394 0.450833
0.198768 0.451497
0.199141 0.452084
0.199515 0.452786
0.199888 0.453477
0.200262 0.454176
0.200636 0.454891
0.201009 0.455604
0.201383 0.456324
0.201757 0.456981
0.20213 0.45767
0.202504 0.458367
0.202877 0.459016
0.203251 0.459681
0.203625 0.460316
0.203998 0.461029
0.204372 0.461687
0.204746 0.462369
0.205119 0.463025
0.205493 0.463696
0.205866 0.464326
0.20624 0.464955
0.206614 0.465597
0.206987 0.46627
0.207361 0.46688
0.207734 0.467576
0.208108 0.468211
0.208482 0.468834
0.208855 0.469494
0.209229 0.470201
0.209603 0.470903
0.209976 0.471574
0.21035 0.472197
0.210723 0.472806
0.211097 0.473423
0.211471 0.474075
0.211844 0.474696
0.212218 0.475334
0.212592 0.475926
0.212965 0.476555
0.213339 0.477206
0.213712 0.477915
0.214086 0.478554
0.21446 0.47923
0.214833 0.479863
0.215207 0.480488
0.215581 0.481112
0.215954 0.481786
0.216328 0.48242
0.216701 0.483081
0.217075 0.483735
0.217449 0.484419
0.217822 0.485048
0.218196 0.485671
0.21857 0.486311
0.218943 0.486986
0.219317 0.487651
0.21969 0.488264
0.220064 0.488864
0.220438 0.489514
0.220811 0.490164
0.221185 0.490793
0.221559 0.491488
0.221932 0.492158
0.222306 0.49277
0.222679 0.493403
0.223053 0.494038
0.223427 0.494644
0.2238 0.495254
0.224174 0.495847
0.224548 0.496432
0.224921 0.497095
0.225295 0.497721
0.225668 0.498333
0.226042 0.498931
0.226416 0.499519
0.226789 0.500162
0.227163 0.500771
0.227537 0.501359
0.22791 0.502045
0.228284 0.50265
0.228657 0.503231
0.229031 0.503827
0.229405 0.504458
0.229778 0.505061
0.230152 0.505666
0.230526 0.506311
0.230899 0.506911
0.231273 0.507504
0.231646 0.508055
0.23202 0.508633
0.232394 0.509301
0.232767 0.50991
0.233141 0.510525
0.233514 0.511136
0.233888 0.511749
0.234262 0.512374
0.234635 0.512965
0.235009 0.513559
0.235383 0.514161
0.235756 0.514785
0.23613 0.515389
0.236503 0.516059
0.236877 0.51665
0.237251 0.517286
0.237624 0.517909
0.237998 0.518502
0.238372 0.519097
0.238745 0.519663
0.239119 0.520265
0.239492 0.520841
0.239866 0.521481
0.24024 0.522062
0.240613 0.522652
0.240987 0.523239
0.241361 0.523872
0.241734 0.524493
0.242108 0.52512
0.242481 0.525693
0.242855 0.526286
0.243229 0.526831
0.243602 0.527408
0.243976 0.528042
0.24435 0.52869
0.244723 0.529232
0.245097 0.529816
0.24547 0.53038
0.245844 0.530984
0.246218 0.531584
0.246591 0.532157
0.246965 0.532752
0.247339 0.533295
0.247712 0.533876
0.248086 0.534464
0.248459 0.5351
0.248833 0.53571
0.249207 0.536323
0.24958 0.5369
0.249954 0.53749
0.250328 0.53805
0.250701 0.538632
0.251075 0.539238
0.251448 0.539805
0.251822 0.540401
0.252196 0.540945
0.252569 0.541502
0.252943 0.542075
0.253317 0.542687
0.25369 0.543291
0.254064 0.543845
0.254437 0.544379
0.254811 0.544975
0.255185 0.545575
0.255558 0.546172
0.255932 0.546697
0.256306 0.547276
0.256679 0.547875
0.257053 0.548439
0.257426 0.549034
0.2578 0.549612
0.258174 0.550196
0.258547 0.550779
0.258921 0.551391
0.259294 0.551972
0.259668 0.552529
0.260042 0.553064
0.260415 0.553614
0.260789 0.554203
0.261163 0.55479
0.261536 0.55535
0.26191 0.55593
0.262283 0.556455
0.262657 0.557018
0.263031 0.557617
0.263404 0.55813
0.263778 0.558704
0.264152 0.55927
0.264525 0.559825
0.264899 0.560357
0.265272 0.560893
0.265646 0.561458
0.26602 0.562004
0.266393 0.562536
0.266767 0.563083
0.267141 0.563684
0.267514 0.564256
0.267888 0.564828
0.268261 0.565365
0.268635 0.565931
0.269009 0.566477
0.269382 0.567019
0.269756 0.567568
0.27013 0.568104
0.270503 0.568653
0.270877 0.569206
0.27125 0.569745
0.271624 0.570291
0.271998 0.570851
0.272371 0.571398
0.272745 0.571939
0.273119 0.572518
0.273492 0.573071
0.273866 0.57363
0.274239 0.57413
0.274613 0.574667
0.274987 0.575239
0.27536 0.575778
0.275734 0.576331
0.276108 0.576894
0.276481 0.577474
0.276855 0.578015
0.277228 0.578562
0.277602 0.57908
0.277976 0.579655
0.278349 0.58026
0.278723 0.580812
0.279097 0.581365
0.27947 0.581924
0.279844 0.582483
0.280217 0.583006
0.280591 0.583592
0.280965 0.58412
0.281338 0.584641
0.281712 0.585193
0.282086 0.5857
0.282459 0.586322
0.282833 0.586895
0.283206 0.587465
0.28358 0.587984
0.283954 0.588556
0.284327 0.589101
0.284701 0.589603
0.285075 0.590134
0.285448 0.59068
0.285822 0.591215
0.286195 0.591761
0.286569 0.59227
0.286943 0.592804
0.287316 0.593339
0.28769 0.593816
0.288063 0.59434
0.288437 0.594867
0.288811 0.595392
0.289184 0.595928
0.289558 0.596416
0.289932 0.596986
0.290305 0.597484
0.290679 0.598015
0.291052 0.598564
0.291426 0.599101
0.2918 0.599633
0.292173 0.600152
0.292547 0.600684
0.292921 0.6012
0.293294 0.601725
0.293668 0.60224
0.294041 0.602735
0.294415 0.603249
0.294789 0.603753
0.295162 0.604265
0.295536 0.604765
0.29591 0.605259
0.296283 0.605797
0.296657 0.606321
0.29703 0.606858
0.297404 0.607385
0.297778 0.607936
0.298151 0.608441
0.298525 0.608981
0.298899 0.6095
0.299272 0.609989
0.299646 0.610476
0.300019 0.61095
0.300393 0.611465
0.300767 0.612016
0.30114 0.61257
0.301514 0.613066
0.301888 0.613591
0.302261 0.614147
0.302635 0.614669
0.303008 0.615159
0.303382 0.615688
0.303756 0.61622
0.304129 0.616731
0.304503 0.617231
0.304877 0.61774
0.30525 0.618279
0.305624 0.618762
0.305997 0.619251
0.306371 0.619771
0.306745 0.620294
0.307118 0.620783
0.307492 0.621287
0.307866 0.621903
0.308239 0.622425
0.308613 0.622958
0.308986 0.623435
0.30936 0.623979
0.309734 0.624446
0.310107 0.624909
0.310481 0.62546
0.310855 0.625957
0.311228 0.626506
0.311602 0.627005
0.311975 0.627498
0.312349 0.627991
0.312723 0.628479
0.313096 0.628996
0.31347 0.629476
0.313843 0.630006
0.314217 0.630528
0.314591 0.631023
0.314964 0.631448
0.315338 0.631921
0.315712 0.632397
0.316085 0.632885
0.316459 0.633355
0.316832 0.633875
0.317206 0.634376
0.31758 0.6349
0.317953 0.635409
0.318327 0.635857
0.318701 0.636354
0.319074 0.636835
0.319448 0.637309
0.319821 0.637815
0.320195 0.63832
0.320569 0.6388
0.320942 0.639296
0.321316 0.639779
0.32169 0.640238
0.322063 0.640706
0.322437 0.6412
0.32281 0.641716
0.323184 0.642153
0.323558 0.642602
0.323931 0.64308
0.324305 0.643571
0.324679 0.644036
0.325052 0.644537
0.325426 0.645041
0.325799 0.645486
0.326173 0.645977
0.326547 0.646451
0.32692 0.646916
0.327294 0.647406
0.327668 0.647889
0.328041 0.648397
0.328415 0.648857
0.328788 0.64935
0.329162 0.649781
0.329536 0.650279
0.329909 0.650755
0.330283 0.651189
0.330657 0.651676
0.33103 0.652149
0.331404 0.652567
0.331777 0.65304
0.332151 0.653499
0.332525 0.654007
0.332898 0.654495
0.333272 0.654949
0.333646 0.655401
0.334019 0.65589
0.334393 0.656359
0.334766 0.656829
0.33514 0.65728
0.335514 0.657719
0.335887 0.658134
0.336261 0.658564
0.336635 0.659006
0.337008 0.659481
0.337382 0.659977
0.337755 0.660443
0.338129 0.660892
0.338503 0.66135
0.338876 0.661834
0.33925 0.662261
0.339623 0.662729
0.339997 0.663141
0.340371 0.663637
0.340744 0.664127
0.341118 0.664562
0.341492 0.665089
0.341865 0.665582
0.342239 0.666007
0.342612 0.666464
0.342986 0.666901
0.34336 0.667385
0.343733 0.667859
0.344107 0.668326
0.344481 0.668779
0.344854 0.669253
0.345228 0.669725
0.345601 0.670146
0.345975 0.670621
0.346349 0.671098
0.346722 0.671514
0.347096 0.671944
0.34747 0.672421
0.347843 0.67289
0.348217 0.673318
0.34859 0.673781
0.348964 0.674254
0.349338 0.674693
0.349711 0.675144
0.350085 0.675574
0.350459 0.676004
0.350832 0.676455
0.351206 0.676879
0.351579 0.67734
0.351953 0.677743
0.352327 0.678203
0.3527 0.678646
0.353074 0.679066
0.353448 0.679493
0.353821 0.679901
0.354195 0.68041
0.354568 0.68089
0.354942 0.681366
0.355316 0.681787
0.355689 0.682262
0.356063 0.682694
0.356437 0.683136
0.35681 0.683559
0.357184 0.683967
0.357557 0.684383
0.357931 0.684844
0.358305 0.685288
0.358678 0.68573
0.359052 0.686157
0.359426 0.68661
0.359799 0.687048
0.360173 0.687511
0.360546 0.687974
0.36092 0.688447
0.361294 0.68889
0.361667 0.689326
0.362041 0.689762
0.362415 0.69019
0.362788 0.690658
0.363162 0.69105
0.363535 0.691468
0.363909 0.69195
0.364283 0.692403
0.364656 0.692847
0.36503 0.693265
0.365403 0.69368
0.365777 0.694109
0.366151 0.694556
0.366524 0.694994
0.366898 0.695394
0.367272 0.695859
0.367645 0.696275
0.368019 0.696689
0.368392 0.697139
0.368766 0.697564
0.36914 0.698025
0.369513 0.698464
0.369887 0.698852
0.370261 0.699261
0.370634 0.699675
0.371008 0.700125
0.371381 0.700534
0.371755 0.700949
0.372129 0.701365
0.372502 0.701789
0.372876 0.702252
0.37325 0.7027
0.373623 0.703126
0.373997 0.703566
0.37437 0.70398
0.374744 0.7044
0.375118 0.704808
0.375491 0.70521
0.375865 0.705632
0.376239 0.706025
0.376612 0.70643
0.376986 0.706905
0.377359 0.70733
0.377733 0.707734
0.378107 0.708145
0.37848 0.708561
0.378854 0.708971
0.379228 0.709392
0.379601 0.709796
0.379975 0.710214
0.380348 0.710646
0.380722 0.711055
0.381096 0.711448
0.381469 0.71185
0.381843 0.712268
0.382217 0.712699
0.38259 0.713144
0.382964 0.713529
0.383337 0.713921
0.383711 0.714325
0.384085 0.714746
0.384458 0.715144
0.384832 0.715544
0.385206 0.715964
0.385579 0.716389
0.385953 0.716793
0.386326 0.717191
0.3867 0.7176
0.387074 0.71803
0.387447 0.71842
0.387821 0.718812
0.388195 0.719221
0.388568 0.719646
0.388942 0.720037
0.389315 0.720421
0.389689 0.720823
0.390063 0.721229
0.390436 0.721645
0.39081 0.72205
0.391183 0.722441
0.391557 0.722854
0.391931 0.72327
0.392304 0.723699
0.392678 0.724096
0.393052 0.72449
0.393425 0.724884
0.393799 0.725276
0.394172 0.725681
0.394546 0.726108
0.39492 0.726499
0.395293 0.726939
0.395667 0.727334
0.396041 0.727761
0.396414 0.728213
0.396788 0.728604
0.397161 0.728991
0.397535 0.729394
0.397909 0.729764
0.398282 0.730137
0.398656 0.730579
0.39903 0.730973
0.399403 0.731356
0.399777 0.731766
0.40015 0.732184
0.400524 0.732618
0.400898 0.732973
0.401271 0.733367
0.401645 0.733806
0.402019 0.734171
0.402392 0.734541
0.402766 0.734936
0.403139 0.735359
0.403513 0.735742
0.403887 0.736096
0.40426 0.736463
0.404634 0.736847
0.405008 0.737237
0.405381 0.737599
0.405755 0.737989
0.406128 0.738424
0.406502 0.73882
0.406876 0.739156
0.407249 0.739568
0.407623 0.739947
0.407997 0.740337
0.40837 0.740724
0.408744 0.741121
0.409117 0.74149
0.409491 0.741853
0.409865 0.742202
0.410238 0.742561
0.410612 0.742936
0.410986 0.74332
0.411359 0.743674
0.411733 0.744058
0.412106 0.744491
0.41248 0.744912
0.412854 0.745308
0.413227 0.745668
0.413601 0.746059
0.413975 0.746405
0.414348 0.746783
0.414722 0.747219
0.415095 0.747621
0.415469 0.748024
0.415843 0.748396
0.416216 0.74878
0.41659 0.749165
0.416963 0.749522
0.417337 0.749889
0.417711 0.750263
0.418084 0.750587
0.418458 0.75098
0.418832 0.751316
0.419205 0.751694
0.419579 0.752069
0.419952 0.752469
0.420326 0.7528
0.4207 0.753182
0.421073 0.75354
0.421447 0.75392
0.421821 0.754331
0.422194 0.754711
0.422568 0.755076
0.422941 0.755409
0.423315 0.755771
0.423689 0.756119
0.424062 0.756446
0.424436 0.75689
0.42481 0.757269
0.425183 0.757629
0.425557 0.757991
0.42593 0.758358
0.426304 0.758725
0.426678 0.759073
0.427051 0.759461
0.427425 0.759833
0.427799 0.760155
0.428172 0.760508
0.428546 0.760875
0.428919 0.761227
0.429293 0.761652
0.429667 0.762034
0.43004 0.762384
0.430414 0.762786
0.430788 0.763123
0.431161 0.7635
0.431535 0.763871
0.431908 0.76426
0.432282 0.764601
0.432656 0.764961
0.433029 0.765324
0.433403 0.76573
0.433777 0.766101
0.43415 0.766495
0.434524 0.766861
0.434897 0.767247
0.435271 0.767589
0.435645 0.767975
0.436018 0.768351
0.436392 0.768676
0.436766 0.769046
0.437139 0.769379
0.437513 0.769726
0.437886 0.770064
0.43826 0.770478
0.438634 0.770866
0.439007 0.771262
0.439381 0.771629
0.439755 0.771984
0.440128 0.772354
0.440502 0.772709
0.440875 0.773047
0.441249 0.773386
0.441623 0.773744
0.441996 0.774064
0.44237 0.774406
0.442743 0.77478
0.443117 0.775131
0.443491 0.775489
0.443864 0.775807
0.444238 0.776144
0.444612 0.776524
0.444985 0.776887
0.445359 0.77722
0.445732 0.77759
0.446106 0.777926
0.44648 0.778261
0.446853 0.778593
0.447227 0.778949
0.447601 0.779317
0.447974 0.779637
0.448348 0.779971
0.448721 0.780321
0.449095 0.780689
0.449469 0.78102
0.449842 0.781347
0.450216 0.781693
0.45059 0.782044
0.450963 0.782393
0.451337 0.782744
0.45171 0.7831
0.452084 0.783447
0.452458 0.783811
0.452831 0.784153
0.453205 0.784502
0.453579 0.784834
0.453952 0.785165
0.454326 0.785526
0.454699 0.785875
0.455073 0.786224
0.455447 0.786581
0.45582 0.786887
0.456194 0.787229
0.456568 0.787554
0.456941 0.787906
0.457315 0.788241
0.457688 0.788563
0.458062 0.788892
0.458436 0.789264
0.458809 0.789635
0.459183 0.789961
0.459557 0.790331
0.45993 0.790676
0.460304 0.790983
0.460677 0.791301
0.461051 0.791605
0.461425 0.791915
0.461798 0.792226
0.462172 0.792581
0.462546 0.792919
0.462919 0.79325
0.463293 0.793602
0.463666 0.793913
0.46404 0.79423
0.464414 0.794546
0.464787 0.794886
0.465161 0.795184
0.465535 0.795519
0.465908 0.795864
0.466282 0.796185
0.466655 0.796508
0.467029 0.7968
0.467403 0.797144
0.467776 0.797454
0.46815 0.7978
0.468523 0.798124
0.468897 0.79841
0.469271 0.79871
0.469644 0.79904
0.470018 0.799388
0.470392 0.799732
0.470765 0.800061
0.471139 0.800377
0.471512 0.800716
0.471886 0.801018
0.47226 0.8013
0.472633 0.801604
0.473007 0.801905
0.473381 0.802244
0.473754 0.802538
0.474128 0.802887
0.474501 0.803224
0.474875 0.803556
0.475249 0.803885
0.475622 0.804224
0.475996 0.80457
0.47637 0.804856
0.476743 0.805181
0.477117 0.805489
0.47749 0.805776
0.477864 0.806086
0.478238 0.806384
0.478611 0.806679
0.478985 0.806993
0.479359 0.807275
0.479732 0.807611
0.480106 0.807935
0.480479 0.808231
0.480853 0.80855
0.481227 0.808876
0.4816 0.8092
0.481974 0.809544
0.482348 0.809826
0.482721 0.810148
0.483095 0.810468
0.483468 0.81071
0.483842 0.811029
0.484216 0.811307
0.484589 0.8116
0.484963 0.81191
0.485337 0.812245
0.48571 0.81255
0.486084 0.812856
0.486457 0.813172
0.486831 0.813504
0.487205 0.813799
0.487578 0.814114
0.487952 0.814423
0.488326 0.814723
0.488699 0.81502
0.489073 0.815353
0.489446 0.815659
0.48982 0.815991
0.490194 0.816298
0.490567 0.816573
0.490941 0.816882
0.491315 0.817206
0.491688 0.817542
0.492062 0.817859
0.492435 0.818139
0.492809 0.818434
0.493183 0.818747
0.493556 0.819033
0.49393 0.819353
0.494303 0.819675
0.494677 0.819989
0.495051 0.820305
0.495424 0.820595
0.495798 0.820908
0.496172 0.821269
0.496545 0.821594
0.496919 0.821885
0.497292 0.822194
0.497666 0.8225
0.49804 0.822782
0.498413 0.823063
0.498787 0.823356
0.499161 0.823662
0.499534 0.823993
0.499908 0.824275
0.500281 0.824595
0.500655 0.824886
0.501029 0.825174
0.501402 0.825462
0.501776 0.825764
0.50215 0.826064
0.502523 0.826389
0.502897 0.826705
0.50327 0.826996
0.503644 0.827307
0.504018 0.827589
0.504391 0.827905
0.504765 0.82823
0.505139 0.82856
0.505512 0.828871
0.505886 0.829146
0.506259 0.82943
0.506633 0.829719
0.507007 0.830002
0.50738 0.830251
0.507754 0.83053
0.508128 0.830797
0.508501 0.831084
0.508875 0.83137
0.509248 0.83168
0.509622 0.831939
0.509996 0.83225
0.510369 0.832525
0.510743 0.832841
0.511117 0.833133
0.51149 0.833419
0.511864 0.833701
0.512237 0.834009
0.512611 0.834284
0.512985 0.834564
0.513358 0.834829
0.513732 0.835121
0.514106 0.835396
0.514479 0.835709
0.514853 0.836051
0.515226 0.836364
0.5156 0.836645
0.515974 0.836967
0.516347 0.837304
0.516721 0.837581
0.517095 0.837881
0.517468 0.83815
0.517842 0.838404
0.518215 0.838679
0.518589 0.838974
0.518963 0.839233
0.519336 0.839496
0.51971 0.839769
0.520083 0.84004
0.520457 0.840274
0.520831 0.840553
0.521204 0.840811
0.521578 0.84104
0.521952 0.841364
0.522325 0.841671
0.522699 0.841946
0.523072 0.842209
0.523446 0.84249
0.52382 0.842793
0.524193 0.843089
0.524567 0.843359
0.524941 0.843649
0.525314 0.843914
0.525688 0.844185
0.526061 0.844477
0.526435 0.844769
0.526809 0.845063
0.527182 0.845349
0.527556 0.845649
0.52793 0.845897
0.528303 0.846155
0.528677 0.846409
0.52905 0.846673
0.529424 0.846949
0.529798 0.847224
0.530171 0.8475
0.530545 0.84777
0.530919 0.848059
0.531292 0.848357
0.531666 0.848638
0.532039 0.848936
0.532413 0.849164
0.532787 0.849416
0.53316 0.849729
0.533534 0.85003
0.533908 0.850286
0.534281 0.850556
0.534655 0.850835
0.535028 0.85112
0.535402 0.851394
0.535776 0.851654
0.536149 0.851938
0.536523 0.852201
0.536897 0.852441
0.53727 0.852705
0.537644 0.852939
0.538017 0.853201
0.538391 0.853483
0.538765 0.853766
0.539138 0.854025
0.539512 0.854334
0.539886 0.854605
0.540259 0.854866
0.540633 0.855159
0.541006 0.855424
0.54138 0.855712
0.541754 0.855955
0.542127 0.856229
0.542501 0.856483
0.542875 0.856707
0.543248 0.856966
0.543622 0.857245
0.543995 0.857513
0.544369 0.857814
0.544743 0.858081
0.545116 0.858394
0.54549 0.85866
0.545863 0.858924
0.546237 0.859181
0.546611 0.859474
0.546984 0.859724
0.547358 0.859979
0.547732 0.860224
0.548105 0.860476
0.548479 0.860733
0.548852 0.861004
0.549226 0.8613
0.5496 0.861563
0.549973 0.861818
0.550347 0.862075
0.550721 0.862354
0.551094 0.862613
0.551468 0.862859
0.551841 0.863132
0.552215 0.863378
0.552589 0.863641
0.552962 0.863888
0.553336 0.864152
0.55371 0.864399
0.554083 0.864635
0.554457 0.864861
0.55483 0.865126
0.555204 0.865375
0.555578 0.865619
0.555951 0.865839
0.556325 0.866099
0.556699 0.866364
0.557072 0.86664
0.557446 0.866896
0.557819 0.867165
0.558193 0.867404
0.558567 0.867663
0.55894 0.867919
0.559314 0.868162
0.559688 0.868395
0.560061 0.868663
0.560435 0.868919
0.560808 0.869131
0.561182 0.869399
0.561556 0.869649
0.561929 0.869929
0.562303 0.870189
0.562677 0.870472
0.56305 0.870703
0.563424 0.871001
0.563797 0.871287
0.564171 0.871539
0.564545 0.871783
0.564918 0.872008
0.565292 0.872247
0.565666 0.872514
0.566039 0.872788
0.566413 0.872992
0.566786 0.873244
0.56716 0.8735
0.567534 0.873731
0.567907 0.873961
0.568281 0.874244
0.568655 0.87446
0.569028 0.874703
0.569402 0.874958
0.569775 0.875209
0.570149 0.875459
0.570523 0.875704
0.570896 0.875945
0.57127 0.876204
0.571643 0.876483
0.572017 0.876731
0.572391 0.876971
0.572764 0.877169
0.573138 0.877399
0.573512 0.877645
0.573885 0.877897
0.574259 0.878129
0.574632 0.878381
0.575006 0.87862
0.57538 0.878839
0.575753 0.879062
0.576127 0.879293
0.576501 0.879543
0.576874 0.879774
0.577248 0.88001
0.577621 0.880231
0.577995 0.880489
0.578369 0.880753
0.578742 0.880976
0.579116 0.881211
0.57949 0.881441
0.579863 0.881686
0.580237 0.881896
0.58061 0.882124
0.580984 0.882347
0.581358 0.882571
0.581731 0.882822
0.582105 0.883053
0.582479 0.883285
0.582852 0.883506
0.583226 0.883768
0.583599 0.884027
0.583973 0.884234
0.584347 0.884435
0.58472 0.884657
0.585094 0.884865
0.585468 0.885106
0.585841 0.885312
0.586215 0.885529
0.586588 0.885756
0.586962 0.885989
0.587336 0.886216
0.587709 0.886491
0.588083 0.88674
0.588457 0.88697
0.58883 0.887195
0.589204 0.887405
0.589577 0.88767
0.589951 0.887899
0.590325 0.888123
0.590698 0.888344
0.591072 0.888576
0.591446 0.888764
0.591819 0.888984
0.592193 0.889193
0.592566 0.889413
0.59294 0.889626
0.593314 0.889841
0.593687 0.890064
0.594061 0.890294
0.594435 0.890563
0.594808 0.890807
0.595182 0.891009
0.595555 0.891235
0.595929 0.891446
0.596303 0.891665
0.596676 0.891905
0.59705 0.892119
0.597423 0.892343
0.597797 0.892563
0.598171 0.892794
0.598544 0.893035
0.598918 0.893249
0.599292 0.893495
0.599665 0.893716
0.600039 0.893941
0.600412 0.894141
0.600786 0.89435
0.60116 0.894558
0.601533 0.894784
0.601907 0.895012
0.602281 0.895205
0.602654 0.895432
0.603028 0.895645
0.603401 0.895848
0.603775 0.896091
0.604149 0.896297
0.604522 0.896499
0.604896 0.896715
0.60527 0.896915
0.605643 0.897103
0.606017 0.897321
0.60639 0.897526
0.606764 0.897752
0.607138 0.897985
0.607511 0.898201
0.607885 0.898379
0.608259 0.898621
0.608632 0.898844
0.609006 0.899039
0.609379 0.899236
0.609753 0.899456
0.610127 0.899691
0.6105 0.89992
0.610874 0.900151
0.611248 0.900381
0.611621 0.900584
0.611995 0.900791
0.612368 0.901001
0.612742 0.901223
0.613116 0.901444
0.613489 0.90166
0.613863 0.901874
0.614237 0.902083
0.61461 0.90233
0.614984 0.90257
0.615357 0.902774
0.615731 0.902974
0.616105 0.903164
0.616478 0.903395
0.616852 0.903604
0.617226 0.903811
0.617599 0.904025
0.617973 0.904225
0.618346 0.904396
0.61872 0.904617
0.619094 0.904842
0.619467 0.905046
0.619841 0.905205
0.620215 0.905414
0.620588 0.905616
0.620962 0.905836
0.621335 0.906062
0.621709 0.906274
0.622083 0.906476
0.622456 0.906698
0.62283 0.906916
0.623203 0.907171
0.623577 0.907401
0.623951 0.907591
0.624324 0.907764
0.624698 0.907941
0.625072 0.908131
0.625445 0.908294
0.625819 0.908481
0.626192 0.908681
0.626566 0.908887
0.62694 0.909124
0.627313 0.909326
0.627687 0.909512
0.628061 0.909736
0.628434 0.909913
0.628808 0.910114
0.629181 0.910331
0.629555 0.910532
0.629929 0.910744
0.630302 0.910951
0.630676 0.91115
0.63105 0.911349
0.631423 0.911543
0.631797 0.91174
0.63217 0.911929
0.632544 0.912112
0.632918 0.912327
0.633291 0.912547
0.633665 0.91272
0.634039 0.91293
0.634412 0.913131
0.634786 0.913339
0.635159 0.913532
0.635533 0.913736
0.635907 0.913933
0.63628 0.914103
0.636654 0.914327
0.637028 0.914511
0.637401 0.91469
0.637775 0.914864
0.638148 0.915036
0.638522 0.915241
0.638896 0.91544
0.639269 0.915624
0.639643 0.915806
0.640017 0.91596
0.64039 0.916185
0.640764 0.916371
0.641137 0.916581
0.641511 0.916767
0.641885 0.916957
0.642258 0.917149
0.642632 0.917325
0.643006 0.917514
0.643379 0.917681
0.643753 0.917887
0.644126 0.918081
0.6445 0.918257
0.644874 0.918441
0.645247 0.918628
0.645621 0.918811
0.645995 0.918998
0.646368 0.919176
0.646742 0.91934
0.647115 0.919497
0.647489 0.919717
0.647863 0.919904
0.648236 0.920076
0.64861 0.920268
0.648983 0.920464
0.649357 0.920639
0.649731 0.920821
0.650104 0.921002
0.650478 0.921184
0.650852 0.921361
0.651225 0.921535
0.651599 0.921699
0.651972 0.921883
0.652346 0.922069
0.65272 0.922254
0.653093 0.92244
0.653467 0.922629
0.653841 0.922801
0.654214 0.922989
0.654588 0.923148
0.654961 0.923286
0.655335 0.923496
0.655709 0.923667
0.656082 0.923852
0.656456 0.924019
0.65683 0.924196
0.657203 0.924385
0.657577 0.924569
0.65795 0.924734
0.658324 0.924895
0.658698 0.925076
0.659071 0.925245
0.659445 0.925416
0.659819 0.92563
0.660192 0.925813
0.660566 0.925968
0.660939 0.926136
0.661313 0.926295
0.661687 0.926467
0.66206 0.926644
0.662434 0.926806
0.662808 0.926965
0.663181 0.927139
0.663555 0.927318
0.663928 0.927461
0.664302 0.927673
0.664676 0.927891
0.665049 0.928057
0.665423 0.928219
0.665797 0.928391
0.66617 0.928602
0.666544 0.928781
0.666917 0.928924
0.667291 0.92908
0.667665 0.929219
0.668038 0.929389
0.668412 0.929577
0.668786 0.929737
0.669159 0.929911
0.669533 0.930074
0.669906 0.930253
0.67028 0.930421
0.670654 0.930561
0.671027 0.930714
0.671401 0.930902
0.671775 0.931063
0.672148 0.931239
0.672522 0.931427
0.672895 0.931614
0.673269 0.9318
0.673643 0.931976
0.674016 0.932104
0.67439 0.932279
0.674763 0.932441
0.675137 0.932617
0.675511 0.932781
0.675884 0.932955
0.676258 0.933091
0.676632 0.933253
0.677005 0.933426
0.677379 0.933586
0.677752 0.933764
0.678126 0.933909
0.6785 0.934028
0.678873 0.93417
0.679247 0.934331
0.679621 0.934521
0.679994 0.934681
0.680368 0.934848
0.680741 0.935009
0.681115 0.935151
0.681489 0.935379
0.681862 0.935536
0.682236 0.935681
0.68261 0.935824
0.682983 0.936001
0.683357 0.936151
0.68373 0.93634
0.684104 0.936495
0.684478 0.936643
0.684851 0.936791
0.685225 0.936954
0.685599 0.937144
0.685972 0.937336
0.686346 0.937518
0.686719 0.937684
0.687093 0.937859
0.687467 0.938022
0.68784 0.938206
0.688214 0.93835
0.688588 0.938544
0.688961 0.938709
0.689335 0.938851
0.689708 0.939017
0.690082 0.939186
0.690456 0.939348
0.690829 0.93949
0.691203 0.939641
0.691577 0.939782
0.69195 0.939952
0.692324 0.940144
0.692697 0.940283
0.693071 0.94045
0.693445 0.940575
0.693818 0.940734
0.694192 0.940886
0.694566 0.941057
0.694939 0.941207
0.695313 0.941354
0.695686 0.941499
0.69606 0.941636
0.696434 0.941791
0.696807 0.941948
0.697181 0.942091
0.697555 0.942271
0.697928 0.942439
0.698302 0.942562
0.698675 0.942706
0.699049 0.942834
0.699423 0.942974
0.699796 0.943135
0.70017 0.943275
0.700543 0.943429
0.700917 0.943571
0.701291 0.943719
0.701664 0.943865
0.702038 0.944024
0.702412 0.944181
0.702785 0.944335
0.703159 0.944475
0.703532 0.944638
0.703906 0.944797
0.70428 0.944963
0.704653 0.945105
0.705027 0.945256
0.705401 0.945416
0.705774 0.945586
0.706148 0.945708
0.706521 0.945863
0.706895 0.946009
0.707269 0.946152
0.707642 0.946298
0.708016 0.946442
0.70839 0.946594
0.708763 0.946769
0.709137 0.94692
0.70951 0.947048
0.709884 0.947178
0.710258 0.947346
0.710631 0.9475
0.711005 0.947665
0.711379 0.947814
0.711752 0.947963
0.712126 0.94815
0.712499 0.948286
0.712873 0.94844
0.713247 0.94858
0.71362 0.948708
0.713994 0.948838
0.714368 0.948955
0.714741 0.949114
0.715115 0.949246
0.715488 0.949398
0.715862 0.949527
0.716236 0.949679
0.716609 0.949838
0.716983 0.949996
0.717357 0.950159
0.71773 0.9503
0.718104 0.950414
0.718477 0.950574
0.718851 0.95073
0.719225 0.950844
0.719598 0.950969
0.719972 0.951129
0.720346 0.9513
0.720719 0.95147
0.721093 0.951616
0.721466 0.951776
0.72184 0.951914
0.722214 0.952041
0.722587 0.952178
0.722961 0.952314
0.723335 0.952453
0.723708 0.952599
0.724082 0.952717
0.724455 0.952851
0.724829 0.952976
0.725203 0.953102
0.725576 0.953216
0.72595 0.953337
0.726323 0.953468
0.726697 0.953595
0.727071 0.953727
0.727444 0.95386
0.727818 0.953986
0.728192 0.954128
0.728565 0.954246
0.728939 0.954376
0.729312 0.954507
0.729686 0.954645
0.73006 0.954767
0.730433 0.95491
0.730807 0.955032
0.731181 0.95516
0.731554 0.955289
0.731928 0.95542
0.732301 0.955566
0.732675 0.955697
0.733049 0.955819
0.733422 0.955945
0.733796 0.956072
0.73417 0.956193
0.734543 0.956291
0.734917 0.95642
0.73529 0.956541
0.735664 0.956692
0.736038 0.956816
0.736411 0.956951
0.736785 0.95707
0.737159 0.957174
0.737532 0.957318
0.737906 0.957445
0.738279 0.957554
0.738653 0.957682
0.739027 0.957812
0.7394 0.957944
0.739774 0.958063
0.740148 0.958174
0.740521 0.958283
0.740895 0.958419
0.741268 0.958556
0.741642 0.958684
0.742016 0.958784
0.742389 0.958895
0.742763 0.959009
0.743137 0.95914
0.74351 0.959266
0.743884 0.959384
0.744257 0.959514
0.744631 0.959619
0.745005 0.959723
0.745378 0.959844
0.745752 0.959963
0.746126 0.96008
0.746499 0.960199
0.746873 0.960351
0.747246 0.960459
0.74762 0.960586
0.747994 0.960725
0.748367 0.960827
0.748741 0.960941
0.749115 0.961069
0.749488 0.961206
0.749862 0.961313
0.750235 0.961431
0.750609 0.961549
0.750983 0.961666
0.751356 0.961771
0.75173 0.961878
0.752103 0.961989
0.752477 0.962122
0.752851 0.96226
0.753224 0.962383
0.753598 0.962496
0.753972 0.962625
0.754345 0.962738
0.754719 0.962851
0.755092 0.962974
0.755466 0.963098
0.75584 0.963214
0.756213 0.963326
0.756587 0.963455
0.756961 0.963586
0.757334 0.963725
0.757708 0.963829
0.758081 0.963945
0.758455 0.964059
0.758829 0.964167
0.759202 0.964295
0.759576 0.96442
0.75995 0.964546
0.760323 0.964674
0.760697 0.964808
0.76107 0.964919
0.761444 0.96505
0.761818 0.965181
0.762191 0.965306
0.762565 0.96544
0.762939 0.965548
0.763312 0.965647
0.763686 0.965771
0.764059 0.965869
0.764433 0.965994
0.764807 0.966111
0.76518 0.966211
0.765554 0.966331
0.765928 0.966456
0.766301 0.966562
0.766675 0.966677
0.767048 0.966779
0.767422 0.966901
0.767796 0.966997
0.768169 0.967121
0.768543 0.967219
0.768917 0.967302
0.76929 0.967399
0.769664 0.967515
0.770037 0.96764
0.770411 0.967768
0.770785 0.967865
0.771158 0.967974
0.771532 0.968056
0.771906 0.968191
0.772279 0.968287
0.772653 0.968399
0.773026 0.968505
0.7734 0.968603
0.773774 0.968705
0.774147 0.968808
0.774521 0.968926
0.774895 0.969046
0.775268 0.969117
0.775642 0.969235
0.776015 0.96934
0.776389 0.969453
0.776763 0.969533
0.777136 0.96964
0.77751 0.969765
0.777883 0.969865
0.778257 0.969976
0.778631 0.97009
0.779004 0.970199
0.779378 0.970294
0.779752 0.970407
0.780125 0.970501
0.780499 0.970601
0.780872 0.970729
0.781246 0.97084
0.78162 0.970946
0.781993 0.971059
0.782367 0.971149
0.782741 0.971244
0.783114 0.97135
0.783488 0.97147
0.783861 0.971577
0.784235 0.971674
0.784609 0.97176
0.784982 0.971851
0.785356 0.971936
0.78573 0.972058
0.786103 0.972161
0.786477 0.972267
0.78685 0.972375
0.787224 0.972485
0.787598 0.972579
0.787971 0.97267
0.788345 0.972768
0.788719 0.97287
0.789092 0.972975
0.789466 0.973067
0.789839 0.973172
0.790213 0.973275
0.790587 0.973387
0.79096 0.973464
0.791334 0.973557
0.791708 0.973641
0.792081 0.973729
0.792455 0.973843
0.792828 0.97394
0.793202 0.974025
0.793576 0.974119
0.793949 0.974186
0.794323 0.974289
0.794697 0.974392
0.79507 0.97448
0.795444 0.974569
0.795817 0.974676
0.796191 0.974769
0.796565 0.974869
0.796938 0.974965
0.797312 0.975051
0.797686 0.97515
0.798059 0.975237
0.798433 0.975334
0.798806 0.97545
0.79918 0.975565
0.799554 0.975662
0.799927 0.97577
0.800301 0.975875
0.800675 0.97599
0.801048 0.97609
0.801422 0.976201
0.801795 0.976291
0.802169 0.976387
0.802543 0.976514
0.802916 0.976577
0.80329 0.976653
0.803664 0.976761
0.804037 0.976839
0.804411 0.976914
0.804784 0.976996
0.805158 0.977095
0.805532 0.977185
0.805905 0.977259
0.806279 0.97735
0.806652 0.97743
0.807026 0.977535
0.8074 0.977636
0.807773 0.977733
0.808147 0.977832
0.808521 0.97793
0.808894 0.978031
0.809268 0.978104
0.809641 0.978196
0.810015 0.978274
0.810389 0.978364
0.810762 0.978446
0.811136 0.978545
0.81151 0.978636
0.811883 0.978731
0.812257 0.978815
0.81263 0.978893
0.813004 0.978976
0.813378 0.97908
0.813751 0.979182
0.814125 0.979269
0.814499 0.979387
0.814872 0.97947
0.815246 0.979549
0.815619 0.979641
0.815993 0.97973
0.816367 0.979844
0.81674 0.979927
0.817114 0.980016
0.817488 0.980095
0.817861 0.980181
0.818235 0.980248
0.818608 0.980335
0.818982 0.980406
0.819356 0.980503
0.819729 0.980571
0.820103 0.980656
0.820477 0.98074
0.82085 0.980816
0.821224 0.980912
0.821597 0.980979
0.821971 0.981051
0.822345 0.98115
0.822718 0.981229
0.823092 0.981305
0.823466 0.981402
0.823839 0.981487
0.824213 0.981575
0.824586 0.981685
0.82496 0.981751
0.825334 0.981849
0.825707 0.981924
0.826081 0.982015
0.826455 0.982094
0.826828 0.982175
0.827202 0.98225
0.827575 0.982331
0.827949 0.982421
0.828323 0.98251
0.828696 0.982569
0.82907 0.98263
0.829444 0.982721
0.829817 0.982781
0.830191 0.982874
0.830564 0.982949
0.830938 0.983021
0.831312 0.983109
0.831685 0.983199
0.832059 0.983287
0.832432 0.983384
0.832806 0.983472
0.83318 0.983564
0.833553 0.983646
0.833927 0.983727
0.834301 0.983814
0.834674 0.983886
0.835048 0.983961
0.835421 0.984047
0.835795 0.984094
0.836169 0.984175
0.836542 0.984239
0.836916 0.984298
0.83729 0.984376
0.837663 0.984445
0.838037 0.98452
0.83841 0.984598
0.838784 0.98467
0.839158 0.984734
0.839531 0.9848
0.839905 0.984873
0.840279 0.984946
0.840652 0.985016
0.841026 0.985085
0.841399 0.98516
0.841773 0.985239
0.842147 0.985305
0.84252 0.985381
0.842894 0.985464
0.843268 0.985526
0.843641 0.98559
0.844015 0.985651
0.844388 0.985721
0.844762 0.985784
0.845136 0.985856
0.845509 0.985919
0.845883 0.986011
0.846257 0.986093
0.84663 0.986174
0.847004 0.986249
0.847377 0.986322
0.847751 0.986389
0.848125 0.986441
0.848498 0.986522
0.848872 0.986595
0.849246 0.986653
0.849619 0.986715
0.849993 0.986784
0.850366 0.986853
0.85074 0.98692
0.851114 0.986996
0.851487 0.987066
0.851861 0.987145
0.852235 0.987224
0.852608 0.987285
0.852982 0.987336
0.853355 0.987409
0.853729 0.987489
0.854103 0.987548
0.854476 0.987614
0.85485 0.987683
0.855224 0.987741
0.855597 0.98781
0.855971 0.987881
0.856344 0.987939
0.856718 0.988006
0.857092 0.98808
0.857465 0.988149
0.857839 0.988206
0.858212 0.988269
0.858586 0.988351
0.85896 0.988413
0.859333 0.988478
0.859707 0.988536
0.860081 0.988604
0.860454 0.988676
0.860828 0.988755
0.861201 0.988819
0.861575 0.988862
0.861949 0.988929
0.862322 0.988985
0.862696 0.989054
0.86307 0.9891
0.863443 0.989174
0.863817 0.989229
0.86419 0.98929
0.864564 0.989359
0.864938 0.989434
0.865311 0.989485
0.865685 0.989551
0.866059 0.98963
0.866432 0.989692
0.866806 0.989745
0.867179 0.98982
0.867553 0.989882
0.867927 0.989939
0.8683 0.989999
0.868674 0.990073
0.869048 0.990124
0.869421 0.990175
0.869795 0.990234
0.870168 0.990286
0.870542 0.990348
0.870916 0.990413
0.871289 0.990472
0.871663 0.990522
0.872037 0.990589
0.87241 0.99064
0.872784 0.99071
0.873157 0.99077
0.873531 0.990819
0.873905 0.990877
0.874278 0.990934
0.874652 0.990982
0.875026 0.991053
0.875399 0.991117
0.875773 0.991175
0.876146 0.991239
0.87652 0.991306
0.876894 0.991366
0.877267 0.991413
0.877641 0.991461
0.878015 0.991509
0.878388 0.991557
0.878762 0.991604
0.879135 0.991644
0.879509 0.991684
0.879883 0.991733
0.880256 0.991795
0.88063 0.991845
0.881004 0.991892
0.881377 0.991949
0.881751 0.992012
0.882124 0.99208
0.882498 0.992123
0.882872 0.992175
0.883245 0.992226
0.883619 0.99229
0.883992 0.992355
0.884366 0.992406
0.88474 0.992454
0.885113 0.992524
0.885487 0.992578
0.885861 0.992624
0.886234 0.992671
0.886608 0.992722
0.886981 0.99277
0.887355 0.992809
0.887729 0.992856
0.888102 0.992908
0.888476 0.992965
0.88885 0.993004
0.889223 0.993043
0.889597 0.993097
0.88997 0.993162
0.890344 0.993194
0.890718 0.993237
0.891091 0.99328
0.891465 0.993326
0.891839 0.993375
0.892212 0.99342
0.892586 0.993476
0.892959 0.993528
0.893333 0.993574
0.893707 0.993626
0.89408 0.993677
0.894454 0.99372
0.894828 0.993764
0.895201 0.993796
0.895575 0.993856
0.895948 0.993899
0.896322 0.993949
0.896696 0.993988
0.897069 0.994035
0.897443 0.994074
0.897817 0.99411
0.89819 0.994146
0.898564 0.994181
0.898937 0.994223
0.899311 0.99426
0.899685 0.994309
0.900058 0.994355
0.900432 0.99439
0.900806 0.994419
0.901179 0.994465
0.901553 0.994505
0.901926 0.994548
0.9023 0.994586
0.902674 0.994642
0.903047 0.994687
0.903421 0.994731
0.903795 0.994765
0.904168 0.994816
0.904542 0.994854
0.904915 0.994896
0.905289 0.994942
0.905663 0.994977
0.906036 0.995027
0.90641 0.995058
0.906784 0.9951
0.907157 0.995136
0.907531 0.99518
0.907904 0.995224
0.908278 0.995252
0.908652 0.995285
0.909025 0.995322
0.909399 0.995361
0.909772 0.995394
0.910146 0.995429
0.91052 0.995463
0.910893 0.995484
0.911267 0.99553
0.911641 0.995596
0.912014 0.995629
0.912388 0.995676
0.912761 0.995709
0.913135 0.995749
0.913509 0.995798
0.913882 0.995827
0.914256 0.995869
0.91463 0.995909
0.915003 0.995946
0.915377 0.995976
0.91575 0.996003
0.916124 0.996045
0.916498 0.99609
0.916871 0.996116
0.917245 0.996141
0.917619 0.996171
0.917992 0.996211
0.918366 0.996246
0.918739 0.996286
0.919113 0.996316
0.919487 0.99635
0.91986 0.996391
0.920234 0.996408
0.920608 0.996436
0.920981 0.996463
0.921355 0.996494
0.921728 0.996529
0.922102 0.996566
0.922476 0.996605
0.922849 0.996644
0.923223 0.996674
0.923597 0.996699
0.92397 0.996725
0.924344 0.996757
0.924717 0.996788
0.925091 0.996809
0.925465 0.996844
0.925838 0.996871
0.926212 0.99691
0.926586 0.996959
0.926959 0.996986
0.927333 0.997039
0.927706 0.997062
0.92808 0.997094
0.928454 0.997126
0.928827 0.997143
0.929201 0.997164
0.929575 0.99719
0.929948 0.997216
0.930322 0.997244
0.930695 0.997265
0.931069 0.997294
0.931443 0.997319
0.931816 0.997337
0.93219 0.997376
0.932564 0.997411
0.932937 0.997445
0.933311 0.997484
0.933684 0.997505
0.934058 0.997539
0.934432 0.997559
0.934805 0.997594
0.935179 0.997604
0.935552 0.997635
0.935926 0.997661
0.9363 0.997683
0.936673 0.997705
0.937047 0.997727
0.937421 0.99776
0.937794 0.99779
0.938168 0.997818
0.938541 0.997839
0.938915 0.997855
0.939289 0.997881
0.939662 0.997899
0.940036 0.997921
0.94041 0.997953
0.940783 0.997981
0.941157 0.998014
0.94153 0.998036
0.941904 0.998058
0.942278 0.99808
0.942651 0.998093
0.943025 0.998114
0.943399 0.998136
0.943772 0.998156
0.944146 0.998166
0.944519 0.998186
0.944893 0.998209
0.945267 0.998228
0.94564 0.998241
0.946014 0.99826
0.946388 0.998286
0.946761 0.998302
0.947135 0.998331
0.947508 0.998352
0.947882 0.99837
0.948256 0.998384
0.948629 0.998405
0.949003 0.998434
0.949377 0.998463
0.94975 0.998495
0.950124 0.998515
0.950497 0.998533
0.950871 0.998554
0.951245 0.998575
0.951618 0.998605
0.951992 0.998631
0.952366 0.998649
0.952739 0.998671
0.953113 0.998698
0.953486 0.998718
0.95386 0.998737
0.954234 0.998757
0.954607 0.998772
0.954981 0.998796
0.955355 0.998809
0.955728 0.998827
0.956102 0.998844
0.956475 0.998856
0.956849 0.998877
0.957223 0.998891
0.957596 0.998914
0.95797 0.998921
0.958344 0.998938
0.958717 0.998951
0.959091 0.998974
0.959464 0.998986
0.959838 0.999009
0.960212 0.999027
0.960585 0.999053
0.960959 0.999081
0.961332 0.999104
0.961706 0.999108
0.96208 0.999117
0.962453 0.999132
0.962827 0.999151
0.963201 0.999171
0.963574 0.999193
0.963948 0.999216
0.964321 0.999229
0.964695 0.999238
0.965069 0.99925
0.965442 0.999278
0.965816 0.999293
0.96619 0.999304
0.966563 0.999329
0.966937 0.99934
0.96731 0.999356
0.967684 0.999372
0.968058 0.999386
0.968431 0.9994
0.968805 0.999411
0.969179 0.999424
0.969552 0.999443
0.969926 0.999452
0.970299 0.999461
0.970673 0.99947
0.971047 0.999486
0.97142 0.999499
0.971794 0.999513
0.972168 0.999524
0.972541 0.999543
0.972915 0.999555
0.973288 0.99957
0.973662 0.999581
0.974036 0.99959
0.974409 0.999601
0.974783 0.99962
0.975157 0.999636
0.97553 0.99965
0.975904 0.999664
0.976277 0.99967
0.976651 0.999684
0.977025 0.999696
0.977398 0.999703
0.977772 0.999707
0.978146 0.999715
0.978519 0.999721
0.978893 0.999734
0.979266 0.999745
0.97964 0.999759
0.980014 0.99977
0.980387 0.999781
0.980761 0.999786
0.981135 0.999792
0.981508 0.9998
0.981882 0.999806
0.982255 0.999814
0.982629 0.999821
0.983003 0.999833
0.983376 0.99984
0.98375 0.999848
0.984124 0.999855
0.984497 0.999856
0.984871 0.999861
0.985244 0.999865
0.985618 0.99987
0.985992 0.999876
0.986365 0.999881
0.986739 0.99989
0.987112 0.999892
0.987486 0.999897
0.98786 0.999906
0.988233 0.999914
0.988607 0.999918
0.988981 0.999923
0.989354 0.999924
0.989728 0.999926
0.990101 0.999929
0.990475 0.99993
0.990849 0.999942
0.991222 0.999947
0.991596 0.999949
0.99197 0.999953
0.992343 0.999956
0.992717 0.999959
0.99309 0.999965
0.993464 0.999968
0.993838 0.999974
0.994211 0.999974
0.994585 0.999975
0.994959 0.99998
0.995332 0.999984
0.995706 0.999988
0.996079 0.999992
0.996453 0.999995
0.996827 0.999999
0.9972 0.999999
0.997574 1
0.997948 1
0.998321 1
0.998695 1
0.999068 1
0.999442 1
0.999816 1
