0 2e-06
0.000264099 2.5e-06
0.000528198 2.5e-06
0.000792297 2.5e-06
0.0010564 2.5e-06
0.00132049 2.75e-06
0.00158459 2.75e-06
0.00184869 2.75e-06
0.00211279 2.75e-06
0.00237689 2.75e-06
0.00264099 2.75e-06
0.00290509 2.75e-06
0.00316919 3e-06
0.00343329 3e-06
0.00369738 3e-06
0.00396148 3e-06
0.00422558 3e-06
0.00448968 3e-06
0.00475378 3e-06
0.00501788 3e-06
0.00528198 3e-06
0.00554608 3e-06
0.00581018 3e-06
0.00607428 3e-06
0.00633837 3e-06
0.00660247 3e-06
0.00686657 3e-06
0.00713067 3e-06
0.00739477 3e-06
0.00765887 3e-06
0.00792297 3e-06
0.00818707 3.25e-06
0.00845117 3.25e-06
0.00871526 3.25e-06
0.00897936 3.25e-06
0.00924346 3.25e-06
0.00950756 3.25e-06
0.00977166 3.25e-06
0.0100358 3.25e-06
0.0102999 3.25e-06
0.010564 3.25e-06
0.0108281 3.25e-06
0.0110922 3.25e-06
0.0113563 3.25e-06
0.0116204 3.5e-06
0.0118845 3.5e-06
0.0121486 3.5e-06
0.0124126 3.5e-06
0.0126767 3.5e-06
0.0129408 3.5e-06
0.0132049 3.75e-06
0.013469 3.75e-06
0.0137331 3.75e-06
0.0139972 3.75e-06
0.0142613 3.75e-06
0.0145254 3.75e-06
0.0147895 3.75e-06
0.0150536 4e-06
0.0153177 4e-06
0.0155818 4e-06
0.0158459 4e-06
0.01611 4e-06
0.0163741 4e-06
0.0166382 4e-06
0.0169023 4e-06
0.0171664 4e-06
0.0174305 4e-06
0.0176946 4e-06
0.0179587 4e-06
0.0182228 4.25e-06
0.0184869 4.5e-06
0.018751 4.5e-06
0.0190151 4.5e-06
0.0192792 4.5e-06
0.0195433 4.5e-06
0.0198074 4.5e-06
0.0200715 4.5e-06
0.0203356 4.5e-06
0.0205997 4.5e-06
0.0208638 4.5e-06
0.0211279 4.5e-06
0.021392 4.5e-06
0.0216561 4.5e-06
0.0219202 4.5e-06
0.0221843 4.75e-06
0.0224484 4.75e-06
0.0227125 4.75e-06
0.0229766 4.75e-06
0.0232407 4.75e-06
0.0235048 4.75e-06
0.0237689 4.75e-06
0.024033 4.75e-06
0.0242971 4.75e-06
0.0245612 4.75e-06
0.0248253 4.75e-06
0.0250894 4.75e-06
0.0253535 4.75e-06
0.0256176 4.75e-06
0.0258817 4.75e-06
0.0261458 4.75e-06
0.0264099 5e-06
0.026674 5e-06
0.0269381 5e-06
0.0272022 5e-06
0.0274663 5e-06
0.0277304 5e-06
0.0279945 5e-06
0.0282586 5e-06
0.0285227 5e-06
0.0287868 5e-06
0.0290509 5e-06
0.029315 5e-06
0.0295791 5.25e-06
0.0298432 5.25e-06
0.0301073 5.25e-06
0.0303714 5.5e-06
0.0306355 5.5e-06
0.0308996 5.5e-06
0.0311637 5.5e-06
0.0314278 5.5e-06
0.0316919 5.5e-06
0.031956 5.75e-06
0.0322201 6e-06
0.0324842 6e-06
0.0327483 6e-06
0.0330124 6e-06
0.0332765 6e-06
0.0335406 6e-06
0.0338047 6e-06
0.0340688 6e-06
0.0343329 6e-06
0.034597 6e-06
0.0348611 6e-06
0.0351252 6e-06
0.0353893 6e-06
0.0356534 6e-06
0.0359175 6e-06
0.0361816 6e-06
0.0364457 6e-06
0.0367098 6e-06
0.0369738 6e-06
0.0372379 6e-06
0.037502 6e-06
0.0377661 6e-06
0.0380302 6e-06
0.0382943 6e-06
0.0385584 6.25e-06
0.0388225 6.25e-06
0.0390866 6.25e-06
0.0393507 6.25e-06
0.0396148 6.25e-06
0.0398789 6.25e-06
0.040143 6.25e-06
0.0404071 6.25e-06
0.0406712 6.25e-06
0.0409353 6.25e-06
0.0411994 6.25e-06
0.0414635 6.25e-06
0.0417276 6.25e-06
0.0419917 6.25e-06
0.0422558 6.25e-06
0.0425199 6.5e-06
0.042784 6.5e-06
0.0430481 6.75e-06
0.0433122 7e-06
0.0435763 7e-06
0.0438404 7.25e-06
0.0441045 7.25e-06
0.0443686 7.5e-06
0.0446327 7.5e-06
0.0448968 7.5e-06
0.0451609 7.5e-06
0.045425 7.5e-06
0.0456891 7.5e-06
0.0459532 7.5e-06
0.0462173 7.5e-06
0.0464814 7.5e-06
0.0467455 7.5e-06
0.0470096 7.5e-06
0.0472737 7.5e-06
0.0475378 7.5e-06
0.0478019 7.5e-06
0.048066 7.5e-06
0.0483301 7.5e-06
0.0485942 7.5e-06
0.0488583 7.5e-06
0.0491224 7.5e-06
0.0493865 7.75e-06
0.0496506 7.75e-06
0.0499147 7.75e-06
0.0501788 7.75e-06
0.0504429 7.75e-06
0.050707 7.75e-06
0.0509711 7.75e-06
0.0512352 7.75e-06
0.0514993 7.75e-06
0.0517634 7.75e-06
0.0520275 7.75e-06
0.0522916 7.75e-06
0.0525557 8e-06
0.0528198 8e-06
0.0530839 8.25e-06
0.053348 8.25e-06
0.0536121 8.25e-06
0.0538762 8.5e-06
0.0541403 8.5e-06
0.0544044 8.5e-06
0.0546685 8.5e-06
0.0549326 8.5e-06
0.0551967 8.5e-06
0.0554608 8.5e-06
0.0557249 8.5e-06
0.055989 8.5e-06
0.0562531 8.5e-06
0.0565172 8.5e-06
0.0567813 8.5e-06
0.0570454 8.5e-06
0.0573095 8.5e-06
0.0575736 8.5e-06
0.0578377 8.5e-06
0.0581018 8.5e-06
0.0583659 8.5e-06
0.05863 8.5e-06
0.0588941 8.5e-06
0.0591582 8.5e-06
0.0594223 8.75e-06
0.0596864 9e-06
0.0599505 9e-06
0.0602146 9e-06
0.0604787 9e-06
0.0607428 9.25e-06
0.0610069 9.25e-06
0.0612709 9.25e-06
0.061535 9.25e-06
0.0617991 9.25e-06
0.0620632 9.5e-06
0.0623273 9.5e-06
0.0625914 9.5e-06
0.0628555 9.5e-06
0.0631196 9.5e-06
0.0633837 9.5e-06
0.0636478 9.5e-06
0.0639119 9.5e-06
0.064176 9.75e-06
0.0644401 9.75e-06
0.0647042 9.75e-06
0.0649683 1e-05
0.0652324 1e-05
0.0654965 1e-05
0.0657606 1e-05
0.0660247 1e-05
0.0662888 1e-05
0.0665529 1e-05
0.066817 1e-05
0.0670811 1e-05
0.0673452 1e-05
0.0676093 1e-05
0.0678734 1e-05
0.0681375 1.025e-05
0.0684016 1.05e-05
0.0686657 1.05e-05
0.0689298 1.05e-05
0.0691939 1.05e-05
0.069458 1.05e-05
0.0697221 1.05e-05
0.0699862 1.05e-05
0.0702503 1.05e-05
0.0705144 1.05e-05
0.0707785 1.05e-05
0.0710426 1.05e-05
0.0713067 1.05e-05
0.0715708 1.05e-05
0.0718349 1.05e-05
0.072099 1.05e-05
0.0723631 1.05e-05
0.0726272 1.05e-05
0.0728913 1.05e-05
0.0731554 1.05e-05
0.0734195 1.05e-05
0.0736836 1.05e-05
0.0739477 1.05e-05
0.0742118 1.05e-05
0.0744759 1.05e-05
0.07474 1.05e-05
0.0750041 1.05e-05
0.0752682 1.05e-05
0.0755323 1.05e-05
0.0757964 1.05e-05
0.0760605 1.05e-05
0.0763246 1.05e-05
0.0765887 1.05e-05
0.0768528 1.05e-05
0.0771169 1.05e-05
0.077381 1.05e-05
0.0776451 1.05e-05
0.0779092 1.05e-05
0.0781733 1.05e-05
0.0784374 1.05e-05
0.0787015 1.05e-05
0.0789656 1.05e-05
0.0792297 1.05e-05
0.0794938 1.05e-05
0.0797579 1.05e-05
0.080022 1.05e-05
0.0802861 1.05e-05
0.0805502 1.05e-05
0.0808143 1.05e-05
0.0810784 1.05e-05
0.0813425 1.05e-05
0.0816066 1.05e-05
0.0818707 1.05e-05
0.0821348 1.05e-05
0.0823989 1.05e-05
0.082663 1.075e-05
0.0829271 1.075e-05
0.0831912 1.075e-05
0.0834553 1.075e-05
0.0837194 1.075e-05
0.0839835 1.075e-05
0.0842476 1.075e-05
0.0845117 1.1e-05
0.0847758 1.1e-05
0.0850399 1.1e-05
0.085304 1.1e-05
0.0855681 1.1e-05
0.0858321 1.1e-05
0.0860962 1.1e-05
0.0863603 1.1e-05
0.0866244 1.125e-05
0.0868885 1.125e-05
0.0871526 1.125e-05
0.0874167 1.125e-05
0.0876808 1.125e-05
0.0879449 1.175e-05
0.088209 1.175e-05
0.0884731 1.175e-05
0.0887372 1.175e-05
0.0890013 1.2e-05
0.0892654 1.2e-05
0.0895295 1.2e-05
0.0897936 1.2e-05
0.0900577 1.2e-05
0.0903218 1.2e-05
0.0905859 1.2e-05
0.09085 1.2e-05
0.0911141 1.2e-05
0.0913782 1.2e-05
0.0916423 1.2e-05
0.0919064 1.2e-05
0.0921705 1.2e-05
0.0924346 1.2e-05
0.0926987 1.2e-05
0.0929628 1.2e-05
0.0932269 1.2e-05
0.093491 1.225e-05
0.0937551 1.225e-05
0.0940192 1.225e-05
0.0942833 1.225e-05
0.0945474 1.225e-05
0.0948115 1.225e-05
0.0950756 1.225e-05
0.0953397 1.225e-05
0.0956038 1.25e-05
0.0958679 1.25e-05
0.096132 1.275e-05
0.0963961 1.275e-05
0.0966602 1.275e-05
0.0969243 1.275e-05
0.0971884 1.275e-05
0.0974525 1.275e-05
0.0977166 1.275e-05
0.0979807 1.275e-05
0.0982448 1.275e-05
0.0985089 1.275e-05
0.098773 1.275e-05
0.0990371 1.275e-05
0.0993012 1.275e-05
0.0995653 1.275e-05
0.0998294 1.275e-05
0.100093 1.275e-05
0.100358 1.275e-05
0.100622 1.3e-05
0.100886 1.3e-05
0.10115 1.3e-05
0.101414 1.3e-05
0.101678 1.3e-05
0.101942 1.3e-05
0.102206 1.3e-05
0.10247 1.3e-05
0.102734 1.3e-05
0.102999 1.3e-05
0.103263 1.3e-05
0.103527 1.325e-05
0.103791 1.325e-05
0.104055 1.325e-05
0.104319 1.35e-05
0.104583 1.35e-05
0.104847 1.35e-05
0.105111 1.35e-05
0.105375 1.35e-05
0.10564 1.35e-05
0.105904 1.35e-05
0.106168 1.375e-05
0.106432 1.375e-05
0.106696 1.375e-05
0.10696 1.4e-05
0.107224 1.4e-05
0.107488 1.4e-05
0.107752 1.4e-05
0.108016 1.4e-05
0.108281 1.4e-05
0.108545 1.4e-05
0.108809 1.4e-05
0.109073 1.4e-05
0.109337 1.425e-05
0.109601 1.425e-05
0.109865 1.425e-05
0.110129 1.425e-05
0.110393 1.425e-05
0.110657 1.425e-05
0.110922 1.425e-05
0.111186 1.425e-05
0.11145 1.425e-05
0.111714 1.425e-05
0.111978 1.425e-05
0.112242 1.425e-05
0.112506 1.425e-05
0.11277 1.425e-05
0.113034 1.425e-05
0.113298 1.425e-05
0.113563 1.45e-05
0.113827 1.45e-05
0.114091 1.45e-05
0.114355 1.45e-05
0.114619 1.45e-05
0.114883 1.45e-05
0.115147 1.45e-05
0.115411 1.45e-05
0.115675 1.45e-05
0.115939 1.45e-05
0.116204 1.45e-05
0.116468 1.45e-05
0.116732 1.45e-05
0.116996 1.45e-05
0.11726 1.45e-05
0.117524 1.45e-05
0.117788 1.475e-05
0.118052 1.5e-05
0.118316 1.5e-05
0.11858 1.5e-05
0.118845 1.5e-05
0.119109 1.5e-05
0.119373 1.5e-05
0.119637 1.5e-05
0.119901 1.5e-05
0.120165 1.5e-05
0.120429 1.5e-05
0.120693 1.5e-05
0.120957 1.5e-05
0.121221 1.525e-05
0.121486 1.525e-05
0.12175 1.525e-05
0.122014 1.525e-05
0.122278 1.55e-05
0.122542 1.55e-05
0.122806 1.55e-05
0.12307 1.55e-05
0.123334 1.55e-05
0.123598 1.55e-05
0.123862 1.55e-05
0.124126 1.55e-05
0.124391 1.55e-05
0.124655 1.55e-05
0.124919 1.55e-05
0.125183 1.55e-05
0.125447 1.55e-05
0.125711 1.55e-05
0.125975 1.575e-05
0.126239 1.6e-05
0.126503 1.6e-05
0.126767 1.6e-05
0.127032 1.6e-05
0.127296 1.6e-05
0.12756 1.625e-05
0.127824 1.65e-05
0.128088 1.65e-05
0.128352 1.65e-05
0.128616 1.65e-05
0.12888 1.65e-05
0.129144 1.65e-05
0.129408 1.65e-05
0.129673 1.65e-05
0.129937 1.7e-05
0.130201 1.7e-05
0.130465 1.7e-05
0.130729 1.7e-05
0.130993 1.7e-05
0.131257 1.7e-05
0.131521 1.7e-05
0.131785 1.7e-05
0.132049 1.725e-05
0.132314 1.725e-05
0.132578 1.725e-05
0.132842 1.725e-05
0.133106 1.725e-05
0.13337 1.725e-05
0.133634 1.725e-05
0.133898 1.75e-05
0.134162 1.75e-05
0.134426 1.75e-05
0.13469 1.75e-05
0.134955 1.775e-05
0.135219 1.775e-05
0.135483 1.775e-05
0.135747 1.775e-05
0.136011 1.775e-05
0.136275 1.775e-05
0.136539 1.8e-05
0.136803 1.8e-05
0.137067 1.8e-05
0.137331 1.8e-05
0.137596 1.8e-05
0.13786 1.8e-05
0.138124 1.8e-05
0.138388 1.8e-05
0.138652 1.8e-05
0.138916 1.8e-05
0.13918 1.825e-05
0.139444 1.825e-05
0.139708 1.825e-05
0.139972 1.825e-05
0.140237 1.825e-05
0.140501 1.825e-05
0.140765 1.825e-05
0.141029 1.825e-05
0.141293 1.825e-05
0.141557 1.825e-05
0.141821 1.825e-05
0.142085 1.825e-05
0.142349 1.825e-05
0.142613 1.825e-05
0.142878 1.825e-05
0.143142 1.825e-05
0.143406 1.825e-05
0.14367 1.825e-05
0.143934 1.825e-05
0.144198 1.825e-05
0.144462 1.825e-05
0.144726 1.825e-05
0.14499 1.825e-05
0.145254 1.825e-05
0.145519 1.825e-05
0.145783 1.825e-05
0.146047 1.825e-05
0.146311 1.825e-05
0.146575 1.825e-05
0.146839 1.825e-05
0.147103 1.825e-05
0.147367 1.825e-05
0.147631 1.825e-05
0.147895 1.825e-05
0.148159 1.825e-05
0.148424 1.85e-05
0.148688 1.85e-05
0.148952 1.85e-05
0.149216 1.85e-05
0.14948 1.875e-05
0.149744 1.875e-05
0.150008 1.875e-05
0.150272 1.875e-05
0.150536 1.875e-05
0.1508 1.875e-05
0.151065 1.875e-05
0.151329 1.875e-05
0.151593 1.875e-05
0.151857 1.875e-05
0.152121 1.875e-05
0.152385 1.875e-05
0.152649 1.875e-05
0.152913 1.875e-05
0.153177 1.875e-05
0.153441 1.9e-05
0.153706 1.9e-05
0.15397 1.9e-05
0.154234 1.9e-05
0.154498 1.9e-05
0.154762 1.9e-05
0.155026 1.9e-05
0.15529 1.9e-05
0.155554 1.9e-05
0.155818 1.9e-05
0.156082 1.9e-05
0.156347 1.9e-05
0.156611 1.925e-05
0.156875 1.925e-05
0.157139 1.95e-05
0.157403 1.95e-05
0.157667 1.95e-05
0.157931 1.95e-05
0.158195 1.95e-05
0.158459 1.975e-05
0.158723 1.975e-05
0.158988 2e-05
0.159252 2e-05
0.159516 2e-05
0.15978 2e-05
0.160044 2e-05
0.160308 2e-05
0.160572 2e-05
0.160836 2e-05
0.1611 2e-05
0.161364 2e-05
0.161629 2.025e-05
0.161893 2.025e-05
0.162157 2.025e-05
0.162421 2.025e-05
0.162685 2.075e-05
0.162949 2.075e-05
0.163213 2.075e-05
0.163477 2.075e-05
0.163741 2.075e-05
0.164005 2.075e-05
0.16427 2.075e-05
0.164534 2.1e-05
0.164798 2.1e-05
0.165062 2.1e-05
0.165326 2.1e-05
0.16559 2.1e-05
0.165854 2.125e-05
0.166118 2.125e-05
0.166382 2.125e-05
0.166646 2.125e-05
0.166911 2.125e-05
0.167175 2.15e-05
0.167439 2.175e-05
0.167703 2.175e-05
0.167967 2.2e-05
0.168231 2.2e-05
0.168495 2.2e-05
0.168759 2.2e-05
0.169023 2.2e-05
0.169287 2.2e-05
0.169552 2.2e-05
0.169816 2.2e-05
0.17008 2.2e-05
0.170344 2.2e-05
0.170608 2.2e-05
0.170872 2.2e-05
0.171136 2.2e-05
0.1714 2.2e-05
0.171664 2.225e-05
0.171928 2.225e-05
0.172192 2.25e-05
0.172457 2.25e-05
0.172721 2.25e-05
0.172985 2.25e-05
0.173249 2.25e-05
0.173513 2.25e-05
0.173777 2.25e-05
0.174041 2.25e-05
0.174305 2.25e-05
0.174569 2.25e-05
0.174833 2.25e-05
0.175098 2.25e-05
0.175362 2.25e-05
0.175626 2.25e-05
0.17589 2.25e-05
0.176154 2.275e-05
0.176418 2.275e-05
0.176682 2.275e-05
0.176946 2.275e-05
0.17721 2.275e-05
0.177474 2.275e-05
0.177739 2.275e-05
0.178003 2.275e-05
0.178267 2.275e-05
0.178531 2.275e-05
0.178795 2.275e-05
0.179059 2.275e-05
0.179323 2.3e-05
0.179587 2.3e-05
0.179851 2.3e-05
0.180115 2.3e-05
0.18038 2.3e-05
0.180644 2.3e-05
0.180908 2.3e-05
0.181172 2.325e-05
0.181436 2.325e-05
0.1817 2.325e-05
0.181964 2.325e-05
0.182228 2.325e-05
0.182492 2.325e-05
0.182756 2.325e-05
0.183021 2.325e-05
0.183285 2.325e-05
0.183549 2.325e-05
0.183813 2.325e-05
0.184077 2.325e-05
0.184341 2.325e-05
0.184605 2.35e-05
0.184869 2.35e-05
0.185133 2.35e-05
0.185397 2.35e-05
0.185662 2.35e-05
0.185926 2.35e-05
0.18619 2.35e-05
0.186454 2.375e-05
0.186718 2.375e-05
0.186982 2.375e-05
0.187246 2.375e-05
0.18751 2.375e-05
0.187774 2.375e-05
0.188038 2.375e-05
0.188303 2.375e-05
0.188567 2.375e-05
0.188831 2.375e-05
0.189095 2.4e-05
0.189359 2.4e-05
0.189623 2.4e-05
0.189887 2.4e-05
0.190151 2.425e-05
0.190415 2.425e-05
0.190679 2.45e-05
0.190944 2.45e-05
0.191208 2.45e-05
0.191472 2.45e-05
0.191736 2.45e-05
0.192 2.45e-05
0.192264 2.475e-05
0.192528 2.475e-05
0.192792 2.475e-05
0.193056 2.525e-05
0.19332 2.55e-05
0.193585 2.55e-05
0.193849 2.55e-05
0.194113 2.55e-05
0.194377 2.55e-05
0.194641 2.55e-05
0.194905 2.55e-05
0.195169 2.55e-05
0.195433 2.55e-05
0.195697 2.55e-05
0.195961 2.575e-05
0.196225 2.575e-05
0.19649 2.575e-05
0.196754 2.575e-05
0.197018 2.625e-05
0.197282 2.625e-05
0.197546 2.65e-05
0.19781 2.65e-05
0.198074 2.65e-05
0.198338 2.65e-05
0.198602 2.65e-05
0.198866 2.675e-05
0.199131 2.675e-05
0.199395 2.675e-05
0.199659 2.675e-05
0.199923 2.675e-05
0.200187 2.7e-05
0.200451 2.7e-05
0.200715 2.725e-05
0.200979 2.725e-05
0.201243 2.725e-05
0.201507 2.725e-05
0.201772 2.75e-05
0.202036 2.775e-05
0.2023 2.775e-05
0.202564 2.775e-05
0.202828 2.775e-05
0.203092 2.8e-05
0.203356 2.8e-05
0.20362 2.8e-05
0.203884 2.8e-05
0.204148 2.8e-05
0.204413 2.8e-05
0.204677 2.8e-05
0.204941 2.8e-05
0.205205 2.8e-05
0.205469 2.8e-05
0.205733 2.8e-05
0.205997 2.825e-05
0.206261 2.825e-05
0.206525 2.825e-05
0.206789 2.825e-05
0.207054 2.825e-05
0.207318 2.875e-05
0.207582 2.875e-05
0.207846 2.875e-05
0.20811 2.9e-05
0.208374 2.9e-05
0.208638 2.9e-05
0.208902 2.9e-05
0.209166 2.9e-05
0.20943 2.9e-05
0.209695 2.9e-05
0.209959 2.9e-05
0.210223 2.9e-05
0.210487 2.9e-05
0.210751 2.9e-05
0.211015 2.9e-05
0.211279 2.9e-05
0.211543 2.9e-05
0.211807 2.925e-05
0.212071 2.925e-05
0.212336 2.925e-05
0.2126 2.925e-05
0.212864 2.925e-05
0.213128 2.925e-05
0.213392 2.95e-05
0.213656 2.95e-05
0.21392 2.95e-05
0.214184 2.95e-05
0.214448 2.95e-05
0.214712 2.95e-05
0.214977 2.95e-05
0.215241 2.95e-05
0.215505 2.975e-05
0.215769 2.975e-05
0.216033 2.975e-05
0.216297 2.975e-05
0.216561 2.975e-05
0.216825 2.975e-05
0.217089 2.975e-05
0.217353 2.975e-05
0.217618 3e-05
0.217882 3e-05
0.218146 3e-05
0.21841 3e-05
0.218674 3e-05
0.218938 3e-05
0.219202 3e-05
0.219466 3e-05
0.21973 3e-05
0.219994 3.025e-05
0.220259 3.025e-05
0.220523 3.025e-05
0.220787 3.025e-05
0.221051 3.025e-05
0.221315 3.025e-05
0.221579 3.025e-05
0.221843 3.025e-05
0.222107 3.05e-05
0.222371 3.05e-05
0.222635 3.05e-05
0.222899 3.05e-05
0.223164 3.05e-05
0.223428 3.05e-05
0.223692 3.05e-05
0.223956 3.05e-05
0.22422 3.05e-05
0.224484 3.05e-05
0.224748 3.05e-05
0.225012 3.05e-05
0.225276 3.05e-05
0.22554 3.05e-05
0.225805 3.05e-05
0.226069 3.05e-05
0.226333 3.05e-05
0.226597 3.05e-05
0.226861 3.075e-05
0.227125 3.1e-05
0.227389 3.1e-05
0.227653 3.1e-05
0.227917 3.1e-05
0.228181 3.1e-05
0.228446 3.1e-05
0.22871 3.15e-05
0.228974 3.15e-05
0.229238 3.15e-05
0.229502 3.15e-05
0.229766 3.15e-05
0.23003 3.15e-05
0.230294 3.15e-05
0.230558 3.15e-05
0.230822 3.2e-05
0.231087 3.2e-05
0.231351 3.2e-05
0.231615 3.2e-05
0.231879 3.2e-05
0.232143 3.2e-05
0.232407 3.2e-05
0.232671 3.2e-05
0.232935 3.2e-05
0.233199 3.2e-05
0.233463 3.225e-05
0.233728 3.225e-05
0.233992 3.25e-05
0.234256 3.25e-05
0.23452 3.25e-05
0.234784 3.275e-05
0.235048 3.275e-05
0.235312 3.275e-05
0.235576 3.275e-05
0.23584 3.275e-05
0.236104 3.275e-05
0.236369 3.275e-05
0.236633 3.275e-05
0.236897 3.275e-05
0.237161 3.275e-05
0.237425 3.275e-05
0.237689 3.275e-05
0.237953 3.275e-05
0.238217 3.275e-05
0.238481 3.275e-05
0.238745 3.275e-05
0.23901 3.275e-05
0.239274 3.275e-05
0.239538 3.275e-05
0.239802 3.275e-05
0.240066 3.275e-05
0.24033 3.275e-05
0.240594 3.275e-05
0.240858 3.275e-05
0.241122 3.275e-05
0.241386 3.275e-05
0.241651 3.275e-05
0.241915 3.275e-05
0.242179 3.275e-05
0.242443 3.275e-05
0.242707 3.275e-05
0.242971 3.3e-05
0.243235 3.3e-05
0.243499 3.3e-05
0.243763 3.3e-05
0.244027 3.3e-05
0.244292 3.3e-05
0.244556 3.3e-05
0.24482 3.3e-05
0.245084 3.3e-05
0.245348 3.3e-05
0.245612 3.3e-05
0.245876 3.3e-05
0.24614 3.3e-05
0.246404 3.3e-05
0.246668 3.3e-05
0.246932 3.325e-05
0.247197 3.325e-05
0.247461 3.325e-05
0.247725 3.325e-05
0.247989 3.325e-05
0.248253 3.35e-05
0.248517 3.35e-05
0.248781 3.35e-05
0.249045 3.35e-05
0.249309 3.35e-05
0.249573 3.35e-05
0.249838 3.35e-05
0.250102 3.35e-05
0.250366 3.35e-05
0.25063 3.35e-05
0.250894 3.375e-05
0.251158 3.375e-05
0.251422 3.375e-05
0.251686 3.375e-05
0.25195 3.375e-05
0.252214 3.375e-05
0.252479 3.375e-05
0.252743 3.375e-05
0.253007 3.375e-05
0.253271 3.375e-05
0.253535 3.375e-05
0.253799 3.375e-05
0.254063 3.375e-05
0.254327 3.375e-05
0.254591 3.375e-05
0.254855 3.4e-05
0.25512 3.4e-05
0.255384 3.4e-05
0.255648 3.4e-05
0.255912 3.4e-05
0.256176 3.4e-05
0.25644 3.4e-05
0.256704 3.4e-05
0.256968 3.4e-05
0.257232 3.4e-05
0.257496 3.4e-05
0.257761 3.4e-05
0.258025 3.4e-05
0.258289 3.4e-05
0.258553 3.4e-05
0.258817 3.4e-05
0.259081 3.425e-05
0.259345 3.425e-05
0.259609 3.425e-05
0.259873 3.425e-05
0.260137 3.425e-05
0.260402 3.425e-05
0.260666 3.425e-05
0.26093 3.425e-05
0.261194 3.425e-05
0.261458 3.425e-05
0.261722 3.425e-05
0.261986 3.425e-05
0.26225 3.425e-05
0.262514 3.425e-05
0.262778 3.425e-05
0.263043 3.425e-05
0.263307 3.425e-05
0.263571 3.425e-05
0.263835 3.45e-05
0.264099 3.45e-05
0.264363 3.45e-05
0.264627 3.475e-05
0.264891 3.475e-05
0.265155 3.475e-05
0.265419 3.475e-05
0.265684 3.475e-05
0.265948 3.475e-05
0.266212 3.475e-05
0.266476 3.475e-05
0.26674 3.475e-05
0.267004 3.475e-05
0.267268 3.475e-05
0.267532 3.475e-05
0.267796 3.475e-05
0.26806 3.475e-05
0.268325 3.475e-05
0.268589 3.475e-05
0.268853 3.525e-05
0.269117 3.525e-05
0.269381 3.525e-05
0.269645 3.525e-05
0.269909 3.525e-05
0.270173 3.525e-05
0.270437 3.525e-05
0.270701 3.55e-05
0.270965 3.55e-05
0.27123 3.55e-05
0.271494 3.55e-05
0.271758 3.55e-05
0.272022 3.55e-05
0.272286 3.55e-05
0.27255 3.575e-05
0.272814 3.575e-05
0.273078 3.575e-05
0.273342 3.575e-05
0.273606 3.575e-05
0.273871 3.575e-05
0.274135 3.575e-05
0.274399 3.575e-05
0.274663 3.575e-05
0.274927 3.6e-05
0.275191 3.6e-05
0.275455 3.6e-05
0.275719 3.6e-05
0.275983 3.6e-05
0.276247 3.6e-05
0.276512 3.6e-05
0.276776 3.6e-05
0.27704 3.625e-05
0.277304 3.625e-05
0.277568 3.625e-05
0.277832 3.625e-05
0.278096 3.625e-05
0.27836 3.625e-05
0.278624 3.625e-05
0.278888 3.625e-05
0.279153 3.625e-05
0.279417 3.625e-05
0.279681 3.625e-05
0.279945 3.625e-05
0.280209 3.625e-05
0.280473 3.625e-05
0.280737 3.625e-05
0.281001 3.625e-05
0.281265 3.625e-05
0.281529 3.625e-05
0.281794 3.625e-05
0.282058 3.65e-05
0.282322 3.65e-05
0.282586 3.65e-05
0.28285 3.675e-05
0.283114 3.675e-05
0.283378 3.675e-05
0.283642 3.675e-05
0.283906 3.675e-05
0.28417 3.675e-05
0.284435 3.7e-05
0.284699 3.7e-05
0.284963 3.7e-05
0.285227 3.7e-05
0.285491 3.7e-05
0.285755 3.7e-05
0.286019 3.7e-05
0.286283 3.7e-05
0.286547 3.7e-05
0.286811 3.7e-05
0.287076 3.7e-05
0.28734 3.725e-05
0.287604 3.725e-05
0.287868 3.725e-05
0.288132 3.725e-05
0.288396 3.725e-05
0.28866 3.725e-05
0.288924 3.725e-05
0.289188 3.725e-05
0.289452 3.725e-05
0.289717 3.725e-05
0.289981 3.725e-05
0.290245 3.725e-05
0.290509 3.725e-05
0.290773 3.725e-05
0.291037 3.725e-05
0.291301 3.725e-05
0.291565 3.725e-05
0.291829 3.725e-05
0.292093 3.725e-05
0.292358 3.725e-05
0.292622 3.75e-05
0.292886 3.75e-05
0.29315 3.75e-05
0.293414 3.75e-05
0.293678 3.75e-05
0.293942 3.75e-05
0.294206 3.75e-05
0.29447 3.75e-05
0.294734 3.75e-05
0.294998 3.75e-05
0.295263 3.75e-05
0.295527 3.75e-05
0.295791 3.75e-05
0.296055 3.75e-05
0.296319 3.75e-05
0.296583 3.75e-05
0.296847 3.75e-05
0.297111 3.75e-05
0.297375 3.75e-05
0.297639 3.75e-05
0.297904 3.775e-05
0.298168 3.775e-05
0.298432 3.8e-05
0.298696 3.8e-05
0.29896 3.8e-05
0.299224 3.8e-05
0.299488 3.8e-05
0.299752 3.8e-05
0.300016 3.825e-05
0.30028 3.825e-05
0.300545 3.825e-05
0.300809 3.825e-05
0.301073 3.825e-05
0.301337 3.825e-05
0.301601 3.825e-05
0.301865 3.825e-05
0.302129 3.825e-05
0.302393 3.825e-05
0.302657 3.825e-05
0.302921 3.825e-05
0.303186 3.825e-05
0.30345 3.825e-05
0.303714 3.825e-05
0.303978 3.825e-05
0.304242 3.825e-05
0.304506 3.825e-05
0.30477 3.825e-05
0.305034 3.825e-05
0.305298 3.825e-05
0.305562 3.825e-05
0.305827 3.825e-05
0.306091 3.825e-05
0.306355 3.825e-05
0.306619 3.85e-05
0.306883 3.85e-05
0.307147 3.85e-05
0.307411 3.85e-05
0.307675 3.85e-05
0.307939 3.85e-05
0.308203 3.85e-05
0.308468 3.85e-05
0.308732 3.85e-05
0.308996 3.85e-05
0.30926 3.85e-05
0.309524 3.85e-05
0.309788 3.85e-05
0.310052 3.85e-05
0.310316 3.85e-05
0.31058 3.85e-05
0.310844 3.85e-05
0.311109 3.85e-05
0.311373 3.875e-05
0.311637 3.875e-05
0.311901 3.875e-05
0.312165 3.875e-05
0.312429 3.875e-05
0.312693 3.875e-05
0.312957 3.875e-05
0.313221 3.875e-05
0.313485 3.875e-05
0.31375 3.875e-05
0.314014 3.875e-05
0.314278 3.875e-05
0.314542 3.9e-05
0.314806 3.9e-05
0.31507 3.9e-05
0.315334 3.9e-05
0.315598 3.9e-05
0.315862 3.9e-05
0.316126 3.9e-05
0.316391 3.9e-05
0.316655 3.925e-05
0.316919 3.925e-05
0.317183 3.925e-05
0.317447 3.925e-05
0.317711 3.925e-05
0.317975 3.925e-05
0.318239 3.925e-05
0.318503 3.925e-05
0.318767 3.925e-05
0.319031 3.95e-05
0.319296 3.95e-05
0.31956 3.975e-05
0.319824 4e-05
0.320088 4e-05
0.320352 4e-05
0.320616 4e-05
0.32088 4e-05
0.321144 4e-05
0.321408 4e-05
0.321672 4e-05
0.321937 4e-05
0.322201 4e-05
0.322465 4e-05
0.322729 4e-05
0.322993 4e-05
0.323257 4.025e-05
0.323521 4.025e-05
0.323785 4.025e-05
0.324049 4.025e-05
0.324313 4.05e-05
0.324578 4.05e-05
0.324842 4.05e-05
0.325106 4.05e-05
0.32537 4.05e-05
0.325634 4.05e-05
0.325898 4.05e-05
0.326162 4.05e-05
0.326426 4.075e-05
0.32669 4.1e-05
0.326954 4.1e-05
0.327219 4.1e-05
0.327483 4.1e-05
0.327747 4.1e-05
0.328011 4.1e-05
0.328275 4.1e-05
0.328539 4.1e-05
0.328803 4.1e-05
0.329067 4.175e-05
0.329331 4.175e-05
0.329595 4.175e-05
0.32986 4.175e-05
0.330124 4.175e-05
0.330388 4.175e-05
0.330652 4.175e-05
0.330916 4.175e-05
0.33118 4.175e-05
0.331444 4.25e-05
0.331708 4.25e-05
0.331972 4.275e-05
0.332236 4.3e-05
0.332501 4.3e-05
0.332765 4.3e-05
0.333029 4.3e-05
0.333293 4.35e-05
0.333557 4.35e-05
0.333821 4.35e-05
0.334085 4.35e-05
0.334349 4.35e-05
0.334613 4.35e-05
0.334877 4.35e-05
0.335142 4.35e-05
0.335406 4.35e-05
0.33567 4.4e-05
0.335934 4.425e-05
0.336198 4.525e-05
0.336462 4.55e-05
0.336726 4.55e-05
0.33699 4.55e-05
0.337254 4.55e-05
0.337518 4.55e-05
0.337783 4.55e-05
0.338047 4.55e-05
0.338311 4.55e-05
0.338575 4.55e-05
0.338839 4.55e-05
0.339103 4.55e-05
0.339367 4.55e-05
0.339631 4.55e-05
0.339895 4.575e-05
0.340159 4.575e-05
0.340424 4.575e-05
0.340688 4.575e-05
0.340952 4.575e-05
0.341216 4.575e-05
0.34148 4.575e-05
0.341744 4.575e-05
0.342008 4.6e-05
0.342272 4.6e-05
0.342536 4.6e-05
0.3428 4.6e-05
0.343064 4.6e-05
0.343329 4.6e-05
0.343593 4.6e-05
0.343857 4.6e-05
0.344121 4.6e-05
0.344385 4.6e-05
0.344649 4.6e-05
0.344913 4.6e-05
0.345177 4.6e-05
0.345441 4.6e-05
0.345705 4.6e-05
0.34597 4.6e-05
0.346234 4.625e-05
0.346498 4.65e-05
0.346762 4.65e-05
0.347026 4.65e-05
0.34729 4.65e-05
0.347554 4.65e-05
0.347818 4.675e-05
0.348082 4.675e-05
0.348346 4.675e-05
0.348611 4.675e-05
0.348875 4.7e-05
0.349139 4.7e-05
0.349403 4.7e-05
0.349667 4.7e-05
0.349931 4.7e-05
0.350195 4.7e-05
0.350459 4.7e-05
0.350723 4.725e-05
0.350987 4.725e-05
0.351252 4.725e-05
0.351516 4.725e-05
0.35178 4.725e-05
0.352044 4.725e-05
0.352308 4.725e-05
0.352572 4.725e-05
0.352836 4.725e-05
0.3531 4.725e-05
0.353364 4.725e-05
0.353628 4.725e-05
0.353893 4.725e-05
0.354157 4.75e-05
0.354421 4.75e-05
0.354685 4.75e-05
0.354949 4.75e-05
0.355213 4.75e-05
0.355477 4.75e-05
0.355741 4.75e-05
0.356005 4.75e-05
0.356269 4.75e-05
0.356534 4.75e-05
0.356798 4.75e-05
0.357062 4.75e-05
0.357326 4.75e-05
0.35759 4.75e-05
0.357854 4.75e-05
0.358118 4.775e-05
0.358382 4.775e-05
0.358646 4.775e-05
0.35891 4.775e-05
0.359175 4.775e-05
0.359439 4.775e-05
0.359703 4.775e-05
0.359967 4.775e-05
0.360231 4.8e-05
0.360495 4.8e-05
0.360759 4.825e-05
0.361023 4.825e-05
0.361287 4.825e-05
0.361551 4.825e-05
0.361816 4.825e-05
0.36208 4.825e-05
0.362344 4.825e-05
0.362608 4.825e-05
0.362872 4.825e-05
0.363136 4.825e-05
0.3634 4.825e-05
0.363664 4.85e-05
0.363928 4.9e-05
0.364192 4.925e-05
0.364457 4.925e-05
0.364721 4.925e-05
0.364985 4.925e-05
0.365249 4.925e-05
0.365513 4.925e-05
0.365777 4.925e-05
0.366041 4.925e-05
0.366305 4.925e-05
0.366569 4.925e-05
0.366833 4.925e-05
0.367098 4.925e-05
0.367362 4.925e-05
0.367626 4.95e-05
0.36789 4.95e-05
0.368154 4.95e-05
0.368418 4.95e-05
0.368682 4.975e-05
0.368946 4.975e-05
0.36921 5e-05
0.369474 5e-05
0.369738 5.05e-05
0.370003 5.05e-05
0.370267 5.05e-05
0.370531 5.05e-05
0.370795 5.05e-05
0.371059 5.05e-05
0.371323 5.05e-05
0.371587 5.05e-05
0.371851 5.05e-05
0.372115 5.05e-05
0.372379 5.05e-05
0.372644 5.05e-05
0.372908 5.05e-05
0.373172 5.05e-05
0.373436 5.05e-05
0.3737 5.05e-05
0.373964 5.2e-05
0.374228 5.2e-05
0.374492 5.2e-05
0.374756 5.2e-05
0.37502 5.2e-05
0.375285 5.25e-05
0.375549 5.25e-05
0.375813 5.25e-05
0.376077 5.25e-05
0.376341 5.25e-05
0.376605 5.25e-05
0.376869 5.25e-05
0.377133 5.25e-05
0.377397 5.25e-05
0.377661 5.275e-05
0.377926 5.275e-05
0.37819 5.275e-05
0.378454 5.275e-05
0.378718 5.275e-05
0.378982 5.275e-05
0.379246 5.275e-05
0.37951 5.275e-05
0.379774 5.275e-05
0.380038 5.275e-05
0.380302 5.3e-05
0.380567 5.3e-05
0.380831 5.3e-05
0.381095 5.3e-05
0.381359 5.325e-05
0.381623 5.325e-05
0.381887 5.325e-05
0.382151 5.325e-05
0.382415 5.325e-05
0.382679 5.35e-05
0.382943 5.35e-05
0.383208 5.35e-05
0.383472 5.35e-05
0.383736 5.35e-05
0.384 5.35e-05
0.384264 5.4e-05
0.384528 5.4e-05
0.384792 5.4e-05
0.385056 5.4e-05
0.38532 5.525e-05
0.385584 5.525e-05
0.385849 5.525e-05
0.386113 5.525e-05
0.386377 5.525e-05
0.386641 5.525e-05
0.386905 5.525e-05
0.387169 5.525e-05
0.387433 5.525e-05
0.387697 5.525e-05
0.387961 5.525e-05
0.388225 5.525e-05
0.38849 5.525e-05
0.388754 5.525e-05
0.389018 5.525e-05
0.389282 5.525e-05
0.389546 5.55e-05
0.38981 5.55e-05
0.390074 5.55e-05
0.390338 5.55e-05
0.390602 5.55e-05
0.390866 5.55e-05
0.391131 5.55e-05
0.391395 5.55e-05
0.391659 5.55e-05
0.391923 5.55e-05
0.392187 5.55e-05
0.392451 5.55e-05
0.392715 5.55e-05
0.392979 5.55e-05
0.393243 5.55e-05
0.393507 5.55e-05
0.393771 5.55e-05
0.394036 5.55e-05
0.3943 5.55e-05
0.394564 5.55e-05
0.394828 5.55e-05
0.395092 5.55e-05
0.395356 5.55e-05
0.39562 5.55e-05
0.395884 5.55e-05
0.396148 5.55e-05
0.396412 5.55e-05
0.396677 5.55e-05
0.396941 5.55e-05
0.397205 5.55e-05
0.397469 5.55e-05
0.397733 5.55e-05
0.397997 5.55e-05
0.398261 5.55e-05
0.398525 5.55e-05
0.398789 5.55e-05
0.399053 5.55e-05
0.399318 5.55e-05
0.399582 5.55e-05
0.399846 5.575e-05
0.40011 5.575e-05
0.400374 5.575e-05
0.400638 5.575e-05
0.400902 5.575e-05
0.401166 5.575e-05
0.40143 5.575e-05
0.401694 5.575e-05
0.401959 5.575e-05
0.402223 5.575e-05
0.402487 5.575e-05
0.402751 5.575e-05
0.403015 5.575e-05
0.403279 5.575e-05
0.403543 5.575e-05
0.403807 5.575e-05
0.404071 5.575e-05
0.404335 5.575e-05
0.4046 5.575e-05
0.404864 5.575e-05
0.405128 5.575e-05
0.405392 5.575e-05
0.405656 5.575e-05
0.40592 5.575e-05
0.406184 5.575e-05
0.406448 5.6e-05
0.406712 5.6e-05
0.406976 5.6e-05
0.407241 5.6e-05
0.407505 5.6e-05
0.407769 5.6e-05
0.408033 5.625e-05
0.408297 5.65e-05
0.408561 5.675e-05
0.408825 5.675e-05
0.409089 5.7e-05
0.409353 5.7e-05
0.409617 5.7e-05
0.409882 5.7e-05
0.410146 5.7e-05
0.41041 5.7e-05
0.410674 5.7e-05
0.410938 5.7e-05
0.411202 5.7e-05
0.411466 5.7e-05
0.41173 5.725e-05
0.411994 5.725e-05
0.412258 5.75e-05
0.412523 5.75e-05
0.412787 5.75e-05
0.413051 5.75e-05
0.413315 5.75e-05
0.413579 5.75e-05
0.413843 5.75e-05
0.414107 5.75e-05
0.414371 5.75e-05
0.414635 5.75e-05
0.414899 5.75e-05
0.415164 5.75e-05
0.415428 5.75e-05
0.415692 5.75e-05
0.415956 5.775e-05
0.41622 5.775e-05
0.416484 5.775e-05
0.416748 5.775e-05
0.417012 5.775e-05
0.417276 5.775e-05
0.41754 5.775e-05
0.417804 5.775e-05
0.418069 5.775e-05
0.418333 5.775e-05
0.418597 5.775e-05
0.418861 5.775e-05
0.419125 5.775e-05
0.419389 5.775e-05
0.419653 5.775e-05
0.419917 5.775e-05
0.420181 5.8e-05
0.420445 5.8e-05
0.42071 5.8e-05
0.420974 5.8e-05
0.421238 5.8e-05
0.421502 5.8e-05
0.421766 5.8e-05
0.42203 5.8e-05
0.422294 5.8e-05
0.422558 5.8e-05
0.422822 5.8e-05
0.423086 5.8e-05
0.423351 5.8e-05
0.423615 5.8e-05
0.423879 5.8e-05
0.424143 5.8e-05
0.424407 5.8e-05
0.424671 5.825e-05
0.424935 5.825e-05
0.425199 5.825e-05
0.425463 5.825e-05
0.425727 5.825e-05
0.425992 5.85e-05
0.426256 5.9e-05
0.42652 5.9e-05
0.426784 5.9e-05
0.427048 5.9e-05
0.427312 5.9e-05
0.427576 5.9e-05
0.42784 5.9e-05
0.428104 5.9e-05
0.428368 5.9e-05
0.428633 5.9e-05
0.428897 5.9e-05
0.429161 5.9e-05
0.429425 5.9e-05
0.429689 5.925e-05
0.429953 5.925e-05
0.430217 5.925e-05
0.430481 5.95e-05
0.430745 5.95e-05
0.431009 5.95e-05
0.431274 5.95e-05
0.431538 5.95e-05
0.431802 5.95e-05
0.432066 5.95e-05
0.43233 5.95e-05
0.432594 5.95e-05
0.432858 5.95e-05
0.433122 5.95e-05
0.433386 5.975e-05
0.43365 5.975e-05
0.433915 5.975e-05
0.434179 5.975e-05
0.434443 5.975e-05
0.434707 5.975e-05
0.434971 6.05e-05
0.435235 6.05e-05
0.435499 6.05e-05
0.435763 6.05e-05
0.436027 6.05e-05
0.436291 6.05e-05
0.436556 6.05e-05
0.43682 6.05e-05
0.437084 6.05e-05
0.437348 6.05e-05
0.437612 6.05e-05
0.437876 6.05e-05
0.43814 6.05e-05
0.438404 6.05e-05
0.438668 6.05e-05
0.438932 6.05e-05
0.439197 6.05e-05
0.439461 6.075e-05
0.439725 6.075e-05
0.439989 6.075e-05
0.440253 6.075e-05
0.440517 6.075e-05
0.440781 6.075e-05
0.441045 6.075e-05
0.441309 6.075e-05
0.441573 6.075e-05
0.441837 6.075e-05
0.442102 6.075e-05
0.442366 6.075e-05
0.44263 6.075e-05
0.442894 6.075e-05
0.443158 6.075e-05
0.443422 6.125e-05
0.443686 6.125e-05
0.44395 6.125e-05
0.444214 6.125e-05
0.444478 6.125e-05
0.444743 6.15e-05
0.445007 6.15e-05
0.445271 6.15e-05
0.445535 6.15e-05
0.445799 6.15e-05
0.446063 6.15e-05
0.446327 6.15e-05
0.446591 6.15e-05
0.446855 6.15e-05
0.447119 6.15e-05
0.447384 6.175e-05
0.447648 6.175e-05
0.447912 6.175e-05
0.448176 6.175e-05
0.44844 6.175e-05
0.448704 6.175e-05
0.448968 6.175e-05
0.449232 6.175e-05
0.449496 6.175e-05
0.44976 6.175e-05
0.450025 6.175e-05
0.450289 6.175e-05
0.450553 6.175e-05
0.450817 6.175e-05
0.451081 6.175e-05
0.451345 6.175e-05
0.451609 6.175e-05
0.451873 6.2e-05
0.452137 6.2e-05
0.452401 6.2e-05
0.452666 6.225e-05
0.45293 6.225e-05
0.453194 6.225e-05
0.453458 6.225e-05
0.453722 6.225e-05
0.453986 6.225e-05
0.45425 6.225e-05
0.454514 6.225e-05
0.454778 6.225e-05
0.455042 6.225e-05
0.455307 6.225e-05
0.455571 6.225e-05
0.455835 6.225e-05
0.456099 6.225e-05
0.456363 6.225e-05
0.456627 6.25e-05
0.456891 6.25e-05
0.457155 6.25e-05
0.457419 6.25e-05
0.457683 6.25e-05
0.457948 6.25e-05
0.458212 6.25e-05
0.458476 6.25e-05
0.45874 6.275e-05
0.459004 6.275e-05
0.459268 6.275e-05
0.459532 6.3e-05
0.459796 6.3e-05
0.46006 6.3e-05
0.460324 6.3e-05
0.460589 6.325e-05
0.460853 6.35e-05
0.461117 6.35e-05
0.461381 6.35e-05
0.461645 6.35e-05
0.461909 6.375e-05
0.462173 6.375e-05
0.462437 6.375e-05
0.462701 6.375e-05
0.462965 6.375e-05
0.46323 6.375e-05
0.463494 6.375e-05
0.463758 6.375e-05
0.464022 6.4e-05
0.464286 6.425e-05
0.46455 6.425e-05
0.464814 6.475e-05
0.465078 6.475e-05
0.465342 6.475e-05
0.465606 6.5e-05
0.46587 6.5e-05
0.466135 6.5e-05
0.466399 6.5e-05
0.466663 6.5e-05
0.466927 6.5e-05
0.467191 6.5e-05
0.467455 6.5e-05
0.467719 6.5e-05
0.467983 6.5e-05
0.468247 6.5e-05
0.468511 6.5e-05
0.468776 6.5e-05
0.46904 6.5e-05
0.469304 6.5e-05
0.469568 6.5e-05
0.469832 6.5e-05
0.470096 6.5e-05
0.47036 6.5e-05
0.470624 6.5e-05
0.470888 6.5e-05
0.471152 6.5e-05
0.471417 6.5e-05
0.471681 6.5e-05
0.471945 6.525e-05
0.472209 6.525e-05
0.472473 6.55e-05
0.472737 6.55e-05
0.473001 6.55e-05
0.473265 6.55e-05
0.473529 6.55e-05
0.473793 6.55e-05
0.474058 6.55e-05
0.474322 6.55e-05
0.474586 6.55e-05
0.47485 6.575e-05
0.475114 6.575e-05
0.475378 6.575e-05
0.475642 6.6e-05
0.475906 6.6e-05
0.47617 6.6e-05
0.476434 6.6e-05
0.476699 6.6e-05
0.476963 6.6e-05
0.477227 6.6e-05
0.477491 6.6e-05
0.477755 6.6e-05
0.478019 6.6e-05
0.478283 6.6e-05
0.478547 6.6e-05
0.478811 6.6e-05
0.479075 6.6e-05
0.47934 6.6e-05
0.479604 6.6e-05
0.479868 6.6e-05
0.480132 6.6e-05
0.480396 6.6e-05
0.48066 6.6e-05
0.480924 6.6e-05
0.481188 6.6e-05
0.481452 6.6e-05
0.481716 6.6e-05
0.481981 6.6e-05
0.482245 6.6e-05
0.482509 6.6e-05
0.482773 6.6e-05
0.483037 6.6e-05
0.483301 6.6e-05
0.483565 6.65e-05
0.483829 6.65e-05
0.484093 6.65e-05
0.484357 6.65e-05
0.484622 6.775e-05
0.484886 6.775e-05
0.48515 6.775e-05
0.485414 6.775e-05
0.485678 6.775e-05
0.485942 6.775e-05
0.486206 6.775e-05
0.48647 6.8e-05
0.486734 6.8e-05
0.486998 6.8e-05
0.487263 6.8e-05
0.487527 6.8e-05
0.487791 6.8e-05
0.488055 6.8e-05
0.488319 6.8e-05
0.488583 6.8e-05
0.488847 6.8e-05
0.489111 6.8e-05
0.489375 6.8e-05
0.489639 6.8e-05
0.489903 6.8e-05
0.490168 6.8e-05
0.490432 6.8e-05
0.490696 6.8e-05
0.49096 6.8e-05
0.491224 6.825e-05
0.491488 6.825e-05
0.491752 6.825e-05
0.492016 6.825e-05
0.49228 6.875e-05
0.492544 6.9e-05
0.492809 6.9e-05
0.493073 6.9e-05
0.493337 6.9e-05
0.493601 6.9e-05
0.493865 6.9e-05
0.494129 6.9e-05
0.494393 6.9e-05
0.494657 6.9e-05
0.494921 6.925e-05
0.495185 6.925e-05
0.49545 6.925e-05
0.495714 6.925e-05
0.495978 6.925e-05
0.496242 6.925e-05
0.496506 6.925e-05
0.49677 6.925e-05
0.497034 6.925e-05
0.497298 6.925e-05
0.497562 6.925e-05
0.497826 6.925e-05
0.498091 6.925e-05
0.498355 6.925e-05
0.498619 6.925e-05
0.498883 6.925e-05
0.499147 6.925e-05
0.499411 6.925e-05
0.499675 6.925e-05
0.499939 6.925e-05
0.500203 6.925e-05
0.500467 6.925e-05
0.500732 6.925e-05
0.500996 6.925e-05
0.50126 6.925e-05
0.501524 6.925e-05
0.501788 6.925e-05
0.502052 6.925e-05
0.502316 6.925e-05
0.50258 6.925e-05
0.502844 6.925e-05
0.503108 6.95e-05
0.503373 6.95e-05
0.503637 6.95e-05
0.503901 6.95e-05
0.504165 6.95e-05
0.504429 6.95e-05
0.504693 6.95e-05
0.504957 6.95e-05
0.505221 6.95e-05
0.505485 6.95e-05
0.505749 6.95e-05
0.506014 6.95e-05
0.506278 6.95e-05
0.506542 6.975e-05
0.506806 6.975e-05
0.50707 6.975e-05
0.507334 6.975e-05
0.507598 6.975e-05
0.507862 6.975e-05
0.508126 6.975e-05
0.50839 6.975e-05
0.508655 6.975e-05
0.508919 6.975e-05
0.509183 6.975e-05
0.509447 6.975e-05
0.509711 6.975e-05
0.509975 6.975e-05
0.510239 6.975e-05
0.510503 6.975e-05
0.510767 7.025e-05
0.511031 7.025e-05
0.511296 7.025e-05
0.51156 7.025e-05
0.511824 7.05e-05
0.512088 7.05e-05
0.512352 7.05e-05
0.512616 7.05e-05
0.51288 7.05e-05
0.513144 7.05e-05
0.513408 7.05e-05
0.513672 7.05e-05
0.513937 7.05e-05
0.514201 7.075e-05
0.514465 7.075e-05
0.514729 7.075e-05
0.514993 7.075e-05
0.515257 7.075e-05
0.515521 7.075e-05
0.515785 7.075e-05
0.516049 7.075e-05
0.516313 7.1e-05
0.516577 7.1e-05
0.516842 7.1e-05
0.517106 7.1e-05
0.51737 7.1e-05
0.517634 7.1e-05
0.517898 7.1e-05
0.518162 7.1e-05
0.518426 7.1e-05
0.51869 7.1e-05
0.518954 7.1e-05
0.519218 7.1e-05
0.519483 7.1e-05
0.519747 7.1e-05
0.520011 7.125e-05
0.520275 7.125e-05
0.520539 7.175e-05
0.520803 7.175e-05
0.521067 7.175e-05
0.521331 7.2e-05
0.521595 7.2e-05
0.521859 7.2e-05
0.522124 7.225e-05
0.522388 7.225e-05
0.522652 7.25e-05
0.522916 7.25e-05
0.52318 7.25e-05
0.523444 7.25e-05
0.523708 7.25e-05
0.523972 7.25e-05
0.524236 7.25e-05
0.5245 7.25e-05
0.524765 7.275e-05
0.525029 7.275e-05
0.525293 7.275e-05
0.525557 7.275e-05
0.525821 7.275e-05
0.526085 7.3e-05
0.526349 7.325e-05
0.526613 7.325e-05
0.526877 7.325e-05
0.527141 7.325e-05
0.527406 7.325e-05
0.52767 7.325e-05
0.527934 7.325e-05
0.528198 7.325e-05
0.528462 7.325e-05
0.528726 7.325e-05
0.52899 7.35e-05
0.529254 7.35e-05
0.529518 7.35e-05
0.529782 7.375e-05
0.530047 7.375e-05
0.530311 7.4e-05
0.530575 7.425e-05
0.530839 7.45e-05
0.531103 7.45e-05
0.531367 7.45e-05
0.531631 7.45e-05
0.531895 7.45e-05
0.532159 7.45e-05
0.532423 7.475e-05
0.532688 7.475e-05
0.532952 7.475e-05
0.533216 7.475e-05
0.53348 7.475e-05
0.533744 7.475e-05
0.534008 7.475e-05
0.534272 7.5e-05
0.534536 7.5e-05
0.5348 7.5e-05
0.535064 7.55e-05
0.535329 7.575e-05
0.535593 7.6e-05
0.535857 7.6e-05
0.536121 7.6e-05
0.536385 7.6e-05
0.536649 7.6e-05
0.536913 7.6e-05
0.537177 7.6e-05
0.537441 7.6e-05
0.537705 7.6e-05
0.53797 7.6e-05
0.538234 7.65e-05
0.538498 7.675e-05
0.538762 7.675e-05
0.539026 7.7e-05
0.53929 7.7e-05
0.539554 7.725e-05
0.539818 7.75e-05
0.540082 7.75e-05
0.540346 7.75e-05
0.54061 7.75e-05
0.540875 7.75e-05
0.541139 7.75e-05
0.541403 7.75e-05
0.541667 7.775e-05
0.541931 7.775e-05
0.542195 7.775e-05
0.542459 7.775e-05
0.542723 7.775e-05
0.542987 7.775e-05
0.543251 7.775e-05
0.543516 7.775e-05
0.54378 7.775e-05
0.544044 7.775e-05
0.544308 7.775e-05
0.544572 7.775e-05
0.544836 7.8e-05
0.5451 7.8e-05
0.545364 7.8e-05
0.545628 7.8e-05
0.545892 7.9e-05
0.546157 7.9e-05
0.546421 7.9e-05
0.546685 7.9e-05
0.546949 7.9e-05
0.547213 7.9e-05
0.547477 7.9e-05
0.547741 7.9e-05
0.548005 7.9e-05
0.548269 7.925e-05
0.548533 7.925e-05
0.548798 7.925e-05
0.549062 7.925e-05
0.549326 7.925e-05
0.54959 7.925e-05
0.549854 7.925e-05
0.550118 7.925e-05
0.550382 7.925e-05
0.550646 7.925e-05
0.55091 7.925e-05
0.551174 7.925e-05
0.551439 7.925e-05
0.551703 7.925e-05
0.551967 7.925e-05
0.552231 7.925e-05
0.552495 7.925e-05
0.552759 7.925e-05
0.553023 7.925e-05
0.553287 7.925e-05
0.553551 7.925e-05
0.553815 7.925e-05
0.55408 7.95e-05
0.554344 7.95e-05
0.554608 7.95e-05
0.554872 7.95e-05
0.555136 7.95e-05
0.5554 7.95e-05
0.555664 7.95e-05
0.555928 8.025e-05
0.556192 8.025e-05
0.556456 8.025e-05
0.556721 8.025e-05
0.556985 8.025e-05
0.557249 8.05e-05
0.557513 8.05e-05
0.557777 8.05e-05
0.558041 8.075e-05
0.558305 8.075e-05
0.558569 8.075e-05
0.558833 8.075e-05
0.559097 8.075e-05
0.559362 8.075e-05
0.559626 8.075e-05
0.55989 8.075e-05
0.560154 8.075e-05
0.560418 8.1e-05
0.560682 8.1e-05
0.560946 8.1e-05
0.56121 8.1e-05
0.561474 8.1e-05
0.561738 8.1e-05
0.562003 8.1e-05
0.562267 8.125e-05
0.562531 8.125e-05
0.562795 8.125e-05
0.563059 8.125e-05
0.563323 8.125e-05
0.563587 8.125e-05
0.563851 8.15e-05
0.564115 8.15e-05
0.564379 8.15e-05
0.564643 8.15e-05
0.564908 8.15e-05
0.565172 8.15e-05
0.565436 8.15e-05
0.5657 8.15e-05
0.565964 8.15e-05
0.566228 8.175e-05
0.566492 8.175e-05
0.566756 8.175e-05
0.56702 8.175e-05
0.567284 8.175e-05
0.567549 8.175e-05
0.567813 8.2e-05
0.568077 8.2e-05
0.568341 8.2e-05
0.568605 8.25e-05
0.568869 8.3e-05
0.569133 8.3e-05
0.569397 8.3e-05
0.569661 8.3e-05
0.569925 8.3e-05
0.57019 8.3e-05
0.570454 8.3e-05
0.570718 8.3e-05
0.570982 8.3e-05
0.571246 8.3e-05
0.57151 8.3e-05
0.571774 8.3e-05
0.572038 8.3e-05
0.572302 8.3e-05
0.572566 8.3e-05
0.572831 8.3e-05
0.573095 8.3e-05
0.573359 8.3e-05
0.573623 8.325e-05
0.573887 8.325e-05
0.574151 8.325e-05
0.574415 8.325e-05
0.574679 8.325e-05
0.574943 8.325e-05
0.575207 8.35e-05
0.575472 8.35e-05
0.575736 8.35e-05
0.576 8.375e-05
0.576264 8.375e-05
0.576528 8.375e-05
0.576792 8.375e-05
0.577056 8.375e-05
0.57732 8.375e-05
0.577584 8.375e-05
0.577848 8.4e-05
0.578113 8.4e-05
0.578377 8.4e-05
0.578641 8.4e-05
0.578905 8.4e-05
0.579169 8.4e-05
0.579433 8.4e-05
0.579697 8.4e-05
0.579961 8.4e-05
0.580225 8.425e-05
0.580489 8.425e-05
0.580754 8.425e-05
0.581018 8.425e-05
0.581282 8.425e-05
0.581546 8.425e-05
0.58181 8.425e-05
0.582074 8.425e-05
0.582338 8.425e-05
0.582602 8.475e-05
0.582866 8.475e-05
0.58313 8.475e-05
0.583395 8.475e-05
0.583659 8.475e-05
0.583923 8.5e-05
0.584187 8.5e-05
0.584451 8.5e-05
0.584715 8.5e-05
0.584979 8.5e-05
0.585243 8.525e-05
0.585507 8.525e-05
0.585771 8.525e-05
0.586036 8.525e-05
0.5863 8.525e-05
0.586564 8.525e-05
0.586828 8.525e-05
0.587092 8.55e-05
0.587356 8.55e-05
0.58762 8.55e-05
0.587884 8.575e-05
0.588148 8.575e-05
0.588412 8.575e-05
0.588676 8.575e-05
0.588941 8.575e-05
0.589205 8.6e-05
0.589469 8.65e-05
0.589733 8.675e-05
0.589997 8.7e-05
0.590261 8.7e-05
0.590525 8.7e-05
0.590789 8.75e-05
0.591053 8.75e-05
0.591317 8.75e-05
0.591582 8.75e-05
0.591846 8.75e-05
0.59211 8.75e-05
0.592374 8.775e-05
0.592638 8.775e-05
0.592902 8.775e-05
0.593166 8.775e-05
0.59343 8.775e-05
0.593694 8.775e-05
0.593958 8.8e-05
0.594223 8.8e-05
0.594487 8.8e-05
0.594751 8.8e-05
0.595015 8.8e-05
0.595279 8.8e-05
0.595543 8.875e-05
0.595807 8.875e-05
0.596071 8.875e-05
0.596335 8.875e-05
0.596599 8.875e-05
0.596864 8.875e-05
0.597128 8.875e-05
0.597392 8.875e-05
0.597656 8.875e-05
0.59792 8.9e-05
0.598184 8.9e-05
0.598448 9e-05
0.598712 9e-05
0.598976 9e-05
0.59924 9.025e-05
0.599505 9.025e-05
0.599769 9.025e-05
0.600033 9.025e-05
0.600297 9.025e-05
0.600561 9.025e-05
0.600825 9.025e-05
0.601089 9.025e-05
0.601353 9.025e-05
0.601617 9.025e-05
0.601881 9.025e-05
0.602146 9.025e-05
0.60241 9.025e-05
0.602674 9.025e-05
0.602938 9.025e-05
0.603202 9.025e-05
0.603466 9.025e-05
0.60373 9.025e-05
0.603994 9.025e-05
0.604258 9.025e-05
0.604522 9.025e-05
0.604787 9.025e-05
0.605051 9.05e-05
0.605315 9.05e-05
0.605579 9.05e-05
0.605843 9.05e-05
0.606107 9.05e-05
0.606371 9.1e-05
0.606635 9.1e-05
0.606899 9.1e-05
0.607163 9.125e-05
0.607428 9.125e-05
0.607692 9.125e-05
0.607956 9.125e-05
0.60822 9.125e-05
0.608484 9.125e-05
0.608748 9.125e-05
0.609012 9.125e-05
0.609276 9.125e-05
0.60954 9.15e-05
0.609804 9.15e-05
0.610069 9.175e-05
0.610333 9.175e-05
0.610597 9.225e-05
0.610861 9.25e-05
0.611125 9.25e-05
0.611389 9.25e-05
0.611653 9.25e-05
0.611917 9.25e-05
0.612181 9.25e-05
0.612445 9.25e-05
0.612709 9.275e-05
0.612974 9.275e-05
0.613238 9.35e-05
0.613502 9.35e-05
0.613766 9.35e-05
0.61403 9.35e-05
0.614294 9.35e-05
0.614558 9.4e-05
0.614822 9.4e-05
0.615086 9.4e-05
0.61535 9.4e-05
0.615615 9.4e-05
0.615879 9.4e-05
0.616143 9.425e-05
0.616407 9.425e-05
0.616671 9.45e-05
0.616935 9.45e-05
0.617199 9.475e-05
0.617463 9.475e-05
0.617727 9.475e-05
0.617991 9.475e-05
0.618256 9.5e-05
0.61852 9.5e-05
0.618784 9.5e-05
0.619048 9.525e-05
0.619312 9.525e-05
0.619576 9.525e-05
0.61984 9.525e-05
0.620104 9.525e-05
0.620368 9.525e-05
0.620632 9.525e-05
0.620897 9.525e-05
0.621161 9.525e-05
0.621425 9.55e-05
0.621689 9.55e-05
0.621953 9.55e-05
0.622217 9.575e-05
0.622481 9.575e-05
0.622745 9.575e-05
0.623009 9.575e-05
0.623273 9.575e-05
0.623538 9.6e-05
0.623802 9.6e-05
0.624066 9.6e-05
0.62433 9.6e-05
0.624594 9.6e-05
0.624858 9.625e-05
0.625122 9.625e-05
0.625386 9.75e-05
0.62565 9.75e-05
0.625914 9.75e-05
0.626179 9.75e-05
0.626443 9.75e-05
0.626707 9.75e-05
0.626971 9.75e-05
0.627235 9.75e-05
0.627499 9.825e-05
0.627763 9.825e-05
0.628027 9.825e-05
0.628291 9.825e-05
0.628555 9.825e-05
0.62882 9.825e-05
0.629084 9.825e-05
0.629348 9.825e-05
0.629612 9.85e-05
0.629876 9.85e-05
0.63014 9.85e-05
0.630404 9.85e-05
0.630668 9.85e-05
0.630932 9.85e-05
0.631196 9.85e-05
0.631461 9.85e-05
0.631725 9.85e-05
0.631989 9.85e-05
0.632253 9.85e-05
0.632517 9.85e-05
0.632781 9.875e-05
0.633045 9.875e-05
0.633309 9.875e-05
0.633573 9.875e-05
0.633837 9.9e-05
0.634102 9.9e-05
0.634366 9.9e-05
0.63463 9.9e-05
0.634894 9.9e-05
0.635158 9.9e-05
0.635422 9.9e-05
0.635686 9.9e-05
0.63595 9.925e-05
0.636214 9.925e-05
0.636478 9.925e-05
0.636742 9.95e-05
0.637007 9.95e-05
0.637271 9.95e-05
0.637535 0.00010125
0.637799 0.00010125
0.638063 0.00010125
0.638327 0.00010125
0.638591 0.00010125
0.638855 0.00010125
0.639119 0.0001015
0.639383 0.0001015
0.639648 0.0001015
0.639912 0.0001015
0.640176 0.0001015
0.64044 0.0001015
0.640704 0.0001015
0.640968 0.0001015
0.641232 0.0001015
0.641496 0.0001015
0.64176 0.00010175
0.642024 0.00010225
0.642289 0.00010225
0.642553 0.00010225
0.642817 0.00010225
0.643081 0.00010225
0.643345 0.0001025
0.643609 0.00010325
0.643873 0.00010325
0.644137 0.00010325
0.644401 0.00010325
0.644665 0.00010325
0.64493 0.00010325
0.645194 0.00010325
0.645458 0.00010325
0.645722 0.00010325
0.645986 0.0001035
0.64625 0.0001035
0.646514 0.0001035
0.646778 0.0001035
0.647042 0.0001035
0.647306 0.0001035
0.647571 0.00010375
0.647835 0.00010375
0.648099 0.00010375
0.648363 0.00010375
0.648627 0.00010375
0.648891 0.00010375
0.649155 0.00010375
0.649419 0.00010375
0.649683 0.00010375
0.649947 0.00010375
0.650212 0.00010375
0.650476 0.00010375
0.65074 0.00010375
0.651004 0.00010375
0.651268 0.00010375
0.651532 0.00010375
0.651796 0.00010375
0.65206 0.00010375
0.652324 0.000104
0.652588 0.000104
0.652853 0.000104
0.653117 0.000104
0.653381 0.000104
0.653645 0.00010425
0.653909 0.00010425
0.654173 0.00010425
0.654437 0.00010425
0.654701 0.0001045
0.654965 0.0001045
0.655229 0.0001045
0.655494 0.0001045
0.655758 0.000105
0.656022 0.000105
0.656286 0.000105
0.65655 0.000105
0.656814 0.000105
0.657078 0.000105
0.657342 0.000105
0.657606 0.000105
0.65787 0.000105
0.658135 0.000105
0.658399 0.000105
0.658663 0.000105
0.658927 0.000105
0.659191 0.000105
0.659455 0.000105
0.659719 0.000105
0.659983 0.00010525
0.660247 0.00010525
0.660511 0.00010525
0.660776 0.00010525
0.66104 0.00010525
0.661304 0.00010525
0.661568 0.00010525
0.661832 0.00010525
0.662096 0.00010525
0.66236 0.00010575
0.662624 0.00010575
0.662888 0.00010575
0.663152 0.00010575
0.663416 0.00010575
0.663681 0.00010575
0.663945 0.00010575
0.664209 0.00010575
0.664473 0.00010575
0.664737 0.00010575
0.665001 0.00010575
0.665265 0.00010575
0.665529 0.00010575
0.665793 0.00010575
0.666057 0.00010575
0.666322 0.000106
0.666586 0.000106
0.66685 0.000106
0.667114 0.000106
0.667378 0.000106
0.667642 0.000106
0.667906 0.000106
0.66817 0.00010625
0.668434 0.00010625
0.668698 0.00010625
0.668963 0.00010625
0.669227 0.00010625
0.669491 0.00010625
0.669755 0.00010625
0.670019 0.00010625
0.670283 0.00010625
0.670547 0.00010625
0.670811 0.00010625
0.671075 0.00010775
0.671339 0.00010775
0.671604 0.00010775
0.671868 0.00010775
0.672132 0.00010775
0.672396 0.00010775
0.67266 0.00010775
0.672924 0.00010775
0.673188 0.000108
0.673452 0.000108
0.673716 0.000108
0.67398 0.000108
0.674245 0.000108
0.674509 0.00010825
0.674773 0.00010825
0.675037 0.00010825
0.675301 0.00010825
0.675565 0.00010825
0.675829 0.00010825
0.676093 0.0001085
0.676357 0.0001085
0.676621 0.00010875
0.676886 0.00010875
0.67715 0.00010875
0.677414 0.000109
0.677678 0.000109
0.677942 0.000109
0.678206 0.000109
0.67847 0.000109
0.678734 0.000109
0.678998 0.000109
0.679262 0.000109
0.679527 0.000109
0.679791 0.0001095
0.680055 0.0001095
0.680319 0.00011
0.680583 0.00011
0.680847 0.00011
0.681111 0.00011025
0.681375 0.00011025
0.681639 0.00011025
0.681903 0.00011025
0.682168 0.00011025
0.682432 0.00011025
0.682696 0.00011025
0.68296 0.00011025
0.683224 0.00011025
0.683488 0.00011025
0.683752 0.00011025
0.684016 0.00011025
0.68428 0.00011025
0.684544 0.00011025
0.684809 0.00011025
0.685073 0.00011025
0.685337 0.00011025
0.685601 0.00011025
0.685865 0.00011025
0.686129 0.0001105
0.686393 0.00011075
0.686657 0.00011075
0.686921 0.00011075
0.687185 0.00011075
0.687449 0.00011075
0.687714 0.00011075
0.687978 0.00011075
0.688242 0.00011075
0.688506 0.00011175
0.68877 0.00011175
0.689034 0.000112
0.689298 0.000112
0.689562 0.000112
0.689826 0.000112
0.69009 0.000112
0.690355 0.00011225
0.690619 0.00011225
0.690883 0.00011275
0.691147 0.00011275
0.691411 0.00011275
0.691675 0.00011275
0.691939 0.00011275
0.692203 0.00011275
0.692467 0.00011275
0.692731 0.000113
0.692996 0.000113
0.69326 0.00011325
0.693524 0.00011325
0.693788 0.00011325
0.694052 0.00011325
0.694316 0.00011325
0.69458 0.00011325
0.694844 0.00011325
0.695108 0.00011325
0.695372 0.00011325
0.695637 0.00011325
0.695901 0.00011325
0.696165 0.00011325
0.696429 0.00011325
0.696693 0.00011325
0.696957 0.00011325
0.697221 0.00011325
0.697485 0.00011325
0.697749 0.0001135
0.698013 0.0001135
0.698278 0.0001135
0.698542 0.0001135
0.698806 0.0001135
0.69907 0.0001135
0.699334 0.0001135
0.699598 0.0001135
0.699862 0.0001135
0.700126 0.0001135
0.70039 0.000114
0.700654 0.000114
0.700919 0.000114
0.701183 0.000114
0.701447 0.00011425
0.701711 0.00011425
0.701975 0.00011425
0.702239 0.00011425
0.702503 0.00011425
0.702767 0.00011425
0.703031 0.00011425
0.703295 0.00011425
0.70356 0.00011425
0.703824 0.0001145
0.704088 0.0001145
0.704352 0.0001145
0.704616 0.00011475
0.70488 0.00011475
0.705144 0.00011475
0.705408 0.00011475
0.705672 0.00011475
0.705936 0.00011475
0.706201 0.00011475
0.706465 0.00011475
0.706729 0.00011475
0.706993 0.000115
0.707257 0.000115
0.707521 0.000115
0.707785 0.000115
0.708049 0.0001155
0.708313 0.0001155
0.708577 0.0001155
0.708842 0.0001155
0.709106 0.0001155
0.70937 0.0001155
0.709634 0.0001155
0.709898 0.0001155
0.710162 0.0001155
0.710426 0.0001155
0.71069 0.0001155
0.710954 0.0001155
0.711218 0.0001155
0.711482 0.0001155
0.711747 0.0001155
0.712011 0.0001155
0.712275 0.00011575
0.712539 0.00011575
0.712803 0.00011575
0.713067 0.00011575
0.713331 0.00011575
0.713595 0.00011575
0.713859 0.00011575
0.714123 0.00011575
0.714388 0.00011575
0.714652 0.00011575
0.714916 0.00011575
0.71518 0.000117
0.715444 0.000117
0.715708 0.000117
0.715972 0.000117
0.716236 0.000117
0.7165 0.000117
0.716764 0.00011725
0.717029 0.00011725
0.717293 0.00011725
0.717557 0.0001175
0.717821 0.00011775
0.718085 0.00011775
0.718349 0.000118
0.718613 0.000118
0.718877 0.0001185
0.719141 0.0001185
0.719405 0.0001185
0.71967 0.0001185
0.719934 0.00011875
0.720198 0.00011875
0.720462 0.00011875
0.720726 0.00011875
0.72099 0.00011875
0.721254 0.0001195
0.721518 0.0001195
0.721782 0.0001195
0.722046 0.00012
0.722311 0.00012
0.722575 0.00012
0.722839 0.00012025
0.723103 0.00012025
0.723367 0.00012025
0.723631 0.00012025
0.723895 0.00012025
0.724159 0.00012025
0.724423 0.00012025
0.724687 0.00012025
0.724952 0.00012025
0.725216 0.00012025
0.72548 0.00012025
0.725744 0.00012025
0.726008 0.00012025
0.726272 0.00012025
0.726536 0.00012025
0.7268 0.00012025
0.727064 0.00012025
0.727328 0.00012025
0.727593 0.00012025
0.727857 0.00012075
0.728121 0.00012075
0.728385 0.00012075
0.728649 0.00012075
0.728913 0.00012075
0.729177 0.00012075
0.729441 0.000121
0.729705 0.00012125
0.729969 0.00012125
0.730234 0.00012125
0.730498 0.00012125
0.730762 0.00012125
0.731026 0.00012125
0.73129 0.00012125
0.731554 0.00012125
0.731818 0.00012125
0.732082 0.0001215
0.732346 0.0001215
0.73261 0.0001215
0.732875 0.0001215
0.733139 0.0001215
0.733403 0.00012225
0.733667 0.00012225
0.733931 0.00012225
0.734195 0.000123
0.734459 0.000123
0.734723 0.000123
0.734987 0.00012325
0.735251 0.00012325
0.735515 0.00012325
0.73578 0.00012325
0.736044 0.00012325
0.736308 0.00012325
0.736572 0.00012325
0.736836 0.00012325
0.7371 0.00012325
0.737364 0.00012325
0.737628 0.00012325
0.737892 0.00012325
0.738156 0.0001235
0.738421 0.0001235
0.738685 0.0001235
0.738949 0.0001235
0.739213 0.0001235
0.739477 0.0001235
0.739741 0.0001235
0.740005 0.0001235
0.740269 0.0001235
0.740533 0.0001235
0.740797 0.0001235
0.741062 0.0001235
0.741326 0.0001235
0.74159 0.00012375
0.741854 0.00012375
0.742118 0.000124
0.742382 0.000124
0.742646 0.000124
0.74291 0.00012425
0.743174 0.00012425
0.743438 0.00012425
0.743703 0.00012425
0.743967 0.00012425
0.744231 0.00012425
0.744495 0.00012425
0.744759 0.00012425
0.745023 0.00012425
0.745287 0.00012425
0.745551 0.0001245
0.745815 0.0001245
0.746079 0.0001245
0.746344 0.0001245
0.746608 0.0001245
0.746872 0.0001245
0.747136 0.0001245
0.7474 0.0001245
0.747664 0.0001245
0.747928 0.00012475
0.748192 0.00012475
0.748456 0.00012475
0.74872 0.00012475
0.748985 0.00012475
0.749249 0.00012475
0.749513 0.00012475
0.749777 0.00012475
0.750041 0.00012475
0.750305 0.00012475
0.750569 0.00012475
0.750833 0.00012475
0.751097 0.00012475
0.751361 0.00012525
0.751626 0.00012525
0.75189 0.00012525
0.752154 0.00012525
0.752418 0.00012525
0.752682 0.000127
0.752946 0.00012725
0.75321 0.00012725
0.753474 0.00012725
0.753738 0.00012725
0.754002 0.0001275
0.754267 0.0001275
0.754531 0.0001275
0.754795 0.0001275
0.755059 0.0001275
0.755323 0.0001275
0.755587 0.00012775
0.755851 0.00012775
0.756115 0.00012775
0.756379 0.00012775
0.756643 0.00012775
0.756908 0.00012775
0.757172 0.00012775
0.757436 0.00012775
0.7577 0.00012775
0.757964 0.00012775
0.758228 0.00012775
0.758492 0.00012775
0.758756 0.00012775
0.75902 0.000128
0.759284 0.000128
0.759548 0.0001285
0.759813 0.0001285
0.760077 0.0001285
0.760341 0.0001285
0.760605 0.0001285
0.760869 0.0001285
0.761133 0.0001285
0.761397 0.00012875
0.761661 0.00012875
0.761925 0.00012875
0.762189 0.00012875
0.762454 0.00012875
0.762718 0.00012875
0.762982 0.00012875
0.763246 0.00012875
0.76351 0.00012875
0.763774 0.00012875
0.764038 0.00012875
0.764302 0.00012875
0.764566 0.00012875
0.76483 0.00012875
0.765095 0.000129
0.765359 0.000129
0.765623 0.000129
0.765887 0.000129
0.766151 0.000129
0.766415 0.000129
0.766679 0.000129
0.766943 0.000129
0.767207 0.000129
0.767471 0.000129
0.767736 0.000129
0.768 0.0001305
0.768264 0.0001305
0.768528 0.0001305
0.768792 0.00013125
0.769056 0.00013125
0.76932 0.00013125
0.769584 0.00013125
0.769848 0.00013125
0.770112 0.00013125
0.770377 0.00013125
0.770641 0.00013125
0.770905 0.00013125
0.771169 0.00013125
0.771433 0.0001315
0.771697 0.00013175
0.771961 0.000132
0.772225 0.000132
0.772489 0.000132
0.772753 0.000132
0.773018 0.000132
0.773282 0.000132
0.773546 0.000132
0.77381 0.000132
0.774074 0.00013225
0.774338 0.00013225
0.774602 0.00013225
0.774866 0.00013225
0.77513 0.00013225
0.775394 0.0001325
0.775659 0.0001325
0.775923 0.0001325
0.776187 0.0001325
0.776451 0.0001325
0.776715 0.0001325
0.776979 0.00013275
0.777243 0.00013275
0.777507 0.00013275
0.777771 0.00013275
0.778035 0.00013775
0.7783 0.00013775
0.778564 0.00013775
0.778828 0.00013775
0.779092 0.00013775
0.779356 0.000138
0.77962 0.000138
0.779884 0.000138
0.780148 0.000138
0.780412 0.000138
0.780676 0.00013825
0.780941 0.00013825
0.781205 0.00013825
0.781469 0.00013875
0.781733 0.00013875
0.781997 0.00013875
0.782261 0.00013875
0.782525 0.00013875
0.782789 0.000139
0.783053 0.000139
0.783317 0.000139
0.783581 0.000139
0.783846 0.000139
0.78411 0.000139
0.784374 0.000139
0.784638 0.000139
0.784902 0.000139
0.785166 0.000139
0.78543 0.000139
0.785694 0.000139
0.785958 0.000139
0.786222 0.000139
0.786487 0.00013925
0.786751 0.00013925
0.787015 0.00014
0.787279 0.00014
0.787543 0.00014
0.787807 0.00014
0.788071 0.00014
0.788335 0.00014025
0.788599 0.00014025
0.788863 0.00014025
0.789128 0.0001405
0.789392 0.0001405
0.789656 0.0001405
0.78992 0.0001405
0.790184 0.0001405
0.790448 0.0001405
0.790712 0.0001405
0.790976 0.0001405
0.79124 0.0001405
0.791504 0.0001405
0.791769 0.0001405
0.792033 0.0001405
0.792297 0.0001405
0.792561 0.0001405
0.792825 0.0001405
0.793089 0.0001405
0.793353 0.00014075
0.793617 0.00014075
0.793881 0.00014075
0.794145 0.00014075
0.79441 0.00014075
0.794674 0.00014075
0.794938 0.00014075
0.795202 0.00014075
0.795466 0.00014075
0.79573 0.00014075
0.795994 0.00014075
0.796258 0.00014075
0.796522 0.00014075
0.796786 0.00014075
0.797051 0.00014075
0.797315 0.00014075
0.797579 0.00014075
0.797843 0.00014075
0.798107 0.00014075
0.798371 0.000141
0.798635 0.000141
0.798899 0.000141
0.799163 0.00014125
0.799427 0.00014125
0.799692 0.00014125
0.799956 0.00014125
0.80022 0.00014125
0.800484 0.00014125
0.800748 0.00014125
0.801012 0.00014125
0.801276 0.0001415
0.80154 0.0001415
0.801804 0.0001415
0.802068 0.0001415
0.802333 0.0001415
0.802597 0.0001415
0.802861 0.0001415
0.803125 0.0001415
0.803389 0.0001415
0.803653 0.0001415
0.803917 0.0001415
0.804181 0.000142
0.804445 0.000142
0.804709 0.000142
0.804974 0.00014225
0.805238 0.00014225
0.805502 0.0001425
0.805766 0.0001425
0.80603 0.0001425
0.806294 0.0001425
0.806558 0.0001425
0.806822 0.0001425
0.807086 0.0001425
0.80735 0.0001425
0.807615 0.0001425
0.807879 0.00014275
0.808143 0.00014275
0.808407 0.00014275
0.808671 0.000143
0.808935 0.000143
0.809199 0.000143
0.809463 0.000143
0.809727 0.000143
0.809991 0.00014325
0.810255 0.0001435
0.81052 0.0001435
0.810784 0.0001435
0.811048 0.0001435
0.811312 0.0001435
0.811576 0.0001435
0.81184 0.0001435
0.812104 0.0001435
0.812368 0.0001435
0.812632 0.0001435
0.812896 0.0001435
0.813161 0.0001435
0.813425 0.0001435
0.813689 0.0001435
0.813953 0.0001435
0.814217 0.0001435
0.814481 0.0001435
0.814745 0.00014375
0.815009 0.00014375
0.815273 0.00014375
0.815537 0.00014375
0.815802 0.00014375
0.816066 0.00014675
0.81633 0.00014675
0.816594 0.00014675
0.816858 0.00014675
0.817122 0.00014675
0.817386 0.00014675
0.81765 0.00014675
0.817914 0.00014675
0.818178 0.000147
0.818443 0.000147
0.818707 0.000147
0.818971 0.000147
0.819235 0.000147
0.819499 0.00014725
0.819763 0.00014725
0.820027 0.00014975
0.820291 0.00014975
0.820555 0.00014975
0.820819 0.00014975
0.821084 0.00015
0.821348 0.00015
0.821612 0.00015
0.821876 0.00015
0.82214 0.00015
0.822404 0.00015
0.822668 0.00015
0.822932 0.00015575
0.823196 0.00015675
0.82346 0.00015675
0.823725 0.00015675
0.823989 0.000157
0.824253 0.000157
0.824517 0.00015725
0.824781 0.00015725
0.825045 0.00015725
0.825309 0.0001575
0.825573 0.0001575
0.825837 0.0001575
0.826101 0.0001575
0.826366 0.00015775
0.82663 0.00015775
0.826894 0.00015775
0.827158 0.00015775
0.827422 0.00015975
0.827686 0.00015975
0.82795 0.00015975
0.828214 0.00015975
0.828478 0.00015975
0.828742 0.00015975
0.829007 0.00016
0.829271 0.00016
0.829535 0.00016
0.829799 0.00016
0.830063 0.00016025
0.830327 0.00016025
0.830591 0.00016025
0.830855 0.00016025
0.831119 0.0001605
0.831383 0.0001605
0.831648 0.0001605
0.831912 0.0001605
0.832176 0.0001605
0.83244 0.0001605
0.832704 0.0001605
0.832968 0.0001605
0.833232 0.0001605
0.833496 0.0001605
0.83376 0.0001615
0.834024 0.0001615
0.834288 0.0001615
0.834553 0.0001615
0.834817 0.00016175
0.835081 0.00016175
0.835345 0.00016175
0.835609 0.00016275
0.835873 0.00016275
0.836137 0.00016275
0.836401 0.00016275
0.836665 0.00016275
0.836929 0.00016275
0.837194 0.00016275
0.837458 0.00016275
0.837722 0.00016275
0.837986 0.00016275
0.83825 0.00016275
0.838514 0.00016275
0.838778 0.00016275
0.839042 0.00016275
0.839306 0.00016425
0.83957 0.00016425
0.839835 0.00016425
0.840099 0.000165
0.840363 0.000165
0.840627 0.000165
0.840891 0.000165
0.841155 0.000165
0.841419 0.000165
0.841683 0.000165
0.841947 0.000165
0.842211 0.000165
0.842476 0.000165
0.84274 0.000165
0.843004 0.000165
0.843268 0.000165
0.843532 0.00016525
0.843796 0.00016525
0.84406 0.00016525
0.844324 0.00016525
0.844588 0.00016525
0.844852 0.00016525
0.845117 0.00016525
0.845381 0.0001655
0.845645 0.0001655
0.845909 0.0001655
0.846173 0.0001655
0.846437 0.0001655
0.846701 0.00016575
0.846965 0.000166
0.847229 0.000166
0.847493 0.000166
0.847758 0.00016625
0.848022 0.00016625
0.848286 0.00016625
0.84855 0.00016625
0.848814 0.00016625
0.849078 0.0001665
0.849342 0.0001665
0.849606 0.0001665
0.84987 0.0001665
0.850134 0.0001665
0.850399 0.0001665
0.850663 0.0001665
0.850927 0.00016675
0.851191 0.00016675
0.851455 0.00016675
0.851719 0.000167
0.851983 0.000167
0.852247 0.000167
0.852511 0.000167
0.852775 0.000167
0.85304 0.000167
0.853304 0.0001675
0.853568 0.00016775
0.853832 0.00016775
0.854096 0.00016775
0.85436 0.00016825
0.854624 0.00016825
0.854888 0.0001685
0.855152 0.0001685
0.855416 0.0001685
0.855681 0.0001685
0.855945 0.0001685
0.856209 0.00016875
0.856473 0.000169
0.856737 0.000169
0.857001 0.00016925
0.857265 0.0001695
0.857529 0.0001695
0.857793 0.0001695
0.858057 0.0001695
0.858321 0.0001695
0.858586 0.00016975
0.85885 0.00016975
0.859114 0.00016975
0.859378 0.00016975
0.859642 0.00016975
0.859906 0.00017
0.86017 0.00017
0.860434 0.00017
0.860698 0.00017
0.860962 0.00017
0.861227 0.00017
0.861491 0.00017
0.861755 0.0001705
0.862019 0.0001705
0.862283 0.0001705
0.862547 0.0001705
0.862811 0.0001705
0.863075 0.00017075
0.863339 0.00017075
0.863603 0.00017075
0.863868 0.00017075
0.864132 0.00017075
0.864396 0.000171
0.86466 0.000171
0.864924 0.000171
0.865188 0.000171
0.865452 0.000171
0.865716 0.000171
0.86598 0.000171
0.866244 0.000171
0.866509 0.000171
0.866773 0.000171
0.867037 0.000171
0.867301 0.000171
0.867565 0.000171
0.867829 0.000171
0.868093 0.000171
0.868357 0.000171
0.868621 0.000171
0.868885 0.000171
0.86915 0.000171
0.869414 0.000171
0.869678 0.000171
0.869942 0.000171
0.870206 0.000171
0.87047 0.00017125
0.870734 0.00017125
0.870998 0.00017125
0.871262 0.00017125
0.871526 0.00017125
0.871791 0.0001715
0.872055 0.0001715
0.872319 0.0001715
0.872583 0.0001715
0.872847 0.0001715
0.873111 0.0001715
0.873375 0.0001715
0.873639 0.0001715
0.873903 0.0001715
0.874167 0.0001715
0.874432 0.0001715
0.874696 0.0001715
0.87496 0.00017175
0.875224 0.00017225
0.875488 0.00017225
0.875752 0.00017225
0.876016 0.000173
0.87628 0.000173
0.876544 0.000173
0.876808 0.000173
0.877073 0.000173
0.877337 0.000173
0.877601 0.000173
0.877865 0.00017325
0.878129 0.0001735
0.878393 0.0001735
0.878657 0.0001735
0.878921 0.0001735
0.879185 0.0001735
0.879449 0.0001735
0.879714 0.0001735
0.879978 0.0001735
0.880242 0.0001735
0.880506 0.0001735
0.88077 0.0001735
0.881034 0.00017375
0.881298 0.00017375
0.881562 0.00017375
0.881826 0.00017375
0.88209 0.00017375
0.882354 0.00017375
0.882619 0.00017375
0.882883 0.00017375
0.883147 0.00017375
0.883411 0.00017375
0.883675 0.00017375
0.883939 0.00017375
0.884203 0.00017375
0.884467 0.00017375
0.884731 0.00017375
0.884995 0.00017375
0.88526 0.00017375
0.885524 0.00017375
0.885788 0.00017375
0.886052 0.000174
0.886316 0.000174
0.88658 0.000174
0.886844 0.000174
0.887108 0.000174
0.887372 0.000174
0.887636 0.000174
0.887901 0.000174
0.888165 0.000174
0.888429 0.000174
0.888693 0.000174
0.888957 0.000174
0.889221 0.000174
0.889485 0.000174
0.889749 0.000174
0.890013 0.000174
0.890277 0.000174
0.890542 0.000174
0.890806 0.000174
0.89107 0.00017425
0.891334 0.0001745
0.891598 0.0001745
0.891862 0.00017475
0.892126 0.00017475
0.89239 0.00017475
0.892654 0.00017475
0.892918 0.00017475
0.893183 0.00017475
0.893447 0.00017475
0.893711 0.00017475
0.893975 0.00017475
0.894239 0.00017475
0.894503 0.00017475
0.894767 0.00017475
0.895031 0.00017475
0.895295 0.00017475
0.895559 0.00017475
0.895824 0.00017475
0.896088 0.00017475
0.896352 0.00017475
0.896616 0.00017475
0.89688 0.00017475
0.897144 0.00017475
0.897408 0.000175
0.897672 0.00017525
0.897936 0.0001755
0.8982 0.0001755
0.898465 0.0001755
0.898729 0.0001755
0.898993 0.0001755
0.899257 0.0001755
0.899521 0.0001755
0.899785 0.0001755
0.900049 0.0001755
0.900313 0.0001755
0.900577 0.0001755
0.900841 0.0001755
0.901106 0.0001755
0.90137 0.0001755
0.901634 0.0001755
0.901898 0.000176
0.902162 0.00017675
0.902426 0.00017775
0.90269 0.00017775
0.902954 0.00017875
0.903218 0.00017875
0.903482 0.00017875
0.903747 0.00017975
0.904011 0.00017975
0.904275 0.00018275
0.904539 0.000183
0.904803 0.000183
0.905067 0.0001835
0.905331 0.0001835
0.905595 0.0001835
0.905859 0.0001835
0.906123 0.00018375
0.906387 0.00018375
0.906652 0.00018375
0.906916 0.00018375
0.90718 0.00018375
0.907444 0.0001845
0.907708 0.0001845
0.907972 0.0001845
0.908236 0.0001845
0.9085 0.0001845
0.908764 0.00018475
0.909028 0.00018475
0.909293 0.00018475
0.909557 0.00018475
0.909821 0.00018475
0.910085 0.00018475
0.910349 0.00018475
0.910613 0.00018475
0.910877 0.00018475
0.911141 0.00018475
0.911405 0.000185
0.911669 0.00018525
0.911934 0.00018525
0.912198 0.00018525
0.912462 0.0001855
0.912726 0.0001855
0.91299 0.0001855
0.913254 0.00018575
0.913518 0.00018575
0.913782 0.00018575
0.914046 0.00018575
0.91431 0.00018575
0.914575 0.00018575
0.914839 0.00018575
0.915103 0.00018575
0.915367 0.00018575
0.915631 0.000186
0.915895 0.000186
0.916159 0.00018675
0.916423 0.00018675
0.916687 0.00018675
0.916951 0.00018675
0.917216 0.00018675
0.91748 0.00018675
0.917744 0.00018675
0.918008 0.00018675
0.918272 0.00018675
0.918536 0.00018675
0.9188 0.00018675
0.919064 0.00018675
0.919328 0.00018675
0.919592 0.000187
0.919857 0.000187
0.920121 0.000187
0.920385 0.00018725
0.920649 0.0001875
0.920913 0.0001875
0.921177 0.0001875
0.921441 0.0001875
0.921705 0.0001875
0.921969 0.0001875
0.922233 0.0001875
0.922498 0.0001875
0.922762 0.0001875
0.923026 0.0001875
0.92329 0.000189
0.923554 0.000189
0.923818 0.000189
0.924082 0.00018925
0.924346 0.0001895
0.92461 0.0001895
0.924874 0.0001895
0.925139 0.0001895
0.925403 0.0001895
0.925667 0.0001895
0.925931 0.0001895
0.926195 0.0001895
0.926459 0.0001895
0.926723 0.0001895
0.926987 0.00018975
0.927251 0.00018975
0.927515 0.00018975
0.92778 0.00018975
0.928044 0.00019175
0.928308 0.00019175
0.928572 0.000192
0.928836 0.000192
0.9291 0.000192
0.929364 0.000192
0.929628 0.000192
0.929892 0.000192
0.930156 0.000192
0.93042 0.000192
0.930685 0.000192
0.930949 0.000192
0.931213 0.000192
0.931477 0.000192
0.931741 0.000192
0.932005 0.000192
0.932269 0.000192
0.932533 0.000192
0.932797 0.000192
0.933061 0.000192
0.933326 0.000192
0.93359 0.000192
0.933854 0.000192
0.934118 0.00019225
0.934382 0.00019225
0.934646 0.00019225
0.93491 0.00019225
0.935174 0.00019225
0.935438 0.00019225
0.935702 0.00019225
0.935967 0.00019225
0.936231 0.0001925
0.936495 0.0001925
0.936759 0.0001925
0.937023 0.0001925
0.937287 0.0001925
0.937551 0.0001925
0.937815 0.0001925
0.938079 0.0001925
0.938343 0.0001925
0.938608 0.0001925
0.938872 0.0001925
0.939136 0.00019275
0.9394 0.00019375
0.939664 0.00019375
0.939928 0.000194
0.940192 0.000194
0.940456 0.000194
0.94072 0.000194
0.940984 0.000194
0.941249 0.00019425
0.941513 0.00019425
0.941777 0.0001945
0.942041 0.0001945
0.942305 0.0001945
0.942569 0.0001945
0.942833 0.0001945
0.943097 0.00019475
0.943361 0.00019475
0.943625 0.00019625
0.94389 0.00019625
0.944154 0.0001965
0.944418 0.0001965
0.944682 0.0001965
0.944946 0.0001965
0.94521 0.0001965
0.945474 0.0001965
0.945738 0.0001965
0.946002 0.0001965
0.946266 0.00019675
0.946531 0.00019675
0.946795 0.00019725
0.947059 0.00019725
0.947323 0.00019725
0.947587 0.00019725
0.947851 0.00019725
0.948115 0.00019725
0.948379 0.00019725
0.948643 0.00019725
0.948907 0.00019725
0.949172 0.00019725
0.949436 0.00019725
0.9497 0.00019725
0.949964 0.00019725
0.950228 0.00019725
0.950492 0.00019725
0.950756 0.00019725
0.95102 0.00019725
0.951284 0.00019725
0.951548 0.00019725
0.951813 0.00019725
0.952077 0.0001975
0.952341 0.0001975
0.952605 0.0001975
0.952869 0.00019825
0.953133 0.0001985
0.953397 0.000201
0.953661 0.000202
0.953925 0.000202
0.954189 0.000202
0.954454 0.000202
0.954718 0.000202
0.954982 0.000202
0.955246 0.000202
0.95551 0.000202
0.955774 0.000202
0.956038 0.000202
0.956302 0.000202
0.956566 0.000202
0.95683 0.00020275
0.957094 0.00020275
0.957359 0.00020275
0.957623 0.00020275
0.957887 0.00020275
0.958151 0.00020275
0.958415 0.00020275
0.958679 0.00020275
0.958943 0.00020275
0.959207 0.00020275
0.959471 0.00020275
0.959735 0.000203
0.96 0.000203
0.960264 0.000203
0.960528 0.000203
0.960792 0.00020325
0.961056 0.00020325
0.96132 0.00020325
0.961584 0.00020325
0.961848 0.00020325
0.962112 0.00020325
0.962376 0.00020325
0.962641 0.00020325
0.962905 0.00020325
0.963169 0.0002035
0.963433 0.0002035
0.963697 0.00020375
0.963961 0.000204
0.964225 0.000204
0.964489 0.000204
0.964753 0.000204
0.965017 0.00020425
0.965282 0.00020425
0.965546 0.00020425
0.96581 0.0002045
0.966074 0.0002045
0.966338 0.0002045
0.966602 0.0002045
0.966866 0.0002045
0.96713 0.0002045
0.967394 0.00020475
0.967658 0.00020475
0.967923 0.000205
0.968187 0.000205
0.968451 0.000205
0.968715 0.000205
0.968979 0.000205
0.969243 0.000205
0.969507 0.000205
0.969771 0.000205
0.970035 0.000205
0.970299 0.000205
0.970564 0.000205
0.970828 0.00020525
0.971092 0.00020525
0.971356 0.00020525
0.97162 0.00020525
0.971884 0.00020525
0.972148 0.00020525
0.972412 0.00020525
0.972676 0.00020525
0.97294 0.00020525
0.973205 0.00020525
0.973469 0.00020525
0.973733 0.00020575
0.973997 0.0002065
0.974261 0.0002065
0.974525 0.00020675
0.974789 0.00020675
0.975053 0.00020675
0.975317 0.00020675
0.975581 0.000207
0.975846 0.000207
0.97611 0.000207
0.976374 0.000207
0.976638 0.000207
0.976902 0.000207
0.977166 0.000207
0.97743 0.00020775
0.977694 0.00020775
0.977958 0.00020825
0.978222 0.00020825
0.978487 0.00020825
0.978751 0.00020825
0.979015 0.00020825
0.979279 0.00020925
0.979543 0.00020925
0.979807 0.00020925
0.980071 0.00020925
0.980335 0.00020925
0.980599 0.00020925
0.980863 0.00020925
0.981127 0.00020925
0.981392 0.00020925
0.981656 0.00020925
0.98192 0.00020925
0.982184 0.00020925
0.982448 0.00020925
0.982712 0.00020925
0.982976 0.00020925
0.98324 0.0002095
0.983504 0.0002095
0.983768 0.0002095
0.984033 0.0002095
0.984297 0.0002095
0.984561 0.0002095
0.984825 0.0002095
0.985089 0.0002095
0.985353 0.0002095
0.985617 0.0002095
0.985881 0.0002095
0.986145 0.0002095
0.986409 0.0002095
0.986674 0.0002095
0.986938 0.0002095
0.987202 0.0002095
0.987466 0.0002095
0.98773 0.00020975
0.987994 0.00021
0.988258 0.00021
0.988522 0.00021025
0.988786 0.00021175
0.98905 0.00021175
0.989315 0.000212
0.989579 0.000212
0.989843 0.000212
0.990107 0.000212
0.990371 0.000212
0.990635 0.00021225
0.990899 0.0002125
0.991163 0.0002125
0.991427 0.0002125
0.991691 0.0002125
0.991956 0.0002125
0.99222 0.0002125
0.992484 0.0002125
0.992748 0.0002125
0.993012 0.0002125
0.993276 0.0002125
0.99354 0.0002125
0.993804 0.0002125
0.994068 0.0002125
0.994332 0.00021275
0.994597 0.00021275
0.994861 0.00021275
0.995125 0.000213
0.995389 0.000213
0.995653 0.000213
0.995917 0.000213
0.996181 0.000213
0.996445 0.000213
0.996709 0.000213
0.996973 0.000213
0.997238 0.000213
0.997502 0.000213
0.997766 0.000213
0.99803 0.000213
0.998294 0.000213
0.998558 0.0002135
0.998822 0.0002135
0.999086 0.0002135
0.99935 0.0002135
0.999614 0.0002135
0.999879 0.0002135
