0 1
150 1
300 1
450 1
600 1
750 1
900 1
1050 1
1200 1
1350 1
1500 1
1650 1
1800 1.00078
1950 1.00084
2100 1.0009
2250 1.00096
2400 1.00102
2550 1.00108
2700 1.00114
2850 1.0012
3000 1.00252
3150 1.00264
3300 1.00276
3450 1.00288
3600 1.003
3750 1.00312
3900 1.00324
4050 1.00336
4200 1.00348
4350 1.0036
4500 1.00372
4650 1.00576
4800 1.00594
4950 1.00612
5100 1.0063
5250 1.00648
5400 1.00666
5550 1.00684
5700 1.00935
5850 1.00959
6000 1.00983
6150 1.01007
6300 1.01031
6450 1.01055
6600 1.01079
6750 1.01103
6900 1.01127
7050 1.01151
7200 1.01469
7350 1.01499
7500 1.01529
7650 1.01559
7800 1.01589
7950 1.01619
8100 1.01649
8250 1.01678
8400 1.01708
8550 1.01738
8700 1.01768
8850 1.01798
9000 1.01828
9150 1.01858
9300 1.01888
9450 1.01918
9600 1.01948
9750 1.01978
9900 1.02007
10050 1.02037
10200 1.02067
10350 1.02097
10500 1.02127
10650 1.02157
10800 1.02187
10950 1.02217
11100 1.02247
11250 1.02276
11400 1.02306
11550 1.02336
11700 1.02366
11850 1.02396
12000 1.02426
12150 1.02456
12300 1.02486
12450 1.02516
12600 1.02546
12750 1.02576
12900 1.02605
13050 1.02635
13200 1.02665
13350 1.02695
13500 1.02724
13650 1.02754
13800 1.02784
13950 1.02814
14100 1.02844
14250 1.02874
14400 1.02903
14550 1.02933
14700 1.02963
14850 1.02993
15000 1.03023
15150 1.03053
15300 1.03083
15450 1.03113
15600 1.03143
15750 1.03172
15900 1.03202
16050 1.03231
16200 1.03261
16350 1.03291
16500 1.03321
16650 1.0335
16800 1.0338
16950 1.0341
17100 1.0344
17250 1.03469
17400 1.03503
17550 1.03533
17700 1.03562
17850 1.03592
18000 1.03622
18150 1.03652
18300 1.03685
18450 1.03715
18600 1.03745
18750 1.03775
18900 1.03805
19050 1.03835
19200 1.03865
19350 1.03895
19500 1.03925
19650 1.03955
19800 1.03985
19950 1.04014
20100 1.04044
20250 1.04074
20400 1.04104
20550 1.04134
20700 1.04163
20850 1.04193
21000 1.04223
21150 1.04253
21300 1.04283
21450 1.04313
21600 1.04343
21750 1.04372
21900 1.04402
22050 1.04432
22200 1.04462
22350 1.04499
22500 1.04535
22650 1.04565
22800 1.04595
22950 1.04625
23100 1.04655
23250 1.04685
23400 1.04716
23550 1.04745
23700 1.04776
23850 1.04806
24000 1.04836
24150 1.04866
24300 1.04896
24450 1.04926
24600 1.04956
24750 1.04986
24900 1.05017
25050 1.05047
25200 1.05077
25350 1.05107
25500 1.05137
25650 1.05167
25800 1.05197
25950 1.05227
26100 1.05266
26250 1.05296
26400 1.05326
26550 1.05357
26700 1.05387
26850 1.05417
27000 1.05447
27150 1.05478
27300 1.05508
27450 1.05539
27600 1.05569
27750 1.05599
27900 1.0563
28050 1.0566
28200 1.0569
28350 1.05721
28500 1.05751
28650 1.05781
28800 1.05811
28950 1.05842
29100 1.05872
29250 1.05903
29400 1.05933
29550 1.05964
29700 1.05994
29850 1.06024
30000 1.06055
30150 1.06085
30300 1.06116
30450 1.06146
30600 1.06176
30750 1.06207
30900 1.06237
31050 1.06267
31200 1.06298
31350 1.06328
31500 1.06359
31650 1.06389
31800 1.06419
31950 1.0645
32100 1.0648
32250 1.06511
32400 1.06541
32550 1.06572
32700 1.06602
32850 1.06632
33000 1.06663
33150 1.06693
33300 1.06724
33450 1.06754
33600 1.06785
33750 1.06815
33900 1.06846
34050 1.06876
34200 1.06907
34350 1.06937
34500 1.06968
34650 1.06998
34800 1.07028
34950 1.07058
35100 1.07089
35250 1.07119
35400 1.0715
35550 1.0718
35700 1.07211
35850 1.07241
36000 1.07271
36150 1.07302
36300 1.07332
36450 1.07363
36600 1.07393
36750 1.07424
36900 1.07454
37050 1.07485
37200 1.07515
37350 1.07546
37500 1.07576
37650 1.07606
37800 1.07637
37950 1.07667
38100 1.07698
38250 1.07728
38400 1.07758
38550 1.07789
38700 1.0782
38850 1.0785
39000 1.07881
39150 1.07912
39300 1.07943
39450 1.07973
39600 1.08004
39750 1.08035
39900 1.08065
40050 1.08096
40200 1.08126
40350 1.08157
40500 1.08188
40650 1.08219
40800 1.08249
40950 1.08279
41100 1.0831
41250 1.08341
41400 1.08372
41550 1.08402
41700 1.08433
41850 1.08463
42000 1.08494
42150 1.08525
42300 1.08555
42450 1.08586
42600 1.08617
42750 1.08648
42900 1.08678
43050 1.08708
43200 1.08739
43350 1.0877
43500 1.088
43650 1.08831
43800 1.08861
43950 1.08892
44100 1.08923
44250 1.08953
44400 1.08984
44550 1.09015
44700 1.09045
44850 1.09076
45000 1.09107
45150 1.09138
45300 1.09169
45450 1.09199
45600 1.0923
45750 1.09261
45900 1.09295
46050 1.09326
46200 1.09357
46350 1.09387
46500 1.09418
46650 1.09449
46800 1.09479
46950 1.09514
47100 1.09545
47250 1.09583
47400 1.09614
47550 1.09645
47700 1.09676
47850 1.09707
48000 1.09738
48150 1.09769
48300 1.098
48450 1.09831
48600 1.09861
48750 1.09892
48900 1.09923
49050 1.09954
49200 1.09985
49350 1.10016
49500 1.10047
49650 1.10078
49800 1.10109
49950 1.10141
50100 1.10171
50250 1.10202
50400 1.10233
50550 1.10264
50700 1.10295
50850 1.10326
51000 1.10357
51150 1.10388
51300 1.10419
51450 1.1045
51600 1.10481
51750 1.10512
51900 1.10549
52050 1.1058
52200 1.10611
52350 1.10642
52500 1.10673
52650 1.10705
52800 1.10736
52950 1.10767
53100 1.10798
53250 1.10829
53400 1.10861
53550 1.10892
53700 1.10933
53850 1.10964
54000 1.10996
54150 1.11027
54300 1.11059
54450 1.1109
54600 1.11122
54750 1.11153
54900 1.11184
55050 1.11216
55200 1.11247
55350 1.11279
55500 1.1131
55650 1.11342
55800 1.11373
55950 1.11405
56100 1.11437
56250 1.11468
56400 1.115
56550 1.11531
56700 1.11563
56850 1.11595
57000 1.11627
57150 1.11658
57300 1.1169
57450 1.11721
57600 1.11753
57750 1.11784
57900 1.11815
58050 1.11847
58200 1.11879
58350 1.11911
58500 1.11942
58650 1.11974
58800 1.12006
58950 1.12037
59100 1.12069
59250 1.12101
59400 1.12132
59550 1.12164
59700 1.12196
59850 1.12227
60000 1.12259
60150 1.12291
60300 1.12323
60450 1.12354
60600 1.12386
60750 1.12417
60900 1.12449
61050 1.12481
61200 1.12513
61350 1.12545
61500 1.12576
61650 1.12609
61800 1.12641
61950 1.12672
62100 1.12704
62250 1.12736
62400 1.12767
62550 1.12799
62700 1.12831
62850 1.12863
63000 1.12895
63150 1.12927
63300 1.12958
63450 1.12991
63600 1.13023
63750 1.13055
63900 1.13087
64050 1.13119
64200 1.13152
64350 1.13184
64500 1.13215
64650 1.13247
64800 1.13279
64950 1.13311
65100 1.13343
65250 1.13375
65400 1.13407
65550 1.13439
65700 1.13471
65850 1.13503
66000 1.13535
66150 1.13566
66300 1.13598
66450 1.1363
66600 1.13661
66750 1.13694
66900 1.13725
67050 1.13757
67200 1.13789
67350 1.13821
67500 1.13853
67650 1.13885
67800 1.13917
67950 1.13949
68100 1.13982
68250 1.14014
68400 1.14047
68550 1.14079
68700 1.14111
68850 1.14143
69000 1.14176
69150 1.14208
69300 1.1424
69450 1.14272
69600 1.14304
69750 1.14337
69900 1.14369
70050 1.144
70200 1.14432
70350 1.14464
70500 1.14497
70650 1.14529
70800 1.14561
70950 1.14594
71100 1.14626
71250 1.14658
71400 1.14691
71550 1.14722
71700 1.14755
71850 1.14788
72000 1.14821
72150 1.14854
72300 1.14887
72450 1.14919
72600 1.14952
72750 1.14984
72900 1.15017
73050 1.15049
73200 1.15082
73350 1.15115
73500 1.15147
73650 1.15179
73800 1.15212
73950 1.15244
74100 1.15277
74250 1.1531
74400 1.15342
74550 1.15375
74700 1.15407
74850 1.15439
75000 1.15472
75150 1.15504
75300 1.15537
75450 1.15569
75600 1.15602
75750 1.15634
75900 1.15667
76050 1.157
76200 1.15732
76350 1.15765
76500 1.15798
76650 1.15831
76800 1.15863
76950 1.15896
77100 1.15929
77250 1.15961
77400 1.15995
77550 1.16028
77700 1.16061
77850 1.16094
78000 1.16127
78150 1.16159
78300 1.16192
78450 1.16225
78600 1.16258
78750 1.16291
78900 1.16323
79050 1.16356
79200 1.16389
79350 1.16422
79500 1.16455
79650 1.16488
79800 1.16521
79950 1.16555
80100 1.16587
80250 1.16619
80400 1.16651
80550 1.16687
80700 1.16721
80850 1.16753
81000 1.16786
81150 1.1682
81300 1.16853
81450 1.16885
81600 1.16918
81750 1.16951
81900 1.16985
82050 1.17018
82200 1.17051
82350 1.17084
82500 1.17117
82650 1.1715
82800 1.17183
82950 1.17217
83100 1.1725
83250 1.17283
83400 1.17317
83550 1.1735
83700 1.17384
83850 1.17417
84000 1.1745
84150 1.17484
84300 1.17518
84450 1.17551
84600 1.17584
84750 1.17618
84900 1.17651
85050 1.17685
85200 1.17718
85350 1.17752
85500 1.17786
85650 1.1782
85800 1.17854
85950 1.17887
86100 1.1792
86250 1.17954
86400 1.17988
86550 1.18021
86700 1.18053
86850 1.18087
87000 1.18126
87150 1.18159
87300 1.18194
87450 1.18227
87600 1.18261
87750 1.18294
87900 1.18327
88050 1.18361
88200 1.18395
88350 1.18429
88500 1.18463
88650 1.18497
88800 1.18531
88950 1.18565
89100 1.18599
89250 1.18632
89400 1.18666
89550 1.187
89700 1.18735
89850 1.18769
90000 1.18804
90150 1.18837
90300 1.18872
90450 1.18906
90600 1.18939
90750 1.18974
90900 1.19009
91050 1.19044
91200 1.19077
91350 1.19112
91500 1.19146
91650 1.19181
91800 1.19215
91950 1.19249
92100 1.19283
92250 1.19317
92400 1.19351
92550 1.19385
92700 1.19419
92850 1.19453
93000 1.19488
93150 1.19522
93300 1.19556
93450 1.1959
93600 1.19623
93750 1.19657
93900 1.19692
94050 1.19726
94200 1.1976
94350 1.19796
94500 1.1983
94650 1.19865
94800 1.199
94950 1.19934
95100 1.19969
95250 1.20004
95400 1.20038
95550 1.20072
95700 1.20107
95850 1.20141
96000 1.20176
96150 1.20211
96300 1.20246
96450 1.20281
96600 1.20316
96750 1.20351
96900 1.20385
97050 1.20419
97200 1.20453
97350 1.20488
97500 1.20523
97650 1.20557
97800 1.20592
97950 1.20627
98100 1.20662
98250 1.20697
98400 1.20732
98550 1.20767
98700 1.20801
98850 1.20835
99000 1.2087
99150 1.20904
99300 1.20939
99450 1.20973
99600 1.21008
99750 1.21043
99900 1.21077
100050 1.21112
100200 1.21148
100350 1.21181
100500 1.21216
100650 1.21251
100800 1.21285
100950 1.21319
101100 1.21354
101250 1.21388
101400 1.21424
101550 1.21459
101700 1.21494
101850 1.21528
102000 1.21563
102150 1.21599
102300 1.21635
102450 1.21671
102600 1.21705
102750 1.21743
102900 1.21778
103050 1.21815
103200 1.21851
103350 1.21887
103500 1.21923
103650 1.21958
103800 1.21993
103950 1.22029
104100 1.22064
104250 1.22099
104400 1.22134
104550 1.22169
104700 1.22204
104850 1.22238
105000 1.22273
105150 1.22307
105300 1.22343
105450 1.22378
105600 1.22413
105750 1.22447
105900 1.22483
106050 1.2252
106200 1.22555
106350 1.2259
106500 1.22625
106650 1.22663
106800 1.227
106950 1.22737
107100 1.22772
107250 1.22807
107400 1.22843
107550 1.22879
107700 1.22917
107850 1.22952
108000 1.22987
108150 1.23022
108300 1.23058
108450 1.23092
108600 1.23128
108750 1.23166
108900 1.23201
109050 1.23237
109200 1.23273
109350 1.23309
109500 1.23345
109650 1.23382
109800 1.23418
109950 1.23453
110100 1.23489
110250 1.23525
110400 1.2356
110550 1.23596
110700 1.23631
110850 1.23667
111000 1.23703
111150 1.23739
111300 1.23775
111450 1.23812
111600 1.23848
111750 1.23884
111900 1.2392
112050 1.23956
112200 1.23994
112350 1.24031
112500 1.24068
112650 1.24105
112800 1.24141
112950 1.24176
113100 1.24212
113250 1.24249
113400 1.24285
113550 1.2432
113700 1.24356
113850 1.24393
114000 1.2443
114150 1.24467
114300 1.24502
114450 1.24538
114600 1.24575
114750 1.24613
114900 1.2465
115050 1.24687
115200 1.24723
115350 1.24759
115500 1.24796
115650 1.24832
115800 1.24869
115950 1.24904
116100 1.24941
116250 1.24978
116400 1.25016
116550 1.25053
116700 1.2509
116850 1.25126
117000 1.25163
117150 1.25203
117300 1.25239
117450 1.25276
117600 1.25313
117750 1.2535
117900 1.25388
118050 1.25423
118200 1.2546
118350 1.25496
118500 1.25533
118650 1.2557
118800 1.25606
118950 1.25643
119100 1.2568
119250 1.25718
119400 1.25753
119550 1.2579
119700 1.25827
119850 1.25864
120000 1.259
120150 1.25938
120300 1.25975
120450 1.26012
120600 1.2605
120750 1.26088
120900 1.26126
121050 1.26163
121200 1.262
121350 1.26238
121500 1.26274
121650 1.26311
121800 1.26349
121950 1.26386
122100 1.26424
122250 1.26461
122400 1.26498
122550 1.26537
122700 1.26573
122850 1.26611
123000 1.26647
123150 1.26685
123300 1.26722
123450 1.2676
123600 1.26798
123750 1.26836
123900 1.26875
124050 1.26912
124200 1.2695
124350 1.26988
124500 1.27026
124650 1.27063
124800 1.27101
124950 1.2714
125100 1.2718
125250 1.27219
125400 1.27256
125550 1.27295
125700 1.27333
125850 1.27371
126000 1.27409
126150 1.27448
126300 1.27486
126450 1.27525
126600 1.27563
126750 1.27602
126900 1.27638
127050 1.27677
127200 1.27714
127350 1.27751
127500 1.27788
127650 1.27827
127800 1.27865
127950 1.27904
128100 1.27941
128250 1.2798
128400 1.28017
128550 1.28056
128700 1.28096
128850 1.28134
129000 1.28172
129150 1.28211
129300 1.28248
129450 1.28287
129600 1.28325
129750 1.28363
129900 1.28401
130050 1.28442
130200 1.28482
130350 1.2852
130500 1.28558
130650 1.28597
130800 1.28634
130950 1.28672
131100 1.28711
131250 1.2875
131400 1.28789
131550 1.28827
131700 1.28864
131850 1.28903
132000 1.28943
132150 1.28983
132300 1.29022
132450 1.29061
132600 1.291
132750 1.29139
132900 1.29177
133050 1.29217
133200 1.29258
133350 1.29295
133500 1.29334
133650 1.29373
133800 1.29411
133950 1.29451
134100 1.29491
134250 1.29529
134400 1.29568
134550 1.29608
134700 1.29648
134850 1.29686
135000 1.29725
135150 1.29764
135300 1.29803
135450 1.29841
135600 1.29881
135750 1.2992
135900 1.29959
136050 1.29999
136200 1.30038
136350 1.30078
136500 1.30116
136650 1.30155
136800 1.30194
136950 1.30231
137100 1.30269
137250 1.30308
137400 1.30348
137550 1.30388
137700 1.30427
137850 1.30465
138000 1.30503
138150 1.30542
138300 1.30582
138450 1.30623
138600 1.30663
138750 1.30702
138900 1.30743
139050 1.30782
139200 1.30821
139350 1.30861
139500 1.30901
139650 1.30941
139800 1.3098
139950 1.3102
140100 1.31061
140250 1.31101
140400 1.3114
140550 1.31179
140700 1.31219
140850 1.31258
141000 1.313
141150 1.3134
141300 1.3138
141450 1.31422
141600 1.31463
141750 1.31501
141900 1.31541
142050 1.31582
142200 1.31621
142350 1.31661
142500 1.317
142650 1.31742
142800 1.31783
142950 1.31824
143100 1.31863
143250 1.31903
143400 1.31942
143550 1.31982
143700 1.32022
143850 1.32063
144000 1.32102
144150 1.32145
144300 1.32188
144450 1.32229
144600 1.32271
144750 1.32312
144900 1.32352
145050 1.32393
145200 1.32434
145350 1.32481
145500 1.32523
145650 1.32565
145800 1.32607
145950 1.32649
146100 1.32691
146250 1.32732
146400 1.32774
146550 1.32815
146700 1.32855
146850 1.32895
147000 1.32933
147150 1.32975
147300 1.33016
147450 1.33057
147600 1.33097
147750 1.33137
147900 1.33179
148050 1.3322
148200 1.33262
148350 1.33304
148500 1.33345
148650 1.33387
148800 1.33426
148950 1.33468
149100 1.3351
149250 1.33552
149400 1.33594
149550 1.33635
149700 1.33677
149850 1.33716
150000 1.33759
150150 1.33801
150300 1.33842
150450 1.33883
150600 1.33923
150750 1.33963
150900 1.34005
151050 1.34046
151200 1.34087
151350 1.34127
151500 1.34166
151650 1.34207
151800 1.34249
151950 1.3429
152100 1.34333
152250 1.34375
152400 1.34417
152550 1.3446
152700 1.34501
152850 1.34543
153000 1.34584
153150 1.34626
153300 1.34667
153450 1.34708
153600 1.34751
153750 1.34792
153900 1.34835
154050 1.34878
154200 1.34922
154350 1.34964
154500 1.35006
154650 1.35047
154800 1.35088
154950 1.3513
155100 1.35171
155250 1.35213
155400 1.35257
155550 1.35301
155700 1.35346
155850 1.35389
156000 1.35433
156150 1.35475
156300 1.35518
156450 1.3556
156600 1.35604
156750 1.35647
156900 1.3569
157050 1.35731
157200 1.35774
157350 1.35818
157500 1.3586
157650 1.35904
157800 1.35949
157950 1.35993
158100 1.36035
158250 1.36079
158400 1.36124
158550 1.36169
158700 1.36212
158850 1.36255
159000 1.36297
159150 1.3634
159300 1.36384
159450 1.36428
159600 1.36471
159750 1.36515
159900 1.36557
160050 1.366
160200 1.36645
160350 1.3669
160500 1.36732
160650 1.36774
160800 1.36817
160950 1.36859
161100 1.36905
161250 1.36949
161400 1.36992
161550 1.37034
161700 1.37077
161850 1.37124
162000 1.37165
162150 1.37207
162300 1.3725
162450 1.37293
162600 1.37336
162750 1.37381
162900 1.37424
163050 1.37468
163200 1.37511
163350 1.37553
163500 1.37598
163650 1.37642
163800 1.37686
163950 1.3773
164100 1.37775
164250 1.37817
164400 1.37861
164550 1.37903
164700 1.37945
164850 1.3799
165000 1.38033
165150 1.38075
165300 1.38121
165450 1.38165
165600 1.38204
165750 1.38249
165900 1.38292
166050 1.38337
166200 1.38381
166350 1.38426
166500 1.38472
166650 1.38522
166800 1.38566
166950 1.38609
167100 1.38651
167250 1.38696
167400 1.3874
167550 1.38787
167700 1.38832
167850 1.38877
168000 1.38921
168150 1.38966
168300 1.39011
168450 1.39055
168600 1.39101
168750 1.39145
168900 1.39189
169050 1.39233
169200 1.39278
169350 1.39322
169500 1.39367
169650 1.39411
169800 1.39458
169950 1.39504
170100 1.39552
170250 1.39597
170400 1.3964
170550 1.39684
170700 1.3973
170850 1.39776
171000 1.39822
171150 1.39867
171300 1.39913
171450 1.39956
171600 1.40001
171750 1.40047
171900 1.40095
172050 1.40142
172200 1.40187
172350 1.40232
172500 1.40275
172650 1.40321
172800 1.40368
172950 1.40416
173100 1.40463
173250 1.40509
173400 1.40555
173550 1.40599
173700 1.40646
173850 1.4069
174000 1.40738
174150 1.40785
174300 1.40831
174450 1.40879
174600 1.40924
174750 1.40971
174900 1.41017
175050 1.41063
175200 1.41108
175350 1.41155
175500 1.41207
175650 1.41253
175800 1.41301
175950 1.41349
176100 1.41394
176250 1.41442
176400 1.41491
176550 1.41539
176700 1.41587
176850 1.41635
177000 1.4168
177150 1.41725
177300 1.4177
177450 1.41818
177600 1.41865
177750 1.41911
177900 1.41957
178050 1.42005
178200 1.42052
178350 1.42101
178500 1.42146
178650 1.42195
178800 1.42242
178950 1.42288
179100 1.42336
179250 1.42382
179400 1.42427
179550 1.42476
179700 1.42525
179850 1.42573
180000 1.42621
180150 1.42667
180300 1.42718
180450 1.42765
180600 1.42813
180750 1.42864
180900 1.42911
181050 1.42959
181200 1.43007
181350 1.43055
181500 1.43101
181650 1.43147
181800 1.43196
181950 1.43242
182100 1.43292
182250 1.43341
182400 1.43388
182550 1.43436
182700 1.43485
182850 1.43531
183000 1.4358
183150 1.43627
183300 1.43676
183450 1.43725
183600 1.43773
183750 1.43822
183900 1.4387
184050 1.4392
184200 1.43968
184350 1.44016
184500 1.44064
184650 1.44114
184800 1.44161
184950 1.44211
185100 1.44261
185250 1.44309
185400 1.44356
185550 1.44407
185700 1.44453
185850 1.44502
186000 1.44551
186150 1.44599
186300 1.4465
186450 1.44698
186600 1.44744
186750 1.44791
186900 1.44842
187050 1.4489
187200 1.44939
187350 1.44986
187500 1.45034
187650 1.4508
187800 1.45128
187950 1.45176
188100 1.45226
188250 1.45277
188400 1.45325
188550 1.45377
188700 1.45424
188850 1.45474
189000 1.45522
189150 1.45572
189300 1.4562
189450 1.45669
189600 1.45718
189750 1.45766
189900 1.45814
190050 1.45863
190200 1.45912
190350 1.45963
190500 1.46012
190650 1.46062
190800 1.4611
190950 1.46161
191100 1.46213
191250 1.46261
191400 1.4631
191550 1.46361
191700 1.46409
191850 1.46459
192000 1.46508
192150 1.46569
192300 1.46617
192450 1.46667
192600 1.46717
192750 1.46768
192900 1.46818
193050 1.4687
193200 1.46916
193350 1.46964
193500 1.47018
193650 1.47068
193800 1.47119
193950 1.47168
194100 1.47217
194250 1.47267
194400 1.47317
194550 1.47368
194700 1.47422
194850 1.47472
195000 1.47524
195150 1.47576
195300 1.47626
195450 1.47679
195600 1.47731
195750 1.47782
195900 1.4783
196050 1.47881
196200 1.47931
196350 1.47982
196500 1.48033
196650 1.48083
196800 1.48135
196950 1.48188
197100 1.48237
197250 1.48289
197400 1.48339
197550 1.48391
197700 1.4844
197850 1.48491
198000 1.48551
198150 1.48602
198300 1.48657
198450 1.48707
198600 1.48759
198750 1.48811
198900 1.48862
199050 1.48914
199200 1.48966
199350 1.49018
199500 1.49071
199650 1.49122
199800 1.49172
199950 1.49224
200100 1.49275
200250 1.49328
200400 1.49383
200550 1.49435
200700 1.49486
200850 1.4954
201000 1.49592
201150 1.49643
201300 1.49697
201450 1.49751
201600 1.49805
201750 1.49858
201900 1.49913
202050 1.49965
202200 1.50015
202350 1.50064
202500 1.5012
202650 1.50174
202800 1.50228
202950 1.50283
203100 1.50341
203250 1.50395
203400 1.50447
203550 1.50499
203700 1.50551
203850 1.50602
204000 1.50659
204150 1.50715
204300 1.50768
204450 1.50818
204600 1.50871
204750 1.50925
204900 1.50981
205050 1.51029
205200 1.51081
205350 1.51137
205500 1.5119
205650 1.51246
205800 1.51298
205950 1.5135
206100 1.51405
206250 1.51458
206400 1.51518
206550 1.51571
206700 1.51632
206850 1.51686
207000 1.51739
207150 1.51794
207300 1.51846
207450 1.51901
207600 1.51953
207750 1.52005
207900 1.5206
208050 1.52114
208200 1.52167
208350 1.52222
208500 1.52276
208650 1.5233
208800 1.52388
208950 1.52444
209100 1.52496
209250 1.5255
209400 1.52605
209550 1.52659
209700 1.52713
209850 1.52767
210000 1.52822
210150 1.52876
210300 1.52931
210450 1.52986
210600 1.53042
210750 1.53099
210900 1.53154
211050 1.53209
211200 1.53264
211350 1.53319
211500 1.5337
211650 1.53426
211800 1.53481
211950 1.53539
212100 1.53593
212250 1.5365
212400 1.53707
212550 1.53761
212700 1.53816
212850 1.53869
213000 1.53926
213150 1.53981
213300 1.54039
213450 1.54093
213600 1.54145
213750 1.54201
213900 1.54257
214050 1.54315
214200 1.54375
214350 1.54433
214500 1.54487
214650 1.54545
214800 1.546
214950 1.54657
215100 1.54713
215250 1.54769
215400 1.54827
215550 1.54881
215700 1.54941
215850 1.55
216000 1.55054
216150 1.55111
216300 1.55164
216450 1.55222
216600 1.55275
216750 1.55332
216900 1.55387
217050 1.55446
217200 1.55503
217350 1.55563
217500 1.55621
217650 1.55678
217800 1.55731
217950 1.5579
218100 1.55847
218250 1.55904
218400 1.5596
218550 1.56017
218700 1.56073
218850 1.56129
219000 1.56183
219150 1.56242
219300 1.56301
219450 1.56359
219600 1.56418
219750 1.56474
219900 1.56534
220050 1.56589
220200 1.5665
220350 1.56706
220500 1.56761
220650 1.56824
220800 1.56884
220950 1.56942
221100 1.56998
221250 1.57055
221400 1.57114
221550 1.5717
221700 1.57228
221850 1.57288
222000 1.57347
222150 1.57404
222300 1.57462
222450 1.57529
222600 1.5759
222750 1.57651
222900 1.57712
223050 1.57766
223200 1.57819
223350 1.57877
223500 1.57936
223650 1.57994
223800 1.5805
223950 1.58107
224100 1.58163
224250 1.58223
224400 1.58281
224550 1.58339
224700 1.58401
224850 1.58458
225000 1.58517
225150 1.58576
225300 1.58632
225450 1.58692
225600 1.58754
225750 1.58811
225900 1.58867
226050 1.58929
226200 1.58984
226350 1.59042
226500 1.59103
226650 1.59165
226800 1.59223
226950 1.59281
227100 1.59342
227250 1.59402
227400 1.59463
227550 1.59523
227700 1.59581
227850 1.59642
228000 1.597
228150 1.59759
228300 1.59823
228450 1.59881
228600 1.59938
228750 1.59999
228900 1.60056
229050 1.60117
229200 1.60177
229350 1.60238
229500 1.60296
229650 1.60358
229800 1.60417
229950 1.60473
230100 1.60531
230250 1.60594
230400 1.60652
230550 1.60715
230700 1.60775
230850 1.6083
231000 1.60897
231150 1.60957
231300 1.61019
231450 1.61079
231600 1.61142
231750 1.61202
231900 1.61263
232050 1.61325
232200 1.61381
232350 1.6144
232500 1.61499
232650 1.61561
232800 1.61622
232950 1.61681
233100 1.61746
233250 1.61812
233400 1.61873
233550 1.61936
233700 1.61998
233850 1.62062
234000 1.62123
234150 1.62182
234300 1.62241
234450 1.62306
234600 1.62367
234750 1.62427
234900 1.62493
235050 1.62553
235200 1.62617
235350 1.62677
235500 1.62741
235650 1.62802
235800 1.62864
235950 1.6293
236100 1.62996
236250 1.6306
236400 1.63122
236550 1.6318
236700 1.63245
236850 1.63307
237000 1.63366
237150 1.63428
237300 1.63489
237450 1.63556
237600 1.63622
237750 1.63691
237900 1.63755
238050 1.63815
238200 1.63878
238350 1.63945
238500 1.64009
238650 1.64074
238800 1.64139
238950 1.64203
239100 1.64267
239250 1.64333
239400 1.64397
239550 1.64458
239700 1.64523
239850 1.64589
240000 1.64656
240150 1.64717
240300 1.64785
240450 1.64849
240600 1.64912
240750 1.6498
240900 1.65042
241050 1.65108
241200 1.65173
241350 1.65238
241500 1.65304
241650 1.6537
241800 1.65434
241950 1.65499
242100 1.65569
242250 1.65631
242400 1.65688
242550 1.65754
242700 1.65818
242850 1.65883
243000 1.65951
243150 1.66014
243300 1.66079
243450 1.66147
243600 1.6621
243750 1.66272
243900 1.66338
244050 1.66406
244200 1.66473
244350 1.66542
244500 1.66609
244650 1.66678
244800 1.66743
244950 1.66807
245100 1.66876
245250 1.66944
245400 1.67009
245550 1.67077
245700 1.67145
245850 1.67212
246000 1.67276
246150 1.6734
246300 1.67401
246450 1.6747
246600 1.67533
246750 1.67601
246900 1.67667
247050 1.67736
247200 1.678
247350 1.67866
247500 1.67928
247650 1.67996
247800 1.68068
247950 1.68138
248100 1.68202
248250 1.68267
248400 1.6833
248550 1.684
248700 1.68466
248850 1.68535
249000 1.68601
249150 1.68671
249300 1.68742
249450 1.68803
249600 1.68873
249750 1.68939
249900 1.69007
250050 1.69071
250200 1.69135
250350 1.69199
250500 1.69271
250650 1.69338
250800 1.69404
250950 1.69479
251100 1.69548
251250 1.69618
251400 1.6969
251550 1.69759
251700 1.69823
251850 1.69889
252000 1.69957
252150 1.70027
252300 1.70099
252450 1.70166
252600 1.7024
252750 1.70309
252900 1.7039
253050 1.70457
253200 1.70527
253350 1.70595
253500 1.70667
253650 1.70732
253800 1.70803
253950 1.70869
254100 1.70932
254250 1.71001
254400 1.71068
254550 1.7114
254700 1.71212
254850 1.71286
255000 1.71351
255150 1.71424
255300 1.71492
255450 1.71564
255600 1.71634
255750 1.71702
255900 1.71774
256050 1.71842
256200 1.71912
256350 1.71985
256500 1.72054
256650 1.72129
256800 1.72201
256950 1.72277
257100 1.72346
257250 1.72415
257400 1.72487
257550 1.72561
257700 1.72635
257850 1.72704
258000 1.72774
258150 1.72848
258300 1.72923
258450 1.72994
258600 1.73067
258750 1.73136
258900 1.732
259050 1.73275
259200 1.7335
259350 1.73414
259500 1.73487
259650 1.7356
259800 1.7363
259950 1.73703
260100 1.73774
260250 1.73848
260400 1.73924
260550 1.73997
260700 1.74068
260850 1.74143
261000 1.74212
261150 1.74285
261300 1.74361
261450 1.74435
261600 1.74508
261750 1.74579
261900 1.74654
262050 1.74723
262200 1.74797
262350 1.74871
262500 1.7494
262650 1.7502
262800 1.75093
262950 1.75165
263100 1.75236
263250 1.75312
263400 1.75387
263550 1.75458
263700 1.7553
263850 1.75607
264000 1.7568
264150 1.75751
264300 1.75824
264450 1.75898
264600 1.75988
264750 1.76051
264900 1.76122
265050 1.76195
265200 1.7627
265350 1.76343
265500 1.76416
265650 1.76491
265800 1.76564
265950 1.76636
266100 1.76707
266250 1.76783
266400 1.76857
266550 1.76936
266700 1.77012
266850 1.77083
267000 1.7715
267150 1.77227
267300 1.77304
267450 1.77383
267600 1.77461
267750 1.77536
267900 1.77611
268050 1.77685
268200 1.77759
268350 1.77834
268500 1.77909
268650 1.77979
268800 1.78052
268950 1.78119
269100 1.78191
269250 1.78263
269400 1.78331
269550 1.78404
269700 1.78477
269850 1.7855
270000 1.78627
270150 1.7871
270300 1.78787
270450 1.78863
270600 1.78945
270750 1.79023
270900 1.79099
271050 1.79177
271200 1.79257
271350 1.79336
271500 1.79415
271650 1.79502
271800 1.79583
271950 1.79656
272100 1.7973
272250 1.79812
272400 1.79898
272550 1.79985
272700 1.8008
272850 1.80161
273000 1.80241
273150 1.80316
273300 1.80391
273450 1.80468
273600 1.80548
273750 1.80628
273900 1.80708
274050 1.80785
274200 1.80868
274350 1.80942
274500 1.81023
274650 1.81099
274800 1.81181
274950 1.81262
275100 1.81339
275250 1.81423
275400 1.81498
275550 1.81577
275700 1.81657
275850 1.81742
276000 1.81819
276150 1.819
276300 1.81972
276450 1.82056
276600 1.82135
276750 1.82219
276900 1.823
277050 1.82383
277200 1.82463
277350 1.82538
277500 1.82616
277650 1.827
277800 1.82785
277950 1.82868
278100 1.82958
278250 1.83038
278400 1.8312
278550 1.83196
278700 1.83277
278850 1.83361
279000 1.83448
279150 1.83527
279300 1.83609
279450 1.83692
279600 1.83778
279750 1.8386
279900 1.83939
280050 1.84024
280200 1.84113
280350 1.84193
280500 1.84275
280650 1.84355
280800 1.8444
280950 1.84524
281100 1.84611
281250 1.84689
281400 1.84775
281550 1.8486
281700 1.84946
281850 1.85029
282000 1.85107
282150 1.85186
282300 1.85265
282450 1.85356
282600 1.85446
282750 1.85526
282900 1.85611
283050 1.85696
283200 1.85771
283350 1.85853
283500 1.85936
283650 1.86018
283800 1.86103
283950 1.86188
284100 1.86274
284250 1.86356
284400 1.86438
284550 1.86526
284700 1.86612
284850 1.86697
285000 1.86781
285150 1.8687
285300 1.86955
285450 1.87036
285600 1.87126
285750 1.8721
285900 1.873
286050 1.87388
286200 1.87473
286350 1.87562
286500 1.87642
286650 1.87723
286800 1.87814
286950 1.87895
287100 1.87978
287250 1.88071
287400 1.88158
287550 1.88251
287700 1.88338
287850 1.88422
288000 1.88506
288150 1.88589
288300 1.88676
288450 1.88768
288600 1.88846
288750 1.88932
288900 1.89016
289050 1.89097
289200 1.89187
289350 1.89282
289500 1.89366
289650 1.89456
289800 1.89545
289950 1.89631
290100 1.89715
290250 1.89806
290400 1.89894
290550 1.89987
290700 1.90081
290850 1.90166
291000 1.90259
291150 1.90348
291300 1.90432
291450 1.90518
291600 1.90614
291750 1.90715
291900 1.90799
292050 1.90884
292200 1.90975
292350 1.91066
292500 1.91156
292650 1.91251
292800 1.91343
292950 1.91432
293100 1.91514
293250 1.91602
293400 1.91687
293550 1.91776
293700 1.9187
293850 1.91956
294000 1.92048
294150 1.92134
294300 1.9222
294450 1.92306
294600 1.92406
294750 1.925
294900 1.92592
295050 1.9269
295200 1.9278
295350 1.92874
295500 1.92966
295650 1.93054
295800 1.9314
295950 1.93227
296100 1.93319
296250 1.93406
296400 1.93501
296550 1.93594
296700 1.93688
296850 1.93787
297000 1.93882
297150 1.93983
297300 1.94068
297450 1.94159
297600 1.9425
297750 1.94345
297900 1.94434
298050 1.9454
298200 1.94639
298350 1.94725
298500 1.94812
298650 1.94908
298800 1.95012
298950 1.95094
299100 1.95188
299250 1.95286
299400 1.95377
299550 1.95465
299700 1.95557
299850 1.95649
300000 1.95739
300150 1.95837
300300 1.95935
300450 1.9603
300600 1.96122
300750 1.96217
300900 1.96317
301050 1.96412
301200 1.96514
301350 1.9661
301500 1.96699
301650 1.96792
301800 1.96885
301950 1.9698
302100 1.97071
302250 1.97167
302400 1.97261
302550 1.97353
302700 1.97446
302850 1.97538
303000 1.97635
303150 1.97724
303300 1.97824
303450 1.97921
303600 1.98014
303750 1.98112
303900 1.98204
304050 1.98299
304200 1.98395
304350 1.98493
304500 1.98594
304650 1.98695
304800 1.98793
304950 1.98898
305100 1.98986
305250 1.99086
305400 1.99188
305550 1.99281
305700 1.99383
305850 1.99486
306000 1.99586
306150 1.99689
306300 1.9979
306450 1.99881
306600 1.99978
306750 2.00078
306900 2.00181
307050 2.00277
307200 2.00366
307350 2.00467
307500 2.00577
307650 2.00671
307800 2.00769
307950 2.00873
308100 2.00968
308250 2.01072
308400 2.01181
308550 2.01281
308700 2.01382
308850 2.01479
309000 2.01576
309150 2.01679
309300 2.01782
309450 2.0189
309600 2.01989
309750 2.02092
309900 2.02198
310050 2.02303
310200 2.02417
310350 2.02518
310500 2.02619
310650 2.02717
310800 2.02821
310950 2.02914
311100 2.03024
311250 2.03148
311400 2.0325
311550 2.03351
311700 2.03456
311850 2.03564
312000 2.03662
312150 2.03771
312300 2.03876
312450 2.03988
312600 2.04086
312750 2.04192
312900 2.04305
313050 2.04419
313200 2.04527
313350 2.04628
313500 2.04726
313650 2.04828
313800 2.04924
313950 2.05016
314100 2.05118
314250 2.0522
314400 2.05321
314550 2.05428
314700 2.05537
314850 2.05639
315000 2.05755
315150 2.05874
315300 2.05978
315450 2.06085
315600 2.06192
315750 2.06299
315900 2.06413
316050 2.06525
316200 2.06623
316350 2.06735
316500 2.0684
316650 2.06948
316800 2.07051
316950 2.07165
317100 2.07269
317250 2.07373
317400 2.07479
317550 2.07583
317700 2.07689
317850 2.07794
318000 2.07903
318150 2.08017
318300 2.08119
318450 2.08225
318600 2.08324
318750 2.08429
318900 2.08538
319050 2.08643
319200 2.08747
319350 2.08858
319500 2.08956
319650 2.09071
319800 2.09169
319950 2.09275
320100 2.09378
320250 2.09487
320400 2.09591
320550 2.09701
320700 2.09815
320850 2.09934
321000 2.10047
321150 2.10167
321300 2.10279
321450 2.10393
321600 2.10505
321750 2.10614
321900 2.10725
322050 2.10831
322200 2.1094
322350 2.11049
322500 2.11163
322650 2.11276
322800 2.11389
322950 2.11505
323100 2.11619
323250 2.11748
323400 2.11851
323550 2.11955
323700 2.12072
323850 2.12186
324000 2.12292
324150 2.12395
324300 2.12503
324450 2.12621
324600 2.1273
324750 2.12834
324900 2.12941
325050 2.13059
325200 2.13164
325350 2.13281
325500 2.13383
325650 2.13496
325800 2.13605
325950 2.13713
326100 2.13829
326250 2.13946
326400 2.14059
326550 2.1418
326700 2.14291
326850 2.14408
327000 2.14527
327150 2.14654
327300 2.1477
327450 2.14879
327600 2.14987
327750 2.15099
327900 2.15224
328050 2.1534
328200 2.15455
328350 2.1557
328500 2.15685
328650 2.15805
328800 2.15926
328950 2.16033
329100 2.16156
329250 2.16276
329400 2.16391
329550 2.16507
329700 2.16618
329850 2.16738
330000 2.16854
330150 2.16974
330300 2.17088
330450 2.172
330600 2.17312
330750 2.17433
330900 2.17549
331050 2.17662
331200 2.17783
331350 2.17904
331500 2.18019
331650 2.18146
331800 2.1827
331950 2.18385
332100 2.18504
332250 2.18615
332400 2.18738
332550 2.18866
332700 2.1899
332850 2.19115
333000 2.1923
333150 2.19365
333300 2.19486
333450 2.19612
333600 2.19752
333750 2.19875
333900 2.19996
334050 2.2012
334200 2.20234
334350 2.2036
334500 2.20474
334650 2.20595
334800 2.20715
334950 2.20848
335100 2.20972
335250 2.21103
335400 2.21242
335550 2.21365
335700 2.21489
335850 2.21603
336000 2.21721
336150 2.21843
336300 2.21963
336450 2.22083
336600 2.22199
336750 2.22309
336900 2.22445
337050 2.22553
337200 2.22678
337350 2.22795
337500 2.22914
337650 2.23033
337800 2.23159
337950 2.23268
338100 2.234
338250 2.23521
338400 2.23647
338550 2.2377
338700 2.23898
338850 2.2403
339000 2.24158
339150 2.24273
339300 2.24392
339450 2.2451
339600 2.2464
339750 2.24767
339900 2.2489
340050 2.25016
340200 2.25152
340350 2.25276
340500 2.254
340650 2.25533
340800 2.25648
340950 2.25776
341100 2.25898
341250 2.26018
341400 2.26144
341550 2.26266
341700 2.26386
341850 2.26521
342000 2.26647
342150 2.26771
342300 2.26908
342450 2.27043
342600 2.27183
342750 2.2731
342900 2.27442
343050 2.27564
343200 2.27712
343350 2.27845
343500 2.2799
343650 2.28128
343800 2.28265
343950 2.28379
344100 2.28496
344250 2.28639
344400 2.2876
344550 2.2888
344700 2.29003
344850 2.29147
345000 2.29276
345150 2.29412
345300 2.29544
345450 2.29678
345600 2.29806
345750 2.29934
345900 2.30056
346050 2.30201
346200 2.30329
346350 2.30463
346500 2.30599
346650 2.30718
346800 2.30858
346950 2.30989
347100 2.31125
347250 2.31259
347400 2.31384
347550 2.31526
347700 2.31667
347850 2.31791
348000 2.3193
348150 2.32053
348300 2.32175
348450 2.32309
348600 2.32447
348750 2.32586
348900 2.32728
349050 2.32864
349200 2.33
349350 2.33136
349500 2.33285
349650 2.33423
349800 2.33568
349950 2.33696
350100 2.33834
350250 2.33968
350400 2.34098
350550 2.34242
350700 2.34377
350850 2.34521
351000 2.34661
351150 2.34788
351300 2.34933
351450 2.35065
351600 2.35195
351750 2.35337
351900 2.35472
352050 2.35625
352200 2.35755
352350 2.35936
352500 2.36056
352650 2.36208
352800 2.36341
352950 2.36493
353100 2.3663
353250 2.36772
353400 2.36928
353550 2.37072
353700 2.37209
353850 2.37359
354000 2.37498
354150 2.37638
354300 2.37798
354450 2.37936
354600 2.38073
354750 2.38215
354900 2.38361
355050 2.38508
355200 2.38635
355350 2.38761
355500 2.38963
355650 2.39108
355800 2.39239
355950 2.39377
356100 2.39519
356250 2.39665
356400 2.39815
356550 2.39964
356700 2.40108
356850 2.40248
357000 2.40384
357150 2.40539
357300 2.40688
357450 2.40841
357600 2.40985
357750 2.41118
357900 2.41259
358050 2.41384
358200 2.4154
358350 2.41686
358500 2.41845
358650 2.4201
358800 2.42168
358950 2.42326
359100 2.42473
359250 2.42612
359400 2.42742
359550 2.42879
359700 2.43026
359850 2.43167
360000 2.43311
360150 2.43463
360300 2.4361
360450 2.43763
360600 2.43907
360750 2.44063
360900 2.44215
361050 2.44364
361200 2.44518
361350 2.44665
361500 2.44811
361650 2.44972
361800 2.45125
361950 2.45282
362100 2.45432
362250 2.45594
362400 2.45767
362550 2.4591
362700 2.46074
362850 2.46233
363000 2.46367
363150 2.4652
363300 2.46661
363450 2.46836
363600 2.46984
363750 2.47122
363900 2.47288
364050 2.47429
364200 2.47594
364350 2.47753
364500 2.47911
364650 2.48069
364800 2.48226
364950 2.48389
365100 2.48537
365250 2.487
365400 2.48873
365550 2.49044
365700 2.49195
365850 2.49332
366000 2.495
366150 2.49657
366300 2.49817
366450 2.4997
366600 2.50118
366750 2.50277
366900 2.5043
367050 2.50586
367200 2.50744
367350 2.50918
367500 2.51059
367650 2.51213
367800 2.51366
367950 2.5153
368100 2.51691
368250 2.5186
368400 2.52029
368550 2.5219
368700 2.5237
368850 2.52528
369000 2.52686
369150 2.52847
369300 2.52993
369450 2.53156
369600 2.53302
369750 2.5346
369900 2.5362
370050 2.53795
370200 2.53956
370350 2.54116
370500 2.54264
370650 2.54433
370800 2.54604
370950 2.54772
371100 2.54949
371250 2.55124
371400 2.55289
371550 2.55446
371700 2.55633
371850 2.55794
372000 2.55983
372150 2.5615
372300 2.56336
372450 2.56492
372600 2.56671
372750 2.56853
372900 2.57029
373050 2.572
373200 2.57378
373350 2.57567
373500 2.5774
373650 2.57906
373800 2.5808
373950 2.58247
374100 2.58388
374250 2.58554
374400 2.5873
374550 2.58903
374700 2.59082
374850 2.59276
375000 2.59457
375150 2.59649
375300 2.59815
375450 2.5998
375600 2.60144
375750 2.60323
375900 2.60484
376050 2.60665
376200 2.60852
376350 2.61046
376500 2.61228
376650 2.61391
376800 2.61595
376950 2.61789
377100 2.6198
377250 2.62172
377400 2.6237
377550 2.62551
377700 2.62767
377850 2.62921
378000 2.63089
378150 2.63251
378300 2.63441
378450 2.63628
378600 2.63805
378750 2.63989
378900 2.64177
379050 2.64389
379200 2.64551
379350 2.64729
379500 2.6491
379650 2.65088
379800 2.65252
379950 2.65429
380100 2.656
380250 2.65788
380400 2.65983
380550 2.66157
380700 2.66344
380850 2.6652
381000 2.66697
381150 2.66873
381300 2.67062
381450 2.67238
381600 2.67416
381750 2.67606
381900 2.67786
382050 2.67959
382200 2.68145
382350 2.68334
382500 2.68513
382650 2.68704
382800 2.68896
382950 2.6908
383100 2.69286
383250 2.69505
383400 2.69696
383550 2.69879
383700 2.70057
383850 2.70262
384000 2.70445
384150 2.70646
384300 2.7082
384450 2.71004
384600 2.71185
384750 2.71383
384900 2.71568
385050 2.71759
385200 2.71934
385350 2.7214
385500 2.72328
385650 2.72526
385800 2.727
385950 2.72883
386100 2.73066
386250 2.73259
386400 2.73452
386550 2.73623
386700 2.73814
386850 2.74028
387000 2.74221
387150 2.74386
387300 2.74624
387450 2.74827
387600 2.75027
387750 2.75229
387900 2.75448
388050 2.75635
388200 2.75829
388350 2.76012
388500 2.76204
388650 2.76397
388800 2.76609
388950 2.76795
389100 2.76985
389250 2.77198
389400 2.77395
389550 2.77599
389700 2.77793
389850 2.77992
390000 2.78198
390150 2.78423
390300 2.78614
390450 2.78812
390600 2.79014
390750 2.79225
390900 2.79414
391050 2.79625
391200 2.79807
391350 2.80015
391500 2.80269
391650 2.80488
391800 2.80679
391950 2.80887
392100 2.81088
392250 2.81298
392400 2.81524
392550 2.81741
392700 2.81957
392850 2.82178
393000 2.82374
393150 2.82568
393300 2.82783
393450 2.82976
393600 2.83208
393750 2.83423
393900 2.83629
394050 2.83833
394200 2.8407
394350 2.84314
394500 2.84541
394650 2.84767
394800 2.85007
394950 2.85237
395100 2.85446
395250 2.8565
395400 2.85867
395550 2.86069
395700 2.86263
395850 2.86452
396000 2.86648
396150 2.86839
396300 2.87054
396450 2.87256
396600 2.87501
396750 2.87738
396900 2.87956
397050 2.88189
397200 2.884
397350 2.8859
397500 2.88813
397650 2.89024
397800 2.89257
397950 2.89492
398100 2.89718
398250 2.8996
398400 2.90162
398550 2.90378
398700 2.90619
398850 2.90837
399000 2.91055
399150 2.91275
399300 2.91505
399450 2.91718
399600 2.91945
399750 2.92164
399900 2.92387
400050 2.92597
400200 2.92827
400350 2.93052
400500 2.93311
400650 2.93529
400800 2.9378
400950 2.9398
401100 2.9421
401250 2.94405
401400 2.94609
401550 2.94848
401700 2.95075
401850 2.95295
402000 2.95516
402150 2.95717
402300 2.95975
402450 2.96193
402600 2.96429
402750 2.96615
402900 2.96839
403050 2.97066
403200 2.97313
403350 2.97562
403500 2.9779
403650 2.98032
403800 2.98282
403950 2.985
404100 2.98726
404250 2.98957
404400 2.99225
404550 2.99458
404700 2.99699
404850 2.99956
405000 3.00197
405150 3.00462
405300 3.00707
405450 3.00962
405600 3.01197
405750 3.01458
405900 3.01667
406050 3.01881
406200 3.02168
406350 3.0242
406500 3.02697
406650 3.02946
406800 3.03184
406950 3.03417
407100 3.03688
407250 3.03941
407400 3.04174
407550 3.04441
407700 3.04675
407850 3.04927
408000 3.05166
408150 3.05428
408300 3.05658
408450 3.05918
408600 3.06166
408750 3.064
408900 3.06629
409050 3.06879
409200 3.07114
409350 3.07352
409500 3.07571
409650 3.07813
409800 3.0806
409950 3.08297
410100 3.08536
410250 3.08829
410400 3.09096
410550 3.0935
410700 3.09587
410850 3.0983
411000 3.10088
411150 3.10334
411300 3.10625
411450 3.10883
411600 3.11144
411750 3.11412
411900 3.11708
412050 3.11955
412200 3.12202
412350 3.12428
412500 3.12672
412650 3.1289
412800 3.13172
412950 3.13436
413100 3.13691
413250 3.13969
413400 3.14271
413550 3.14497
413700 3.14778
413850 3.15056
414000 3.15321
414150 3.15624
414300 3.1591
414450 3.16165
414600 3.16429
414750 3.16702
414900 3.16946
415050 3.17206
415200 3.17454
415350 3.17724
415500 3.17969
415650 3.18214
415800 3.18506
415950 3.18786
416100 3.19007
416250 3.19245
416400 3.19541
416550 3.19837
416700 3.20082
416850 3.20346
417000 3.20602
417150 3.20921
417300 3.21217
417450 3.21527
417600 3.21829
417750 3.22159
417900 3.22462
418050 3.22725
418200 3.22998
418350 3.23287
418500 3.23566
418650 3.23829
418800 3.24111
418950 3.24377
419100 3.24641
419250 3.24953
419400 3.25219
419550 3.25528
419700 3.25789
419850 3.2607
420000 3.2634
420150 3.26636
420300 3.2692
420450 3.27148
420600 3.27448
420750 3.27709
420900 3.28032
421050 3.28331
421200 3.28653
421350 3.28927
421500 3.29246
421650 3.29503
421800 3.29807
421950 3.3009
422100 3.30366
422250 3.30647
422400 3.30979
422550 3.31253
422700 3.3157
422850 3.31875
423000 3.32165
423150 3.325
423300 3.32787
423450 3.33049
423600 3.3334
423750 3.33603
423900 3.33891
424050 3.34164
424200 3.34465
424350 3.34784
424500 3.3502
424650 3.35338
424800 3.3565
424950 3.35922
425100 3.362
425250 3.36473
425400 3.36765
425550 3.3707
425700 3.37337
425850 3.37678
426000 3.37998
426150 3.38291
426300 3.38598
426450 3.38876
426600 3.39247
426750 3.39586
426900 3.3989
427050 3.40169
427200 3.40445
427350 3.40712
427500 3.40999
427650 3.41334
427800 3.41624
427950 3.41896
428100 3.42186
428250 3.4249
428400 3.42802
428550 3.43127
428700 3.43479
428850 3.43794
429000 3.4407
429150 3.44438
429300 3.44734
429450 3.45047
429600 3.45408
429750 3.45753
429900 3.46061
430050 3.46417
430200 3.46723
430350 3.47203
430500 3.47516
430650 3.47824
430800 3.48148
430950 3.48496
431100 3.48838
431250 3.49136
431400 3.49433
431550 3.49773
431700 3.50124
431850 3.50452
432000 3.5078
432150 3.51154
432300 3.51526
432450 3.51836
432600 3.52146
432750 3.52544
432900 3.52865
433050 3.53165
433200 3.53428
433350 3.53783
433500 3.54129
433650 3.54409
433800 3.54737
433950 3.5513
434100 3.55413
434250 3.55702
434400 3.56033
434550 3.5642
434700 3.5678
434850 3.57165
435000 3.57478
435150 3.57818
435300 3.58142
435450 3.58562
435600 3.58912
435750 3.59295
435900 3.59715
436050 3.6006
436200 3.60477
436350 3.60879
436500 3.61331
436650 3.61642
436800 3.61962
436950 3.62306
437100 3.62673
437250 3.63021
437400 3.63454
437550 3.63774
437700 3.6413
437850 3.64537
438000 3.64925
438150 3.65288
438300 3.65654
438450 3.66055
438600 3.66439
438750 3.66811
438900 3.67166
439050 3.67499
439200 3.67877
439350 3.6823
439500 3.68649
439650 3.68975
439800 3.69347
439950 3.69719
440100 3.70067
440250 3.70418
440400 3.70719
440550 3.71123
440700 3.71519
440850 3.71964
441000 3.72307
441150 3.72669
441300 3.73031
441450 3.73376
441600 3.73783
441750 3.74209
441900 3.74611
442050 3.74987
442200 3.75426
442350 3.75806
442500 3.76178
442650 3.76561
442800 3.76937
442950 3.77285
443100 3.77667
443250 3.78056
443400 3.78451
443550 3.78837
443700 3.79249
443850 3.79637
444000 3.80009
444150 3.80429
444300 3.80886
444450 3.81335
444600 3.81719
444750 3.82074
444900 3.8253
445050 3.82909
445200 3.83322
445350 3.83654
445500 3.84065
445650 3.84533
445800 3.84923
445950 3.85287
446100 3.85699
446250 3.86068
446400 3.86493
446550 3.86943
446700 3.8727
446850 3.87699
447000 3.88171
447150 3.88575
447300 3.8896
447450 3.89396
447600 3.89725
447750 3.90072
447900 3.90479
448050 3.90914
448200 3.91355
448350 3.91776
448500 3.92167
448650 3.92556
448800 3.92901
448950 3.93272
449100 3.93725
449250 3.94127
449400 3.94564
449550 3.95002
449700 3.95423
449850 3.9587
450000 3.9631
450150 3.96716
450300 3.9711
450450 3.97503
450600 3.97945
450750 3.9833
450900 3.98767
451050 3.99151
451200 3.9966
451350 4.00087
451500 4.00464
451650 4.00922
451800 4.01351
451950 4.01877
452100 4.02345
452250 4.02832
452400 4.03273
452550 4.03751
452700 4.04182
452850 4.04668
453000 4.05105
453150 4.05638
453300 4.0614
453450 4.06604
453600 4.0701
453750 4.07574
453900 4.07992
454050 4.08418
454200 4.08822
454350 4.09361
454500 4.09807
454650 4.10213
454800 4.10771
454950 4.11235
455100 4.1174
455250 4.12135
455400 4.1253
455550 4.12913
455700 4.13434
455850 4.13981
456000 4.14362
456150 4.14864
456300 4.1536
456450 4.15776
456600 4.16289
456750 4.16752
456900 4.17179
457050 4.17639
457200 4.1808
457350 4.18588
457500 4.19088
457650 4.195
457800 4.2008
457950 4.20596
458100 4.21011
458250 4.214
458400 4.21911
458550 4.22454
458700 4.22938
458850 4.23391
459000 4.23884
459150 4.24342
459300 4.24804
459450 4.25263
459600 4.25774
459750 4.26271
459900 4.26739
460050 4.27195
460200 4.27636
460350 4.28112
460500 4.28568
460650 4.28965
460800 4.29482
460950 4.29954
461100 4.30533
461250 4.31089
461400 4.31638
461550 4.32234
461700 4.32712
461850 4.33157
462000 4.33699
462150 4.34114
462300 4.34694
462450 4.35167
462600 4.35656
462750 4.36179
462900 4.36708
463050 4.37254
463200 4.37781
463350 4.38285
463500 4.38769
463650 4.39227
463800 4.39771
463950 4.40289
464100 4.40872
464250 4.41393
464400 4.41907
464550 4.42387
464700 4.42951
464850 4.43476
465000 4.43907
465150 4.4446
465300 4.449
465450 4.45369
465600 4.45921
465750 4.4648
465900 4.4714
466050 4.47712
466200 4.48193
466350 4.4878
466500 4.49326
466650 4.49905
466800 4.50343
466950 4.50927
467100 4.51489
467250 4.51964
467400 4.52493
467550 4.53065
467700 4.53594
467850 4.54173
468000 4.54851
468150 4.55339
468300 4.55915
468450 4.56506
468600 4.57179
468750 4.57638
468900 4.58124
469050 4.58585
469200 4.59161
469350 4.59679
469500 4.60294
469650 4.60872
469800 4.61513
469950 4.62097
470100 4.62608
470250 4.63211
470400 4.63713
470550 4.64239
470700 4.64719
470850 4.65225
471000 4.65833
471150 4.6636
471300 4.66995
471450 4.67693
471600 4.6829
471750 4.68881
471900 4.69481
472050 4.70101
472200 4.70726
472350 4.71301
472500 4.71796
472650 4.7237
472800 4.72968
472950 4.7357
473100 4.7416
473250 4.74792
473400 4.7552
473550 4.76096
473700 4.76821
473850 4.77471
474000 4.78056
474150 4.78618
474300 4.79187
474450 4.79706
474600 4.80417
474750 4.81042
474900 4.81767
475050 4.82245
475200 4.82971
475350 4.83553
475500 4.84102
475650 4.84595
475800 4.85338
475950 4.86016
476100 4.86592
476250 4.87116
476400 4.87819
476550 4.88285
476700 4.88806
476850 4.89492
477000 4.90269
477150 4.90892
477300 4.9168
477450 4.92444
477600 4.93102
477750 4.9378
477900 4.94404
478050 4.95052
478200 4.95661
478350 4.96277
478500 4.97008
478650 4.9766
478800 4.98267
478950 4.98925
479100 4.99598
479250 5.00414
479400 5.01161
479550 5.01827
479700 5.02556
479850 5.03241
480000 5.03896
480150 5.04622
480300 5.05156
480450 5.05737
480600 5.06498
480750 5.07192
480900 5.07915
481050 5.08726
481200 5.094
481350 5.10108
481500 5.10793
481650 5.11353
481800 5.12027
481950 5.12708
482100 5.13511
482250 5.14221
482400 5.15111
482550 5.15873
482700 5.16557
482850 5.17403
483000 5.18094
483150 5.18893
483300 5.19467
483450 5.20167
483600 5.20912
483750 5.21769
483900 5.22785
484050 5.23463
484200 5.24329
484350 5.24962
484500 5.26072
484650 5.26735
484800 5.2759
484950 5.28312
485100 5.29133
485250 5.2977
485400 5.30529
485550 5.31252
485700 5.32058
485850 5.33005
486000 5.33612
486150 5.34359
486300 5.35071
486450 5.35915
486600 5.36813
486750 5.37606
486900 5.38302
487050 5.39015
487200 5.39704
487350 5.40611
487500 5.41347
487650 5.42277
487800 5.42963
487950 5.43842
488100 5.44746
488250 5.45541
488400 5.46243
488550 5.47131
488700 5.47783
488850 5.48627
489000 5.49478
489150 5.50162
489300 5.50977
489450 5.51659
489600 5.52622
489750 5.53476
489900 5.54195
490050 5.5517
490200 5.56176
490350 5.57041
490500 5.57774
490650 5.58494
490800 5.59145
490950 5.59995
491100 5.60688
491250 5.61704
491400 5.62731
491550 5.63607
491700 5.64395
491850 5.65291
492000 5.66059
492150 5.66803
492300 5.6762
492450 5.6868
492600 5.6952
492750 5.70348
492900 5.71159
493050 5.72379
493200 5.73335
493350 5.74273
493500 5.75235
493650 5.76187
493800 5.77606
493950 5.7879
494100 5.7958
494250 5.80479
494400 5.81324
494550 5.82205
494700 5.83194
494850 5.84209
495000 5.85157
495150 5.85876
495300 5.86873
495450 5.87675
495600 5.88854
495750 5.8961
495900 5.90443
496050 5.91361
496200 5.92271
496350 5.93267
496500 5.94492
496650 5.95388
496800 5.96265
496950 5.97056
497100 5.98068
497250 5.9889
497400 5.99802
497550 6.00806
497700 6.01819
497850 6.02722
498000 6.03593
498150 6.04336
498300 6.05279
498450 6.06348
498600 6.07089
498750 6.0844
498900 6.09623
499050 6.10797
499200 6.12031
499350 6.12988
499500 6.14053
499650 6.14992
499800 6.16111
499950 6.17074
500100 6.17912
500250 6.19285
500400 6.20286
500550 6.212
500700 6.22328
500850 6.23358
501000 6.24246
501150 6.2563
501300 6.26922
501450 6.27874
501600 6.28795
501750 6.29626
501900 6.30761
502050 6.32
502200 6.32992
502350 6.33978
502500 6.3494
502650 6.35972
502800 6.36941
502950 6.37851
503100 6.38901
503250 6.3978
503400 6.40756
503550 6.42031
503700 6.43055
503850 6.43964
504000 6.45306
504150 6.46316
504300 6.47777
504450 6.49121
504600 6.50068
504750 6.51465
504900 6.52567
505050 6.53462
505200 6.54799
505350 6.5611
505500 6.57894
505650 6.58734
505800 6.59977
505950 6.61204
506100 6.62226
506250 6.63359
506400 6.64533
506550 6.65511
506700 6.666
506850 6.67871
507000 6.68913
507150 6.70393
507300 6.71541
507450 6.72967
507600 6.74593
507750 6.75704
507900 6.76604
508050 6.77482
508200 6.78812
508350 6.80035
508500 6.81266
508650 6.8248
508800 6.8348
508950 6.84704
509100 6.85592
509250 6.86897
509400 6.88309
509550 6.89606
509700 6.90817
509850 6.92363
510000 6.93459
510150 6.95151
510300 6.96454
510450 6.97739
510600 6.99088
510750 7.00446
510900 7.01829
511050 7.0297
511200 7.04399
511350 7.05917
511500 7.07474
511650 7.08677
511800 7.10668
511950 7.12483
512100 7.13858
512250 7.15509
512400 7.17229
512550 7.18976
512700 7.20291
512850 7.21208
513000 7.2259
513150 7.23957
513300 7.24728
513450 7.26192
513600 7.27709
513750 7.29509
513900 7.32996
514050 7.34122
514200 7.35369
514350 7.36871
514500 7.38488
514650 7.40233
514800 7.42136
514950 7.43635
515100 7.45431
515250 7.47017
515400 7.49264
515550 7.5045
515700 7.51643
515850 7.52677
516000 7.54261
516150 7.55616
516300 7.57226
516450 7.5868
516600 7.60686
516750 7.62646
516900 7.63924
517050 7.65259
517200 7.66853
517350 7.68167
517500 7.69425
517650 7.71051
517800 7.72384
517950 7.74031
518100 7.7534
518250 7.78185
518400 7.8008
518550 7.81477
518700 7.83073
518850 7.84689
519000 7.85875
519150 7.87478
519300 7.89425
519450 7.90946
519600 7.92705
519750 7.94965
519900 7.96554
520050 7.9814
520200 8.0045
520350 8.02171
520500 8.03404
520650 8.0553
520800 8.06948
520950 8.08567
521100 8.09801
521250 8.11032
521400 8.12322
521550 8.14269
521700 8.16011
521850 8.17646
522000 8.1935
522150 8.20913
522300 8.23553
522450 8.25339
522600 8.27521
522750 8.2939
522900 8.30995
523050 8.32665
523200 8.34765
523350 8.36311
523500 8.38554
523650 8.4036
523800 8.4253
523950 8.44018
524100 8.46188
524250 8.48177
524400 8.49793
524550 8.51602
524700 8.53397
524850 8.55185
525000 8.57016
525150 8.59597
525300 8.6184
525450 8.63179
525600 8.64725
525750 8.6734
525900 8.69323
526050 8.71157
526200 8.73324
526350 8.75154
526500 8.7699
526650 8.78643
526800 8.80607
526950 8.8428
527100 8.87873
527250 8.89712
527400 8.92301
527550 8.9409
527700 8.95794
527850 8.97664
528000 8.99737
528150 9.02259
528300 9.04137
528450 9.05983
528600 9.07872
528750 9.10314
528900 9.13007
529050 9.15016
529200 9.17226
529350 9.19692
529500 9.21499
529650 9.23268
529800 9.25604
529950 9.28932
530100 9.31734
530250 9.33454
530400 9.36066
530550 9.37884
530700 9.40119
530850 9.43078
531000 9.45309
531150 9.48223
531300 9.49987
531450 9.53367
531600 9.55762
531750 9.58288
531900 9.60068
532050 9.6185
532200 9.63786
532350 9.66434
532500 9.68457
532650 9.72277
532800 9.74781
532950 9.77803
533100 9.80654
533250 9.82673
533400 9.85154
533550 9.87948
533700 9.90519
533850 9.92731
534000 9.94524
534150 9.97109
534300 9.99155
534450 10.01
534600 10.0318
534750 10.0607
534900 10.0814
535050 10.1046
535200 10.1308
535350 10.1501
535500 10.1794
535650 10.2089
535800 10.2421
535950 10.2782
536100 10.308
536250 10.3267
536400 10.348
536550 10.3859
536700 10.4113
536850 10.4384
537000 10.4553
537150 10.4844
537300 10.5166
537450 10.5415
537600 10.5811
537750 10.6149
537900 10.6597
538050 10.6871
538200 10.7219
538350 10.7419
538500 10.7635
538650 10.8046
538800 10.8345
538950 10.8521
539100 10.8752
539250 10.9157
539400 10.9438
539550 10.9782
539700 11.0069
539850 11.0339
540000 11.0629
540150 11.0983
540300 11.1376
540450 11.1641
540600 11.19
540750 11.2246
540900 11.2586
541050 11.2995
541200 11.3193
541350 11.3635
541500 11.4158
541650 11.4504
541800 11.4807
541950 11.5262
542100 11.5556
542250 11.5916
542400 11.6441
542550 11.6877
542700 11.7317
542850 11.7638
543000 11.7959
543150 11.8362
543300 11.8683
543450 11.9284
543600 11.9592
543750 12.023
543900 12.056
544050 12.0821
544200 12.1151
544350 12.1392
544500 12.1859
544650 12.2251
544800 12.2606
544950 12.2868
545100 12.3245
545250 12.3635
545400 12.3927
545550 12.438
545700 12.4812
545850 12.5144
546000 12.5749
546150 12.6289
546300 12.6578
546450 12.7096
546600 12.7448
546750 12.7931
546900 12.8243
547050 12.8664
547200 12.9161
547350 12.9662
547500 13.0083
547650 13.0441
547800 13.0954
547950 13.1327
548100 13.1674
548250 13.2011
548400 13.248
548550 13.2911
548700 13.3347
548850 13.3684
549000 13.419
549150 13.4526
549300 13.4926
549450 13.5699
549600 13.623
549750 13.664
549900 13.7121
550050 13.7673
550200 13.8208
550350 13.8764
550500 13.9154
550650 13.9891
550800 14.0611
550950 14.1127
551100 14.2156
551250 14.2672
551400 14.3354
551550 14.4025
551700 14.4835
551850 14.5591
552000 14.6088
552150 14.654
552300 14.7423
552450 14.7934
552600 14.8713
552750 14.931
552900 14.9688
553050 15.0115
553200 15.0698
553350 15.1051
553500 15.1603
553650 15.2305
553800 15.1686
553950 15.2082
554100 15.2574
554250 15.3129
554400 15.3771
554550 15.54
554700 15.589
554850 15.6426
555000 15.7355
555150 15.7852
555300 15.8579
555450 15.9146
555600 15.9925
555750 16.0648
555900 16.1281
556050 16.1766
556200 16.2956
556350 16.3443
556500 16.4001
556650 16.4487
556800 16.5307
556950 16.5831
557100 16.62
557250 16.6777
557400 16.7468
557550 16.8273
557700 16.8793
557850 16.9672
558000 17.0267
558150 17.099
558300 17.2105
558450 17.2692
558600 17.329
558750 17.4519
558900 17.5004
559050 17.5664
559200 17.6848
559350 17.7809
559500 17.8505
559650 17.9215
559800 17.9984
559950 18.0662
560100 18.1483
560250 18.2435
560400 18.3363
560550 18.3965
560700 18.5064
560850 18.585
561000 18.7106
561150 18.766
561300 18.8973
561450 19.0263
561600 19.1162
561750 19.2434
561900 19.3357
562050 19.4154
562200 19.4967
562350 19.5703
562500 19.6475
562650 19.748
562800 19.8355
562950 20.0007
563100 20.1124
563250 20.1534
563400 20.2619
563550 20.3403
563700 20.4308
563850 20.6384
564000 20.7038
564150 20.8728
564300 20.9567
564450 21.067
564600 21.2552
564750 21.4147
564900 21.6113
565050 21.7093
565200 21.7902
565350 21.9002
565500 21.9817
565650 22.1336
565800 22.3053
565950 22.3952
566100 22.5055
566250 22.6458
566400 23.0628
566550 23.2668
566700 23.4038
566850 23.4951
567000 23.6111
567150 23.7759
567300 23.9648
567450 24.0674
567600 24.1806
567750 24.4
567900 24.4999
568050 24.6461
568200 24.7223
568350 25.0356
568500 25.1836
568650 25.4914
568800 25.588
568950 25.7786
569100 25.9768
569250 26.108
569400 26.2009
569550 26.5483
569700 26.7288
569850 26.8209
570000 26.9382
570150 27.0295
570300 27.0947
570450 27.3361
570600 27.5794
570750 27.6849
570900 27.9872
571050 28.1078
571200 28.2728
571350 28.48
571500 28.7714
571650 29.0837
571800 29.3076
571950 29.4759
572100 29.5632
572250 29.7852
572400 29.9479
572550 30.0019
572700 30.1238
572850 30.3157
573000 30.4771
573150 30.7094
573300 30.874
573450 31.3717
573600 31.5602
573750 31.7212
573900 31.9701
574050 32.0771
574200 32.4586
574350 32.6566
574500 33.0719
574650 33.4368
574800 33.7893
574950 34.1853
575100 34.5256
575250 34.8939
575400 35.2795
575550 35.4571
575700 35.7325
575850 35.9686
576000 37.11
576150 37.294
576300 37.4795
576450 38.1978
576600 38.8132
576750 38.9685
576900 39.6723
577050 39.9402
577200 40.4273
577350 40.6851
577500 40.9342
577650 40.3338
577800 40.6107
577950 40.9114
578100 41.3067
578250 41.3704
578400 41.5132
578550 41.8384
578700 42.0615
578850 42.4875
579000 42.743
579150 43.0329
579300 43.4418
579450 43.7491
579600 44.3981
579750 45.0299
579900 45.5243
580050 46.0268
580200 46.9167
580350 47.0684
580500 48.3211
580650 48.5356
580800 47.6237
580950 47.8459
581100 48.3079
581250 48.7825
581400 49.3402
581550 49.4968
581700 49.7579
581850 50.0836
582000 51.2271
582150 52.0847
582300 52.9387
582450 53.4781
582600 54.112
582750 54.6631
582900 55.2753
583050 55.554
583200 55.8799
583350 56.3171
583500 56.7881
583650 57.9072
583800 60.2999
583950 63.395
584100 64.0437
584250 64.395
584400 64.4631
584550 64.9294
584700 62.6362
584850 62.8352
585000 63.1982
585150 63.633
585300 63.6935
585450 64.5538
585600 64.6133
585750 67.0143
585900 67.4182
586050 67.8138
586200 69.482
586350 69.848
586500 72.6347
586650 73.8457
586800 76.1327
586950 76.7489
587100 77.131
587250 77.8896
587400 76.7528
587550 77.3582
587700 77.5198
587850 80.3773
588000 81.1951
588150 85.9894
588300 88.6558
588450 89.696
588600 90.3915
588750 91.8031
588900 93.6858
589050 94.8198
589200 95.2457
589350 95.6386
589500 95.7841
589650 85.3615
589800 86.9863
589950 87.4556
590100 89.2924
590250 90.9939
590400 91.6604
590550 84.2248
590700 84.6074
590850 85.0249
591000 87.0958
591150 87.8274
591300 88.2826
591450 91.5243
591600 89.9884
591750 90.2661
591900 92.5981
592050 93.3953
592200 91.2626
592350 94.6161
592500 94.6393
592650 96.0212
592800 100.91
592950 101.368
593100 102.517
593250 104.602
593400 102.988
593550 103.167
593700 104.173
593850 93.725
594000 96.1352
594150 95.5278
594300 101.39
594450 102.478
594600 96.8434
594750 99.2981
594900 100.246
595050 102.716
595200 101.54
595350 104.807
595500 106.358
595650 111.133
595800 113.871
595950 123.751
596100 161.907
596250 168.142
596400 178.864
596550 179.886
596700 185.281
596850 186.57
597000 184.338
597150 109.477
597300 109.545
597450 112.905
597600 118.009
597750 118.921
597900 119.165
598050 119.892
598200 120.527
598350 123.891
598500 130.105
598650 131.024
598800 131.232
598950 132.821
599100 171.001
599250 171.616
599400 120.777
599550 128.972
599700 129.037
599850 129.413
600000 41.8057
600150 41.9101
600300 41.8566
600450 41.7742
600600 41.5184
600750 36.7953
600900 37.2567
601050 35.8986
601200 37.3723
601350 37.0082
601500 36.7088
601650 33.0314
601800 33.0491
601950 33.3133
602100 32.7658
602250 32.9584
602400 33.0403
602550 32.5123
602700 32.8591
602850 32.9979
603000 32.5552
603150 32.3586
603300 32.2904
603450 32.5821
603600 33.1534
603750 33.5496
603900 33.5965
604050 34.1932
604200 34.3342
604350 34.178
604500 34.0314
604650 34.1357
604800 34.4386
604950 34.5115
605100 31.8166
605250 31.871
605400 31.9719
605550 32.0143
605700 32.0922
605850 32.541
606000 32.3621
606150 31.3008
606300 28.0761
606450 28.2424
606600 28.4316
606750 27.9048
606900 27.7253
607050 27.4038
607200 26.9992
607350 26.9198
607500 26.9742
607650 27.1501
607800 26.7866
607950 25.8926
608100 26.0137
608250 25.7445
608400 25.6852
608550 25.5483
608700 25.5505
608850 25.1957
609000 25.2028
609150 25.5225
609300 25.8331
609450 24.632
609600 25.5971
609750 25.6112
609900 25.5857
610050 25.5963
610200 26.7929
610350 26.0773
610500 25.7945
610650 25.8601
610800 25.9143
610950 26.0246
611100 26.1702
611250 25.3464
611400 25.0017
611550 24.6266
611700 24.5171
611850 24.6036
612000 24.4571
612150 24.3444
612300 24.4362
612450 24.2594
612600 20.2013
612750 19.7796
612900 19.7047
613050 19.7288
613200 19.0049
613350 19.0521
613500 19.0412
613650 18.9633
613800 18.9167
613950 18.8809
614100 18.8884
614250 18.7388
614400 18.7797
614550 18.8454
614700 18.8223
614850 18.8251
615000 18.849
615150 18.7861
615300 18.8776
615450 18.3505
615600 18.3694
615750 18.1438
615900 18.1595
616050 18.1834
616200 18.2702
616350 17.7168
616500 17.7558
616650 17.7778
616800 17.8262
616950 17.8253
617100 17.8093
617250 17.8693
617400 17.7839
617550 17.7752
617700 17.76
617850 17.833
618000 17.8228
618150 17.7147
618300 17.8435
618450 17.9715
618600 17.9953
618750 17.6942
618900 17.1801
619050 17.2213
619200 17.2221
619350 17.1367
619500 16.9893
619650 16.8911
619800 16.8351
619950 16.8075
620100 16.6867
620250 16.6065
620400 16.5607
620550 16.5688
620700 16.5805
620850 16.613
621000 16.5424
621150 16.4801
621300 16.5066
621450 16.3935
621600 16.3618
621750 16.2072
621900 16.1433
622050 16.1497
622200 15.7885
622350 15.553
622500 15.5184
622650 15.4961
622800 15.2011
622950 15.1621
623100 15.166
623250 15.0801
623400 15.0424
623550 15.0504
623700 14.8762
623850 14.869
624000 14.7484
624150 14.7056
624300 14.6307
624450 14.6449
624600 14.6104
624750 14.604
624900 14.4934
625050 14.4385
625200 14.3719
625350 14.3805
625500 14.1363
625650 14.1054
625800 14.0318
625950 14.0553
626100 14.0357
626250 14.0834
626400 13.8487
626550 13.8839
626700 13.8273
626850 13.8013
627000 13.7795
627150 13.786
627300 13.77
627450 13.7085
627600 13.6502
627750 13.6016
627900 13.5754
628050 13.4801
628200 13.4732
628350 13.3756
628500 13.3411
628650 13.3419
628800 13.3447
628950 13.3338
629100 13.3202
629250 13.2609
629400 13.2543
629550 13.2349
629700 13.1638
629850 13.1713
630000 13.1166
630150 13.0249
630300 12.995
630450 12.9166
630600 12.8928
630750 12.8912
630900 12.8538
631050 12.8804
631200 12.7644
631350 12.6615
631500 12.6322
631650 12.6686
631800 12.6237
631950 12.5939
632100 12.5993
632250 12.585
632400 12.4898
632550 12.486
632700 12.4115
632850 12.3441
633000 12.2211
633150 12.1973
633300 12.185
633450 12.0809
633600 12.0814
633750 12.0769
633900 12.021
634050 12.0493
634200 12.0291
634350 11.9977
634500 11.9607
634650 11.8532
634800 11.9214
634950 11.9063
635100 11.8815
635250 11.86
635400 11.8139
635550 11.7006
635700 11.741
635850 11.6716
636000 11.677
636150 11.6287
636300 11.619
636450 11.616
636600 11.6548
636750 11.5712
636900 11.496
637050 11.4947
637200 11.4243
637350 11.4163
637500 11.4059
637650 11.2314
637800 11.2534
637950 11.2413
638100 11.193
638250 11.1571
638400 11.1401
638550 11.1301
638700 11.0021
638850 10.9508
639000 10.9486
639150 10.9167
639300 10.913
639450 10.9113
639600 10.8744
639750 10.8672
639900 10.8328
640050 10.8204
640200 10.7931
640350 10.7651
640500 10.728
640650 10.7269
640800 10.655
640950 10.6492
641100 10.6321
641250 10.6093
641400 10.5333
641550 10.5244
641700 10.4959
641850 10.4815
642000 10.4961
642150 10.4663
642300 10.4497
642450 10.4021
642600 10.3752
642750 10.3544
642900 10.3249
643050 10.2598
643200 10.2736
643350 10.2835
643500 10.278
643650 10.2859
643800 10.2699
643950 10.2664
644100 10.2544
644250 10.2374
644400 10.1594
644550 10.156
644700 10.1284
644850 10.089
645000 10.0386
645150 9.96911
645300 9.97236
645450 9.97951
645600 9.91636
645750 9.89251
645900 9.84983
646050 9.84439
646200 9.82768
646350 9.77983
646500 9.72698
646650 9.71481
646800 9.71922
646950 9.70478
647100 9.69982
647250 9.6798
647400 9.68947
647550 9.66154
647700 9.66772
647850 9.65094
648000 9.64444
648150 9.57733
648300 9.57987
648450 9.55403
648600 9.4953
648750 9.47948
648900 9.46064
649050 9.44108
649200 9.4155
649350 9.40913
649500 9.39331
649650 9.35514
649800 9.35819
649950 9.34206
650100 9.30703
650250 9.28884
650400 9.28809
650550 9.27086
650700 9.26063
650850 9.23473
651000 9.20907
651150 9.20631
651300 9.18184
651450 9.18375
651600 9.17771
651750 9.16886
651900 9.17232
652050 9.1565
652200 9.16304
652350 9.15505
652500 9.12133
652650 9.10388
652800 9.07615
652950 9.07352
653100 9.07016
653250 9.03783
653400 9.0211
653550 8.97867
653700 8.92166
653850 8.89357
654000 8.87095
654150 8.86025
654300 8.86304
654450 8.85834
654600 8.82645
654750 8.84153
654900 8.84807
655050 8.79401
655200 8.79319
655350 8.78307
655500 8.79487
655650 8.72246
655800 8.68058
655950 8.66962
656100 8.66587
656250 8.64171
656400 8.64476
656550 8.63485
656700 8.60716
656850 8.58321
657000 8.50701
657150 8.51122
657300 8.48553
657450 8.48006
657600 8.47929
657750 8.46803
657900 8.40239
658050 8.39638
658200 8.38875
658350 8.36757
658500 8.33037
658650 8.33991
658800 8.32527
658950 8.30889
659100 8.30248
659250 8.29494
659400 8.26513
659550 8.24592
659700 8.21027
659850 8.19166
660000 8.14599
660150 8.14811
660300 8.13769
660450 8.13183
660600 8.12111
660750 8.10168
660900 8.09395
661050 8.0898
661200 8.07125
661350 8.06777
661500 8.06529
661650 8.06757
661800 8.05579
661950 8.03822
662100 8.04341
662250 8.01575
662400 8.0114
662550 8.01204
662700 8.0086
662850 8.0115
663000 7.99328
663150 7.98886
663300 7.95473
663450 7.92355
663600 7.91986
663750 7.90542
663900 7.89169
664050 7.87232
664200 7.86922
664350 7.8526
664500 7.83646
664650 7.82966
664800 7.76731
664950 7.7571
665100 7.74272
665250 7.74683
665400 7.67523
665550 7.66237
665700 7.65994
665850 7.65813
666000 7.63761
666150 7.63128
666300 7.61863
666450 7.60357
666600 7.59801
666750 7.55805
666900 7.55161
667050 7.52749
667200 7.48898
667350 7.47998
667500 7.45659
667650 7.43508
667800 7.44281
667950 7.4208
668100 7.40013
668250 7.36745
668400 7.33275
668550 7.33002
668700 7.29259
668850 7.28
669000 7.27065
669150 7.25114
669300 7.24734
669450 7.22435
669600 7.22332
669750 7.22935
669900 7.22501
670050 7.22817
670200 7.20664
670350 7.2051
670500 7.18604
670650 7.17647
670800 7.16944
670950 7.16146
671100 7.15594
671250 7.14858
671400 7.12824
671550 7.1135
671700 7.10399
671850 7.09844
672000 7.10065
672150 7.09626
672300 7.08152
672450 7.0709
672600 7.05728
672750 7.05971
672900 7.03328
673050 7.01299
673200 7.00516
673350 6.99864
673500 6.96625
673650 6.94688
673800 6.93907
673950 6.94041
674100 6.93563
674250 6.92957
674400 6.91222
674550 6.88642
674700 6.86613
674850 6.85301
675000 6.82995
675150 6.82644
675300 6.81938
675450 6.81376
675600 6.81052
675750 6.79726
675900 6.77989
676050 6.76823
676200 6.76488
676350 6.75483
676500 6.77011
676650 6.76866
676800 6.75424
676950 6.73753
677100 6.72811
677250 6.71953
677400 6.71434
677550 6.71315
677700 6.70596
677850 6.69519
678000 6.69064
678150 6.67899
678300 6.66426
678450 6.6599
678600 6.64086
678750 6.61689
678900 6.59811
679050 6.58818
679200 6.59211
679350 6.59401
679500 6.59877
679650 6.58825
679800 6.58674
679950 6.56474
680100 6.55997
680250 6.55251
680400 6.54632
680550 6.54572
680700 6.53528
680850 6.50053
681000 6.48652
681150 6.48031
681300 6.4718
681450 6.45803
681600 6.45069
681750 6.44481
681900 6.44394
682050 6.44341
682200 6.42852
682350 6.42345
682500 6.40793
682650 6.39538
682800 6.39057
682950 6.39303
683100 6.38411
683250 6.37672
683400 6.37408
683550 6.35196
683700 6.34673
683850 6.3398
684000 6.32257
684150 6.31935
684300 6.29871
684450 6.27832
684600 6.26736
684750 6.26185
684900 6.24685
685050 6.24021
685200 6.23907
685350 6.22983
685500 6.22318
685650 6.20874
685800 6.1882
685950 6.18381
686100 6.17534
686250 6.16792
686400 6.16557
686550 6.16811
686700 6.16126
686850 6.15602
687000 6.15047
687150 6.15151
687300 6.13218
687450 6.12306
687600 6.0869
687750 6.07001
687900 6.0611
688050 6.05178
688200 6.03414
688350 6.02407
688500 6.00896
688650 6.00409
688800 5.99057
688950 5.98602
689100 5.98002
689250 5.97065
689400 5.97127
689550 5.9675
689700 5.95877
689850 5.94925
690000 5.95018
690150 5.93728
690300 5.93017
690450 5.92664
690600 5.92257
690750 5.91429
690900 5.90527
691050 5.89176
691200 5.88181
691350 5.86498
691500 5.86396
691650 5.84746
691800 5.84146
691950 5.83625
692100 5.82803
692250 5.81011
692400 5.79962
692550 5.79002
692700 5.78543
692850 5.76851
693000 5.76399
693150 5.74596
693300 5.72559
693450 5.72175
693600 5.69795
693750 5.69602
693900 5.68819
694050 5.67999
694200 5.67604
694350 5.67258
694500 5.66966
694650 5.66951
694800 5.65538
694950 5.65275
695100 5.65089
695250 5.63717
695400 5.62485
695550 5.60995
695700 5.60452
695850 5.60268
696000 5.59985
696150 5.59275
696300 5.589
696450 5.57748
696600 5.58188
696750 5.5733
696900 5.56279
697050 5.55848
697200 5.55778
697350 5.55826
697500 5.55671
697650 5.55781
697800 5.55005
697950 5.5405
698100 5.53881
698250 5.52969
698400 5.52619
698550 5.514
698700 5.5046
698850 5.49932
699000 5.49376
699150 5.48447
699300 5.47527
699450 5.46872
699600 5.46134
699750 5.45566
699900 5.44862
700050 5.44667
700200 5.44538
700350 5.4444
700500 5.44463
700650 5.43884
700800 5.43393
700950 5.42516
701100 5.39674
701250 5.39319
701400 5.38351
701550 5.37612
701700 5.36428
701850 5.35407
702000 5.35365
702150 5.3431
702300 5.33662
702450 5.33598
702600 5.32433
702750 5.32378
702900 5.32433
703050 5.31546
703200 5.30683
703350 5.30472
703500 5.30237
703650 5.29741
703800 5.29337
703950 5.28656
704100 5.27693
704250 5.27477
704400 5.27374
704550 5.26976
704700 5.25922
704850 5.25517
705000 5.25042
705150 5.25044
705300 5.24134
705450 5.23279
705600 5.22544
705750 5.21418
705900 5.20844
706050 5.20561
706200 5.19344
706350 5.18953
706500 5.18678
706650 5.18573
706800 5.18399
706950 5.17993
707100 5.17768
707250 5.17242
707400 5.16708
707550 5.16507
707700 5.16221
707850 5.16129
708000 5.15647
708150 5.15615
708300 5.1527
708450 5.14182
708600 5.13948
708750 5.1364
708900 5.12875
709050 5.12495
709200 5.11373
709350 5.11523
709500 5.10898
709650 5.1055
709800 5.10277
709950 5.1033
710100 5.10204
710250 5.09993
710400 5.09385
710550 5.0856
710700 5.08372
710850 5.08023
711000 5.07344
711150 5.07028
711300 5.06544
711450 5.06425
711600 5.06105
711750 5.05102
711900 5.04742
712050 5.04287
712200 5.03582
712350 5.03109
712500 5.02073
712650 5.01581
712800 5.00698
712950 5.00486
713100 5.00555
713250 5.00417
713400 4.99879
713550 4.9947
713700 4.99189
713850 4.98536
714000 4.97896
714150 4.96964
714300 4.96649
714450 4.96015
714600 4.95595
714750 4.95359
714900 4.94628
715050 4.94376
715200 4.93428
715350 4.93227
715500 4.92766
715650 4.92624
715800 4.92311
715950 4.91952
716100 4.91302
716250 4.90743
716400 4.90111
716550 4.89817
716700 4.89876
716850 4.89817
717000 4.8956
717150 4.88975
717300 4.88001
717450 4.87584
717600 4.86865
717750 4.85653
717900 4.85677
718050 4.85537
718200 4.84791
718350 4.84475
718500 4.83128
718650 4.83258
718800 4.83261
718950 4.82713
719100 4.82738
719250 4.82229
719400 4.82209
719550 4.81726
719700 4.80846
719850 4.80555
720000 4.80378
720150 4.80173
720300 4.7977
720450 4.79098
720600 4.78573
720750 4.78267
720900 4.77861
721050 4.7792
721200 4.77644
721350 4.76509
721500 4.75909
721650 4.75159
721800 4.75145
721950 4.75023
722100 4.74521
722250 4.74177
722400 4.74239
722550 4.73987
722700 4.73607
722850 4.72572
723000 4.72036
723150 4.71619
723300 4.70875
723450 4.7077
723600 4.7051
723750 4.69963
723900 4.69483
724050 4.69307
724200 4.68679
724350 4.6798
724500 4.67445
724650 4.66975
724800 4.66206
724950 4.65663
725100 4.65149
725250 4.64396
725400 4.6414
725550 4.63793
725700 4.63663
725850 4.6346
726000 4.63239
726150 4.63058
726300 4.62587
726450 4.61983
726600 4.61805
726750 4.61139
726900 4.60707
727050 4.60048
727200 4.59377
727350 4.5914
727500 4.59041
727650 4.5911
727800 4.58786
727950 4.58497
728100 4.58338
728250 4.58026
728400 4.5769
728550 4.57312
728700 4.57164
728850 4.57163
729000 4.56743
729150 4.56594
729300 4.55776
729450 4.55637
729600 4.55233
729750 4.55269
729900 4.54844
730050 4.54641
730200 4.54464
730350 4.54325
730500 4.53521
730650 4.53576
730800 4.53536
730950 4.53217
731100 4.53013
731250 4.52934
731400 4.52566
731550 4.52199
731700 4.51927
731850 4.5106
732000 4.50436
732150 4.49966
732300 4.49095
732450 4.48813
732600 4.48725
732750 4.48322
732900 4.48089
733050 4.47532
733200 4.46758
733350 4.46374
733500 4.46006
733650 4.45688
733800 4.45392
733950 4.44171
734100 4.43774
734250 4.43445
734400 4.43007
734550 4.42268
734700 4.41762
734850 4.41042
735000 4.40784
735150 4.40527
735300 4.39599
735450 4.39047
735600 4.37793
735750 4.37357
735900 4.37375
736050 4.37147
736200 4.36645
736350 4.36584
736500 4.3578
736650 4.35633
736800 4.3511
736950 4.34853
737100 4.348
737250 4.34206
737400 4.34033
737550 4.33624
737700 4.33145
737850 4.33084
738000 4.32987
738150 4.32583
738300 4.32283
738450 4.32028
738600 4.3202
738750 4.31023
738900 4.30575
739050 4.30251
739200 4.3009
739350 4.29955
739500 4.29816
739650 4.2922
739800 4.28034
739950 4.27719
740100 4.27038
740250 4.26747
740400 4.26827
740550 4.26555
740700 4.25988
740850 4.25738
741000 4.25662
741150 4.25304
741300 4.24809
741450 4.24381
741600 4.23776
741750 4.23171
741900 4.22785
742050 4.22271
742200 4.21994
742350 4.22034
742500 4.21463
742650 4.21307
742800 4.2089
742950 4.20425
743100 4.19601
743250 4.18936
743400 4.18546
743550 4.18467
743700 4.17999
743850 4.17912
744000 4.1771
744150 4.17304
744300 4.16669
744450 4.16496
744600 4.15901
744750 4.153
744900 4.15184
745050 4.14846
745200 4.14744
745350 4.14578
745500 4.14227
745650 4.13789
745800 4.13334
745950 4.12959
746100 4.12554
746250 4.12455
746400 4.1241
746550 4.12124
746700 4.11911
746850 4.11581
747000 4.11275
747150 4.10784
747300 4.10702
747450 4.1048
747600 4.10198
747750 4.09689
747900 4.09103
748050 4.08919
748200 4.08644
748350 4.08471
748500 4.08186
748650 4.07837
748800 4.07648
748950 4.07596
749100 4.0728
749250 4.06846
749400 4.06749
749550 4.06567
749700 4.06364
749850 4.0623
750000 4.05914
750150 4.0558
750300 4.05253
750450 4.05527
750600 4.05293
750750 4.0524
750900 4.04913
751050 4.04339
751200 4.03876
751350 4.03729
751500 4.03208
751650 4.02932
751800 4.03009
751950 4.02709
752100 4.02547
752250 4.02524
752400 4.02199
752550 4.02243
752700 4.02094
752850 4.01722
753000 4.01617
753150 4.01322
753300 4.00787
753450 4.00374
753600 3.99909
753750 3.99711
753900 3.99454
754050 3.99308
754200 3.99013
754350 3.9864
754500 3.98464
754650 3.98283
754800 3.97842
754950 3.97535
755100 3.97276
755250 3.97218
755400 3.97046
755550 3.9667
755700 3.96378
755850 3.96219
756000 3.96281
756150 3.96074
756300 3.95865
756450 3.95767
756600 3.95657
756750 3.95301
756900 3.95096
757050 3.95004
757200 3.95038
757350 3.94866
757500 3.947
757650 3.94264
757800 3.93692
757950 3.93329
758100 3.9314
758250 3.92929
758400 3.92664
758550 3.92363
758700 3.92193
758850 3.91913
759000 3.91626
759150 3.91404
759300 3.91331
759450 3.91307
759600 3.9101
759750 3.90689
759900 3.90532
760050 3.90442
760200 3.89799
760350 3.89557
760500 3.8952
760650 3.88884
760800 3.88589
760950 3.88346
761100 3.88098
761250 3.87736
761400 3.87632
761550 3.8749
761700 3.87281
761850 3.87072
762000 3.86753
762150 3.86391
762300 3.86403
762450 3.85943
762600 3.85388
762750 3.85112
762900 3.84942
763050 3.84772
763200 3.845
763350 3.84242
763500 3.84193
763650 3.84048
763800 3.83737
763950 3.82689
764100 3.82536
764250 3.82072
764400 3.81819
764550 3.81697
764700 3.81021
764850 3.80491
765000 3.80463
765150 3.79935
765300 3.79834
765450 3.79799
765600 3.79715
765750 3.79914
765900 3.79766
766050 3.78957
766200 3.78779
766350 3.78203
766500 3.7766
766650 3.77526
766800 3.77293
766950 3.77139
767100 3.76949
767250 3.76472
767400 3.76068
767550 3.76133
767700 3.75971
767850 3.75731
768000 3.75486
768150 3.75398
768300 3.75106
768450 3.74683
768600 3.74289
768750 3.74185
768900 3.73913
769050 3.73663
769200 3.73497
769350 3.73299
769500 3.7272
769650 3.72613
769800 3.72489
769950 3.72338
770100 3.72269
770250 3.71977
770400 3.71884
770550 3.71616
770700 3.71417
770850 3.71089
771000 3.70768
771150 3.70499
771300 3.70423
771450 3.70318
771600 3.70117
771750 3.69904
771900 3.69692
772050 3.6933
772200 3.69065
772350 3.688
772500 3.68336
772650 3.67523
772800 3.67473
772950 3.67383
773100 3.66999
773250 3.66425
773400 3.66222
773550 3.65501
773700 3.65271
773850 3.65196
774000 3.64834
774150 3.64553
774300 3.6455
774450 3.64099
774600 3.63735
774750 3.6347
774900 3.6336
775050 3.63187
775200 3.6284
775350 3.62662
775500 3.62461
775650 3.62366
775800 3.62125
775950 3.6198
776100 3.61705
776250 3.61347
776400 3.61237
776550 3.61116
776700 3.60946
776850 3.60454
777000 3.59977
777150 3.59824
777300 3.59692
777450 3.59429
777600 3.59393
777750 3.59215
777900 3.59007
778050 3.5894
778200 3.58841
778350 3.58832
778500 3.58755
778650 3.58539
778800 3.58395
778950 3.58264
779100 3.58018
779250 3.57965
779400 3.57953
779550 3.58044
779700 3.57882
779850 3.57179
780000 3.57003
780150 3.56849
780300 3.566
780450 3.56194
780600 3.56139
780750 3.55987
780900 3.55901
781050 3.5569
781200 3.55448
781350 3.55188
781500 3.54944
781650 3.54566
781800 3.54351
781950 3.54141
782100 3.53908
782250 3.53577
782400 3.53635
782550 3.53462
782700 3.53323
782850 3.52901
783000 3.52618
783150 3.52498
783300 3.52213
783450 3.52125
783600 3.51966
783750 3.51661
783900 3.51566
784050 3.51328
784200 3.51211
784350 3.50964
784500 3.50844
784650 3.50488
784800 3.50336
784950 3.50158
785100 3.49877
785250 3.49669
785400 3.4938
785550 3.49254
785700 3.49008
785850 3.48894
786000 3.48611
786150 3.48336
786300 3.4797
786450 3.47862
786600 3.47868
786750 3.47801
786900 3.47598
787050 3.47466
787200 3.47372
787350 3.47159
787500 3.47148
787650 3.46556
787800 3.46286
787950 3.46265
788100 3.46161
788250 3.45938
788400 3.45404
788550 3.45342
788700 3.45066
788850 3.44838
789000 3.44507
789150 3.44131
789300 3.43994
789450 3.43858
789600 3.43677
789750 3.43652
789900 3.43249
790050 3.43007
790200 3.42772
790350 3.42627
790500 3.4239
790650 3.42347
790800 3.42162
790950 3.4205
791100 3.41809
791250 3.41609
791400 3.41553
791550 3.41237
791700 3.41192
791850 3.40973
792000 3.4089
792150 3.40752
792300 3.40346
792450 3.40169
792600 3.40135
792750 3.39784
792900 3.39739
793050 3.39485
793200 3.39261
793350 3.38913
793500 3.38666
793650 3.38474
793800 3.38321
793950 3.38246
794100 3.38032
794250 3.37977
794400 3.37932
794550 3.37817
794700 3.37535
794850 3.37302
795000 3.37199
795150 3.36967
795300 3.36711
795450 3.3634
795600 3.36253
795750 3.36088
795900 3.35687
796050 3.35487
796200 3.3539
796350 3.35258
796500 3.35125
796650 3.34942
796800 3.34844
796950 3.34787
797100 3.34668
797250 3.34633
797400 3.34451
797550 3.34208
797700 3.34218
797850 3.34153
798000 3.33982
798150 3.33903
798300 3.33735
798450 3.3352
798600 3.33573
798750 3.33069
798900 3.32988
799050 3.3284
799200 3.32731
799350 3.32579
799500 3.32396
799650 3.32061
799800 3.31928
799950 3.31801
800100 3.31755
800250 3.31455
800400 3.31446
800550 3.31293
800700 3.31138
800850 3.30964
801000 3.30843
801150 3.30763
801300 3.30415
801450 3.29938
801600 3.29956
801750 3.29832
801900 3.29467
802050 3.29339
802200 3.29232
802350 3.28843
802500 3.28614
802650 3.28423
802800 3.284
802950 3.28057
803100 3.27998
803250 3.27914
803400 3.27915
803550 3.27846
803700 3.27673
803850 3.27577
804000 3.27466
804150 3.27257
804300 3.27115
804450 3.26851
804600 3.26734
804750 3.26526
804900 3.26416
805050 3.26257
805200 3.26162
805350 3.25899
805500 3.25667
805650 3.25606
805800 3.25511
805950 3.25378
806100 3.25237
806250 3.25083
806400 3.25072
806550 3.24892
806700 3.24852
806850 3.24667
807000 3.24344
807150 3.24312
807300 3.24309
807450 3.23955
807600 3.23892
807750 3.23531
807900 3.23249
808050 3.23188
808200 3.22735
808350 3.22467
808500 3.22409
808650 3.22136
808800 3.21912
808950 3.21924
809100 3.2172
809250 3.21574
809400 3.21328
809550 3.21171
809700 3.21077
809850 3.2093
810000 3.20768
810150 3.20644
810300 3.20378
810450 3.20275
810600 3.20078
810750 3.19866
810900 3.1965
811050 3.19524
811200 3.19471
811350 3.19345
811500 3.19301
811650 3.19219
811800 3.19172
811950 3.19109
812100 3.19012
812250 3.18998
812400 3.1883
812550 3.18866
812700 3.1853
812850 3.18269
813000 3.18131
813150 3.17889
813300 3.1782
813450 3.17755
813600 3.17612
813750 3.17435
813900 3.17129
814050 3.17047
814200 3.17036
814350 3.16778
814500 3.16615
814650 3.16481
814800 3.1637
814950 3.16213
815100 3.15968
815250 3.15875
815400 3.15781
815550 3.15631
815700 3.15569
815850 3.15436
816000 3.15337
816150 3.15225
816300 3.14949
816450 3.14883
816600 3.14826
816750 3.14544
816900 3.14462
817050 3.14256
817200 3.14195
817350 3.13979
817500 3.13882
817650 3.13763
817800 3.13656
817950 3.13483
818100 3.13281
818250 3.13159
818400 3.12977
818550 3.12792
818700 3.12592
818850 3.12421
819000 3.12269
819150 3.12087
819300 3.11924
819450 3.11654
819600 3.11585
819750 3.11387
819900 3.11161
820050 3.11058
820200 3.10947
820350 3.10739
820500 3.10541
820650 3.10227
820800 3.10157
820950 3.10116
821100 3.09804
821250 3.09647
821400 3.09565
821550 3.09417
821700 3.0928
821850 3.09077
822000 3.08993
822150 3.08934
822300 3.08807
822450 3.08594
822600 3.08425
822750 3.08326
822900 3.08189
823050 3.07737
823200 3.07602
823350 3.07411
823500 3.07334
823650 3.07221
823800 3.07065
823950 3.06959
824100 3.0682
824250 3.06542
824400 3.06361
824550 3.06271
824700 3.06103
824850 3.06075
825000 3.06016
825150 3.05804
825300 3.05565
825450 3.05293
825600 3.0504
825750 3.04921
825900 3.04809
826050 3.04769
826200 3.04768
826350 3.04522
826500 3.04309
826650 3.04253
826800 3.04168
826950 3.04031
827100 3.03967
827250 3.03774
827400 3.03613
827550 3.03505
827700 3.03345
827850 3.03284
828000 3.02871
828150 3.02711
828300 3.02486
828450 3.02281
828600 3.02205
828750 3.02125
828900 3.02026
829050 3.01748
829200 3.01416
829350 3.01304
829500 3.01088
829650 3.00813
829800 3.00741
829950 3.00511
830100 3.00428
830250 3.00265
830400 3.00201
830550 3.00152
830700 3.00035
830850 2.99921
831000 2.9985
831150 2.99685
831300 2.99493
831450 2.99301
831600 2.99177
831750 2.99094
831900 2.98913
832050 2.98824
832200 2.98708
832350 2.986
832500 2.98489
832650 2.98202
832800 2.98105
832950 2.98061
833100 2.98029
833250 2.97955
833400 2.9795
833550 2.97784
833700 2.9751
833850 2.97359
834000 2.97329
834150 2.97254
834300 2.97211
834450 2.97056
834600 2.96917
834750 2.96806
834900 2.96681
835050 2.96571
835200 2.96417
835350 2.9615
835500 2.95929
835650 2.95909
835800 2.95754
835950 2.95521
836100 2.95228
836250 2.95062
836400 2.94987
836550 2.94838
836700 2.94823
836850 2.94527
837000 2.94295
837150 2.94287
837300 2.94148
837450 2.9395
837600 2.93845
837750 2.9371
837900 2.93574
838050 2.93536
838200 2.93378
838350 2.93207
838500 2.93135
838650 2.9308
838800 2.92953
838950 2.92829
839100 2.92675
839250 2.92481
839400 2.9234
839550 2.92212
839700 2.9201
839850 2.91936
840000 2.91856
840150 2.91832
840300 2.91647
840450 2.91595
840600 2.915
840750 2.91338
840900 2.91207
841050 2.91099
841200 2.90994
841350 2.90685
841500 2.90389
841650 2.90376
841800 2.90308
841950 2.90257
842100 2.90158
842250 2.89873
842400 2.89793
842550 2.89701
842700 2.89639
842850 2.89507
843000 2.89469
843150 2.89399
843300 2.8931
843450 2.89265
843600 2.89197
843750 2.89004
843900 2.88919
844050 2.88864
844200 2.88816
844350 2.88762
844500 2.88643
844650 2.88452
844800 2.88354
844950 2.88258
845100 2.88046
845250 2.87891
845400 2.87812
845550 2.87776
845700 2.87719
845850 2.87624
846000 2.87523
846150 2.87421
846300 2.87287
846450 2.87121
846600 2.869
846750 2.8675
846900 2.86554
847050 2.86391
847200 2.86307
847350 2.86293
847500 2.8614
847650 2.86026
847800 2.85909
847950 2.85725
848100 2.85509
848250 2.85278
848400 2.85173
848550 2.85052
848700 2.84933
848850 2.84819
849000 2.84751
849150 2.84611
849300 2.84503
849450 2.84396
849600 2.84212
849750 2.84069
849900 2.83859
850050 2.8371
850200 2.83248
850350 2.83105
850500 2.8297
850650 2.82921
850800 2.82511
850950 2.82516
851100 2.82527
851250 2.82412
851400 2.82268
851550 2.81949
851700 2.81922
851850 2.81706
852000 2.81644
852150 2.81611
852300 2.8156
852450 2.81541
852600 2.81466
852750 2.81422
852900 2.81312
853050 2.81302
853200 2.81193
853350 2.81104
853500 2.81018
853650 2.80904
853800 2.80774
853950 2.80604
854100 2.80537
854250 2.80304
854400 2.80158
854550 2.80083
854700 2.79914
854850 2.79859
855000 2.79621
855150 2.7952
855300 2.79471
855450 2.79413
855600 2.79343
855750 2.79289
855900 2.7921
856050 2.7917
856200 2.79067
856350 2.78945
856500 2.78874
856650 2.78807
856800 2.78425
856950 2.78392
857100 2.78365
857250 2.78306
857400 2.78059
857550 2.78048
857700 2.77949
857850 2.77887
858000 2.77861
858150 2.77675
858300 2.77464
858450 2.77373
858600 2.7722
858750 2.77054
858900 2.77098
859050 2.76967
859200 2.7687
859350 2.76802
859500 2.76689
859650 2.76593
859800 2.76532
859950 2.76485
860100 2.76283
860250 2.76209
860400 2.76045
860550 2.76062
860700 2.76013
860850 2.75953
861000 2.75792
861150 2.7578
861300 2.75604
861450 2.75563
861600 2.75513
861750 2.75366
861900 2.75283
862050 2.75218
862200 2.75096
862350 2.75029
862500 2.74931
862650 2.74863
862800 2.74661
862950 2.74423
863100 2.74338
863250 2.74268
863400 2.74189
863550 2.74128
863700 2.74023
863850 2.73852
864000 2.73734
864150 2.73574
864300 2.73486
864450 2.73357
864600 2.73321
864750 2.73188
864900 2.73094
865050 2.73004
865200 2.72987
865350 2.72852
865500 2.72763
865650 2.72682
865800 2.72573
865950 2.72427
866100 2.72307
866250 2.72198
866400 2.72041
866550 2.71909
866700 2.71752
866850 2.71611
867000 2.71516
867150 2.71452
867300 2.71292
867450 2.71146
867600 2.71103
867750 2.71062
867900 2.70922
868050 2.70823
868200 2.70716
868350 2.7054
868500 2.70425
868650 2.70309
868800 2.70165
868950 2.70098
869100 2.69961
869250 2.6988
869400 2.69811
869550 2.69739
869700 2.69679
869850 2.69585
870000 2.69418
870150 2.6926
870300 2.69137
870450 2.69057
870600 2.68939
870750 2.68922
870900 2.68832
871050 2.68679
871200 2.68589
871350 2.68453
871500 2.68435
871650 2.68242
871800 2.6815
871950 2.68028
872100 2.67917
872250 2.67695
872400 2.67663
872550 2.67308
872700 2.67244
872850 2.66983
873000 2.66836
873150 2.66704
873300 2.66645
873450 2.66619
873600 2.6659
873750 2.66484
873900 2.66414
874050 2.66344
874200 2.66289
874350 2.66143
874500 2.66143
874650 2.66104
874800 2.66071
874950 2.65943
875100 2.65869
875250 2.65804
875400 2.65659
875550 2.65547
875700 2.65394
875850 2.65372
876000 2.65119
876150 2.65074
876300 2.64972
876450 2.64859
876600 2.64756
876750 2.64632
876900 2.6456
877050 2.64523
877200 2.64427
877350 2.64324
877500 2.64208
877650 2.6411
877800 2.64101
877950 2.64051
878100 2.63992
878250 2.63853
878400 2.63802
878550 2.63648
878700 2.63498
878850 2.63332
879000 2.63204
879150 2.63174
879300 2.63063
879450 2.62985
879600 2.62911
879750 2.62836
879900 2.62711
880050 2.6262
880200 2.62513
880350 2.62491
880500 2.62338
880650 2.62197
880800 2.62185
880950 2.62032
881100 2.61857
881250 2.61849
881400 2.61775
881550 2.61651
881700 2.61606
881850 2.61508
882000 2.61389
882150 2.613
882300 2.61126
882450 2.60971
882600 2.6097
882750 2.6093
882900 2.60827
883050 2.60617
883200 2.60635
883350 2.60543
883500 2.60423
883650 2.60441
883800 2.60345
883950 2.60199
884100 2.60081
884250 2.59926
884400 2.59772
884550 2.59663
884700 2.5959
884850 2.59503
885000 2.59413
885150 2.59341
885300 2.59318
885450 2.59357
885600 2.59361
885750 2.59295
885900 2.59228
886050 2.59188
886200 2.59074
886350 2.59026
886500 2.58994
886650 2.58926
886800 2.58875
886950 2.58801
887100 2.58751
887250 2.58726
887400 2.58653
887550 2.58619
887700 2.5845
887850 2.58229
888000 2.58119
888150 2.58039
888300 2.58006
888450 2.57953
888600 2.57826
888750 2.57685
888900 2.57532
889050 2.57255
889200 2.57157
889350 2.57093
889500 2.57011
889650 2.56895
889800 2.5683
889950 2.56801
890100 2.56752
890250 2.56698
890400 2.56613
890550 2.56518
890700 2.5639
890850 2.56309
891000 2.56193
891150 2.56158
891300 2.56112
891450 2.55972
891600 2.55921
891750 2.55849
891900 2.55756
892050 2.55648
892200 2.55584
892350 2.55602
892500 2.55564
892650 2.55275
892800 2.55247
892950 2.55055
893100 2.54999
893250 2.54837
893400 2.54745
893550 2.54706
893700 2.54635
893850 2.54605
894000 2.54437
894150 2.54328
894300 2.54286
894450 2.5426
894600 2.54136
894750 2.53967
894900 2.53864
895050 2.53836
895200 2.53666
895350 2.53608
895500 2.53549
895650 2.53479
895800 2.53321
895950 2.53228
896100 2.53179
896250 2.53011
896400 2.5289
896550 2.52764
896700 2.52678
896850 2.52569
897000 2.52569
897150 2.5249
897300 2.52376
897450 2.52365
897600 2.52204
897750 2.52133
897900 2.52001
898050 2.51881
898200 2.51736
898350 2.5164
898500 2.51528
898650 2.515
898800 2.51402
898950 2.51383
899100 2.51287
899250 2.51214
899400 2.51149
899550 2.51066
899700 2.50973
899850 2.50948
900000 2.50885
900150 2.50832
900300 2.50788
900450 2.50541
900600 2.5045
900750 2.50413
900900 2.50368
901050 2.50294
901200 2.50253
901350 2.50174
901500 2.50126
901650 2.50049
901800 2.49984
901950 2.49847
902100 2.49801
902250 2.49696
902400 2.49593
902550 2.49503
902700 2.49478
902850 2.49453
903000 2.49355
903150 2.4923
903300 2.49166
903450 2.4907
903600 2.48908
903750 2.48854
903900 2.48749
904050 2.48665
904200 2.48565
904350 2.48428
904500 2.48322
904650 2.48172
904800 2.48071
904950 2.47941
905100 2.47826
905250 2.47751
905400 2.47632
905550 2.47563
905700 2.47554
905850 2.47501
906000 2.47413
906150 2.47306
906300 2.4725
906450 2.471
906600 2.4707
906750 2.46943
906900 2.46857
907050 2.46718
907200 2.46639
907350 2.46609
907500 2.46279
907650 2.46226
907800 2.4612
907950 2.46073
908100 2.4594
908250 2.45854
908400 2.45843
908550 2.45815
908700 2.45769
908850 2.45745
909000 2.45662
909150 2.45637
909300 2.45569
909450 2.45459
909600 2.45428
909750 2.4529
909900 2.4519
910050 2.4508
910200 2.44992
910350 2.44945
910500 2.44881
910650 2.44757
910800 2.44589
910950 2.44553
911100 2.44533
911250 2.44406
911400 2.44345
911550 2.44314
911700 2.44223
911850 2.441
912000 2.44054
912150 2.43959
912300 2.43846
912450 2.43804
912600 2.43828
912750 2.43756
912900 2.43688
913050 2.43587
913200 2.43512
913350 2.4349
913500 2.43439
913650 2.43433
913800 2.4337
913950 2.43319
914100 2.43231
914250 2.43041
914400 2.42891
914550 2.42828
914700 2.42724
914850 2.42696
915000 2.4257
915150 2.42488
915300 2.42398
915450 2.42279
915600 2.42209
915750 2.42112
915900 2.42029
916050 2.41984
916200 2.41925
916350 2.41921
916500 2.41899
916650 2.4188
916800 2.41835
916950 2.4173
917100 2.41661
917250 2.41568
917400 2.41438
917550 2.41312
917700 2.41277
917850 2.41178
918000 2.41135
918150 2.41119
918300 2.40988
918450 2.40919
918600 2.40848
918750 2.40803
918900 2.40769
919050 2.40744
919200 2.40709
919350 2.40598
919500 2.40443
919650 2.40263
919800 2.40232
919950 2.40109
920100 2.40062
920250 2.39961
920400 2.39902
920550 2.39861
920700 2.39741
920850 2.39735
921000 2.39704
921150 2.39619
921300 2.39572
921450 2.39569
921600 2.3949
921750 2.39391
921900 2.39351
922050 2.39334
922200 2.39262
922350 2.39199
922500 2.39162
922650 2.39072
922800 2.38973
922950 2.38939
923100 2.38846
923250 2.38703
923400 2.38686
923550 2.3854
923700 2.38483
923850 2.38373
924000 2.38324
924150 2.3825
924300 2.38189
924450 2.38091
924600 2.38047
924750 2.37984
924900 2.37894
925050 2.37861
925200 2.37888
925350 2.37811
925500 2.37716
925650 2.37621
925800 2.37558
925950 2.37459
926100 2.37335
926250 2.37274
926400 2.37196
926550 2.37199
926700 2.37157
926850 2.36964
927000 2.36851
927150 2.36758
927300 2.36702
927450 2.36719
927600 2.36679
927750 2.36651
927900 2.36592
928050 2.36548
928200 2.36494
928350 2.36446
928500 2.36396
928650 2.36346
928800 2.362
928950 2.36123
929100 2.36059
929250 2.36023
929400 2.35925
929550 2.35841
929700 2.35791
929850 2.35683
930000 2.35598
930150 2.35523
930300 2.35437
930450 2.35362
930600 2.35277
930750 2.35197
930900 2.35154
931050 2.35131
931200 2.35057
931350 2.34897
931500 2.34804
931650 2.34769
931800 2.34677
931950 2.34571
932100 2.34489
932250 2.34459
932400 2.34389
932550 2.34328
932700 2.3424
932850 2.34039
933000 2.33996
933150 2.33891
933300 2.33835
933450 2.33786
933600 2.33713
933750 2.33662
933900 2.33607
934050 2.33539
934200 2.33496
934350 2.33447
934500 2.3343
934650 2.33264
934800 2.33211
934950 2.3315
935100 2.3309
935250 2.3303
935400 2.33003
935550 2.32813
935700 2.32737
935850 2.32619
936000 2.32567
936150 2.32379
936300 2.32296
936450 2.32174
936600 2.32077
936750 2.32059
936900 2.32007
937050 2.31936
937200 2.31889
937350 2.3181
937500 2.31736
937650 2.3167
937800 2.31595
937950 2.31557
938100 2.31467
938250 2.31347
938400 2.31278
938550 2.31182
938700 2.31077
938850 2.31001
939000 2.30854
939150 2.30808
939300 2.30599
939450 2.30518
939600 2.30415
939750 2.30279
939900 2.30176
940050 2.30112
940200 2.30071
940350 2.30066
940500 2.30034
940650 2.29988
940800 2.29926
940950 2.2985
941100 2.2982
941250 2.29801
941400 2.29721
941550 2.29649
941700 2.29625
941850 2.29531
942000 2.29464
942150 2.2942
942300 2.29343
942450 2.29266
942600 2.29219
942750 2.29158
942900 2.2913
943050 2.29039
943200 2.28914
943350 2.2878
943500 2.28758
943650 2.28709
943800 2.28685
943950 2.28577
944100 2.28529
944250 2.28507
944400 2.28428
944550 2.28412
944700 2.2837
944850 2.28363
945000 2.28272
945150 2.28185
945300 2.28173
945450 2.28068
945600 2.28032
945750 2.28023
945900 2.27959
946050 2.27855
946200 2.27775
946350 2.27724
946500 2.27652
946650 2.27539
946800 2.27443
946950 2.27432
947100 2.27353
947250 2.2732
947400 2.27266
947550 2.2712
947700 2.27061
947850 2.27053
948000 2.27013
948150 2.26997
948300 2.26952
948450 2.26909
948600 2.26856
948750 2.26773
948900 2.26715
949050 2.26683
949200 2.26673
949350 2.26604
949500 2.26523
949650 2.2643
949800 2.26386
949950 2.26288
950100 2.26281
950250 2.26253
950400 2.2623
950550 2.26193
950700 2.26096
950850 2.26099
951000 2.25969
951150 2.25943
951300 2.25887
951450 2.2583
951600 2.25736
951750 2.25677
951900 2.25623
952050 2.2558
952200 2.25554
952350 2.25519
952500 2.25446
952650 2.25423
952800 2.25382
952950 2.25289
953100 2.25232
953250 2.25147
953400 2.25131
953550 2.2506
953700 2.25027
953850 2.24952
954000 2.24895
954150 2.24841
954300 2.24786
954450 2.24732
954600 2.24696
954750 2.24659
954900 2.24635
955050 2.24619
955200 2.24595
955350 2.24525
955500 2.24409
955650 2.24268
955800 2.24241
955950 2.24166
956100 2.24139
956250 2.24074
956400 2.24031
956550 2.24013
956700 2.23995
956850 2.23839
957000 2.23788
957150 2.23745
957300 2.23606
957450 2.23534
957600 2.23466
957750 2.23387
957900 2.23303
958050 2.23137
958200 2.23095
958350 2.23058
958500 2.23
958650 2.23
958800 2.22963
958950 2.22904
959100 2.22873
959250 2.22843
959400 2.22818
959550 2.22762
959700 2.22717
959850 2.22682
960000 2.22554
960150 2.2249
960300 2.22416
960450 2.22373
960600 2.22291
960750 2.22159
960900 2.22109
961050 2.22001
961200 2.21943
961350 2.21895
961500 2.21834
961650 2.21751
961800 2.21726
961950 2.21708
962100 2.21651
962250 2.21545
962400 2.21509
962550 2.21394
962700 2.21299
962850 2.21243
963000 2.21226
963150 2.21146
963300 2.21024
963450 2.2085
963600 2.20749
963750 2.20723
963900 2.20624
964050 2.20594
964200 2.20505
964350 2.20475
964500 2.20403
964650 2.20315
964800 2.20236
964950 2.2016
965100 2.20084
965250 2.20077
965400 2.2001
965550 2.19949
965700 2.19915
965850 2.19788
966000 2.1978
966150 2.19736
966300 2.19711
966450 2.19676
966600 2.19614
966750 2.19559
966900 2.19469
967050 2.19461
967200 2.19379
967350 2.19373
967500 2.19287
967650 2.19262
967800 2.19168
967950 2.19063
968100 2.19015
968250 2.18996
968400 2.1898
968550 2.18917
968700 2.18879
968850 2.18842
969000 2.18828
969150 2.18775
969300 2.18758
969450 2.1873
969600 2.18641
969750 2.18583
969900 2.18557
970050 2.18505
970200 2.18512
970350 2.18397
970500 2.18403
970650 2.18303
970800 2.18256
970950 2.18224
971100 2.1814
971250 2.18053
971400 2.17952
971550 2.179
971700 2.17848
971850 2.17802
972000 2.17757
972150 2.17661
972300 2.17641
972450 2.17586
972600 2.17519
972750 2.17453
972900 2.17424
973050 2.17355
973200 2.17283
973350 2.1717
973500 2.17139
973650 2.17113
973800 2.17069
973950 2.17021
974100 2.16968
974250 2.16888
974400 2.16841
974550 2.16759
974700 2.16595
974850 2.16546
975000 2.16505
975150 2.16457
975300 2.1642
975450 2.16359
975600 2.16308
975750 2.16295
975900 2.16252
976050 2.16199
976200 2.16188
976350 2.16144
976500 2.16128
976650 2.16021
976800 2.15964
976950 2.1587
977100 2.15821
977250 2.15799
977400 2.15719
977550 2.15667
977700 2.15614
977850 2.15592
978000 2.1551
978150 2.15406
978300 2.15362
978450 2.15327
978600 2.15268
978750 2.15228
978900 2.1516
979050 2.15016
979200 2.14968
979350 2.1488
979500 2.14836
979650 2.14762
979800 2.14694
979950 2.14647
980100 2.14646
980250 2.14511
980400 2.14443
980550 2.1442
980700 2.14399
980850 2.14379
981000 2.14336
981150 2.14293
981300 2.14264
981450 2.14203
981600 2.14166
981750 2.14146
981900 2.1411
982050 2.14097
982200 2.14046
982350 2.1398
982500 2.13918
982650 2.1387
982800 2.13783
982950 2.13729
983100 2.13674
983250 2.13656
983400 2.13618
983550 2.13551
983700 2.13538
983850 2.13475
984000 2.13453
984150 2.134
984300 2.13325
984450 2.13307
984600 2.13272
984750 2.13196
984900 2.1318
985050 2.131
985200 2.13079
985350 2.12999
985500 2.12926
985650 2.12885
985800 2.12803
985950 2.12724
986100 2.12688
986250 2.12629
986400 2.12543
986550 2.12386
986700 2.12337
986850 2.12314
987000 2.12293
987150 2.12211
987300 2.12115
987450 2.12064
987600 2.12009
987750 2.11933
987900 2.11858
988050 2.11796
988200 2.11747
988350 2.11721
988500 2.11655
988650 2.11625
988800 2.11513
988950 2.11487
989100 2.11413
989250 2.11312
989400 2.11234
989550 2.1116
989700 2.11138
989850 2.11108
990000 2.11072
990150 2.10984
990300 2.10948
990450 2.10848
990600 2.10783
990750 2.10775
990900 2.10681
991050 2.10686
991200 2.10628
991350 2.10609
991500 2.1051
991650 2.10456
991800 2.1039
991950 2.10361
992100 2.10287
992250 2.10241
992400 2.10144
992550 2.10006
992700 2.09928
992850 2.09901
993000 2.09818
993150 2.09734
993300 2.09666
993450 2.09614
993600 2.09577
993750 2.09535
993900 2.09497
994050 2.0946
994200 2.09423
994350 2.09345
994500 2.09318
994650 2.09316
994800 2.09226
994950 2.09173
995100 2.09175
995250 2.09159
995400 2.09114
995550 2.09062
995700 2.08989
995850 2.08931
996000 2.08848
996150 2.08772
996300 2.08794
996450 2.08744
996600 2.08723
996750 2.08696
996900 2.08657
997050 2.08588
997200 2.08552
997350 2.08497
997500 2.08391
997650 2.08372
997800 2.08343
997950 2.08276
998100 2.0823
998250 2.0812
998400 2.08009
998550 2.07928
998700 2.07881
998850 2.07886
999000 2.07803
999150 2.0779
999300 2.07752
999450 2.077
999600 2.07668
999750 2.07621
