0 1.82066
150 1
300 1.00018
450 1.00048
600 1.00119
750 1.00143
900 1.00167
1050 1.00239
1200 1.00269
1350 1.00298
1500 1.00328
1650 1.00358
1800 1.00387
1950 1.00417
2100 1.00446
2250 1.00476
2400 1.00505
2550 1.00535
2700 1.00564
2850 1.00593
3000 1.00622
3150 1.00652
3300 1.00681
3450 1.0071
3600 1.00739
3750 1.00767
3900 1.00797
4050 1.00826
4200 1.00859
4350 1.00889
4500 1.00918
4650 1.00947
4800 1.00976
4950 1.01005
5100 1.01035
5250 1.01063
5400 1.01092
5550 1.01129
5700 1.01159
5850 1.01196
6000 1.01226
6150 1.01256
6300 1.01286
6450 1.01316
6600 1.01345
6750 1.01376
6900 1.01406
7050 1.01436
7200 1.01478
7350 1.01521
7500 1.01552
7650 1.01583
7800 1.01614
7950 1.01644
8100 1.01675
8250 1.01706
8400 1.01737
8550 1.01768
8700 1.01799
8850 1.0183
9000 1.0186
9150 1.01891
9300 1.01923
9450 1.01954
9600 1.01985
9750 1.02015
9900 1.02046
10050 1.02078
10200 1.02109
10350 1.0214
10500 1.02171
10650 1.02202
10800 1.02233
10950 1.02264
11100 1.02296
11250 1.02327
11400 1.02359
11550 1.0239
11700 1.0242
11850 1.02452
12000 1.02483
12150 1.02514
12300 1.02545
12450 1.02576
12600 1.02607
12750 1.02639
12900 1.0267
13050 1.02701
13200 1.02732
13350 1.02763
13500 1.02794
13650 1.02825
13800 1.02856
13950 1.02887
14100 1.02918
14250 1.02949
14400 1.02981
14550 1.03012
14700 1.03043
14850 1.03074
15000 1.03106
15150 1.03137
15300 1.03168
15450 1.032
15600 1.0323
15750 1.03262
15900 1.03294
16050 1.03325
16200 1.03362
16350 1.03394
16500 1.03426
16650 1.03458
16800 1.03489
16950 1.03521
17100 1.03553
17250 1.03584
17400 1.03617
17550 1.03648
17700 1.0368
17850 1.03712
18000 1.03744
18150 1.03776
18300 1.03808
18450 1.03838
18600 1.0387
18750 1.03908
18900 1.03939
19050 1.0397
19200 1.04002
19350 1.04034
19500 1.04066
19650 1.04098
19800 1.0413
19950 1.04173
20100 1.04205
20250 1.04237
20400 1.0427
20550 1.04301
20700 1.04334
20850 1.04366
21000 1.04398
21150 1.0443
21300 1.04478
21450 1.04512
21600 1.04544
21750 1.04577
21900 1.0461
22050 1.04643
22200 1.04676
22350 1.04708
22500 1.04741
22650 1.04774
22800 1.04807
22950 1.0484
23100 1.04873
23250 1.04905
23400 1.04937
23550 1.04971
23700 1.05004
23850 1.05037
24000 1.0507
24150 1.05103
24300 1.05137
24450 1.0517
24600 1.05204
24750 1.05237
24900 1.0527
25050 1.05303
25200 1.05336
25350 1.05369
25500 1.05402
25650 1.05436
25800 1.0547
25950 1.05502
26100 1.05536
26250 1.05569
26400 1.05602
26550 1.05635
26700 1.05668
26850 1.05702
27000 1.05735
27150 1.05769
27300 1.05802
27450 1.05836
27600 1.05868
27750 1.05902
27900 1.05936
28050 1.05969
28200 1.06003
28350 1.06036
28500 1.06069
28650 1.06103
28800 1.06137
28950 1.06171
29100 1.06204
29250 1.06238
29400 1.06273
29550 1.06307
29700 1.0634
29850 1.06374
30000 1.06408
30150 1.06442
30300 1.06476
30450 1.0651
30600 1.06545
30750 1.06579
30900 1.06613
31050 1.06646
31200 1.0668
31350 1.06714
31500 1.06748
31650 1.06782
31800 1.06816
31950 1.06853
32100 1.06886
32250 1.0692
32400 1.06955
32550 1.0699
32700 1.07023
32850 1.07058
33000 1.07092
33150 1.07127
33300 1.07161
33450 1.07196
33600 1.0723
33750 1.07263
33900 1.07298
34050 1.07332
34200 1.07367
34350 1.07401
34500 1.07435
34650 1.0747
34800 1.07506
34950 1.0754
35100 1.07574
35250 1.07609
35400 1.07644
35550 1.07686
35700 1.07721
35850 1.07755
36000 1.0779
36150 1.07825
36300 1.0786
36450 1.07894
36600 1.0793
36750 1.07964
36900 1.08
37050 1.08035
37200 1.0807
37350 1.08106
37500 1.08142
37650 1.08178
37800 1.08213
37950 1.08248
38100 1.08285
38250 1.0832
38400 1.08357
38550 1.08392
38700 1.08426
38850 1.08461
39000 1.08497
39150 1.08532
39300 1.08566
39450 1.08603
39600 1.08638
39750 1.08673
39900 1.08709
40050 1.08744
40200 1.08779
40350 1.08814
40500 1.0885
40650 1.08886
40800 1.08923
40950 1.08958
41100 1.08993
41250 1.09029
41400 1.09065
41550 1.091
41700 1.09136
41850 1.09172
42000 1.09207
42150 1.09243
42300 1.09279
42450 1.09315
42600 1.09351
42750 1.09387
42900 1.09423
43050 1.09459
43200 1.09495
43350 1.09531
43500 1.09567
43650 1.09602
43800 1.09638
43950 1.09675
44100 1.09711
44250 1.09747
44400 1.09783
44550 1.09818
44700 1.09855
44850 1.09891
45000 1.09927
45150 1.09963
45300 1.09999
45450 1.10036
45600 1.10073
45750 1.1011
45900 1.10147
46050 1.10182
46200 1.10218
46350 1.10254
46500 1.10291
46650 1.10327
46800 1.10363
46950 1.104
47100 1.10437
47250 1.10474
47400 1.10511
47550 1.10548
47700 1.10584
47850 1.10621
48000 1.10657
48150 1.10694
48300 1.1073
48450 1.10766
48600 1.10804
48750 1.10841
48900 1.10877
49050 1.10915
49200 1.10952
49350 1.10987
49500 1.11024
49650 1.11061
49800 1.11098
49950 1.11136
50100 1.11173
50250 1.11209
50400 1.11245
50550 1.11283
50700 1.11321
50850 1.11357
51000 1.11395
51150 1.11433
51300 1.11471
51450 1.1151
51600 1.11547
51750 1.11584
51900 1.1162
52050 1.11656
52200 1.11693
52350 1.1173
52500 1.11767
52650 1.11804
52800 1.11841
52950 1.11879
53100 1.11914
53250 1.11952
53400 1.1199
53550 1.12027
53700 1.12065
53850 1.12104
54000 1.12141
54150 1.12178
54300 1.12216
54450 1.12253
54600 1.12291
54750 1.12329
54900 1.12364
55050 1.12401
55200 1.12439
55350 1.12476
55500 1.12514
55650 1.12551
55800 1.12589
55950 1.12627
56100 1.12666
56250 1.12704
56400 1.12741
56550 1.12779
56700 1.12816
56850 1.12854
57000 1.12893
57150 1.12931
57300 1.12968
57450 1.13006
57600 1.13045
57750 1.13083
57900 1.13121
58050 1.13159
58200 1.13197
58350 1.13235
58500 1.13274
58650 1.13312
58800 1.13351
58950 1.1339
59100 1.13429
59250 1.13468
59400 1.13508
59550 1.13548
59700 1.13586
59850 1.13629
60000 1.13669
60150 1.13707
60300 1.13746
60450 1.13784
60600 1.13824
60750 1.13863
60900 1.13903
61050 1.13942
61200 1.13982
61350 1.14021
61500 1.1406
61650 1.141
61800 1.14139
61950 1.14177
62100 1.14216
62250 1.14261
62400 1.14301
62550 1.14341
62700 1.1438
62850 1.14419
63000 1.14458
63150 1.14498
63300 1.14538
63450 1.14578
63600 1.14618
63750 1.14656
63900 1.14696
64050 1.14735
64200 1.14774
64350 1.14814
64500 1.14855
64650 1.14895
64800 1.14935
64950 1.14974
65100 1.15014
65250 1.15054
65400 1.15094
65550 1.15133
65700 1.15174
65850 1.15214
66000 1.15253
66150 1.15292
66300 1.15331
66450 1.15372
66600 1.15413
66750 1.15453
66900 1.15492
67050 1.15533
67200 1.15572
67350 1.15613
67500 1.15653
67650 1.15693
67800 1.15733
67950 1.15773
68100 1.15812
68250 1.15854
68400 1.15894
68550 1.15935
68700 1.15974
68850 1.16016
69000 1.16057
69150 1.16097
69300 1.16138
69450 1.16179
69600 1.1622
69750 1.16261
69900 1.16302
70050 1.16341
70200 1.16382
70350 1.16422
70500 1.16463
70650 1.16502
70800 1.16545
70950 1.16586
71100 1.16627
71250 1.16667
71400 1.16709
71550 1.16749
71700 1.1679
71850 1.16829
72000 1.1687
72150 1.1691
72300 1.16951
72450 1.16991
72600 1.17032
72750 1.17073
72900 1.17114
73050 1.17157
73200 1.17198
73350 1.17238
73500 1.17278
73650 1.17318
73800 1.17357
73950 1.17397
74100 1.17441
74250 1.17484
74400 1.17528
74550 1.17571
74700 1.17612
74850 1.17653
75000 1.17695
75150 1.17735
75300 1.17776
75450 1.17818
75600 1.17862
75750 1.17902
75900 1.17943
76050 1.17984
76200 1.18026
76350 1.18068
76500 1.18109
76650 1.1815
76800 1.18191
76950 1.18232
77100 1.18273
77250 1.18315
77400 1.18356
77550 1.18398
77700 1.18441
77850 1.18483
78000 1.18527
78150 1.18569
78300 1.18611
78450 1.18653
78600 1.18693
78750 1.18737
78900 1.1878
79050 1.18823
79200 1.18865
79350 1.18907
79500 1.1895
79650 1.1899
79800 1.19031
79950 1.19073
80100 1.19114
80250 1.19156
80400 1.19198
80550 1.19243
80700 1.19286
80850 1.19328
81000 1.1937
81150 1.19413
81300 1.19456
81450 1.19499
81600 1.19541
81750 1.19585
81900 1.19627
82050 1.19671
82200 1.19714
82350 1.19758
82500 1.19802
82650 1.19846
82800 1.19888
82950 1.1993
83100 1.19974
83250 1.2002
83400 1.20062
83550 1.20106
83700 1.2015
83850 1.20193
84000 1.20238
84150 1.20281
84300 1.20325
84450 1.20367
84600 1.20409
84750 1.20453
84900 1.20497
85050 1.20539
85200 1.20581
85350 1.20623
85500 1.20667
85650 1.20712
85800 1.20758
85950 1.20803
86100 1.20846
86250 1.20889
86400 1.20933
86550 1.20976
86700 1.21022
86850 1.21065
87000 1.21108
87150 1.21152
87300 1.21198
87450 1.21241
87600 1.21285
87750 1.2133
87900 1.21374
88050 1.21418
88200 1.21462
88350 1.21507
88500 1.21553
88650 1.21597
88800 1.21641
88950 1.21684
89100 1.21728
89250 1.21769
89400 1.21815
89550 1.2186
89700 1.21903
89850 1.21949
90000 1.21993
90150 1.22038
90300 1.22082
90450 1.22127
90600 1.22172
90750 1.22216
90900 1.22261
91050 1.22305
91200 1.22353
91350 1.22398
91500 1.22443
91650 1.22487
91800 1.22532
91950 1.22579
92100 1.22624
92250 1.2267
92400 1.22716
92550 1.22762
92700 1.22807
92850 1.22853
93000 1.22898
93150 1.22942
93300 1.22985
93450 1.23031
93600 1.23077
93750 1.23124
93900 1.2317
94050 1.23215
94200 1.23258
94350 1.23304
94500 1.23351
94650 1.23396
94800 1.23444
94950 1.2349
95100 1.23536
95250 1.23582
95400 1.23626
95550 1.23671
95700 1.23717
95850 1.23762
96000 1.23808
96150 1.23855
96300 1.23902
96450 1.23948
96600 1.23994
96750 1.24042
96900 1.24087
97050 1.24133
97200 1.24177
97350 1.24224
97500 1.24267
97650 1.24315
97800 1.24362
97950 1.24409
98100 1.24457
98250 1.24502
98400 1.24548
98550 1.24595
98700 1.24643
98850 1.24688
99000 1.24735
99150 1.24779
99300 1.24827
99450 1.24874
99600 1.2492
99750 1.24966
99900 1.25012
100050 1.25059
100200 1.25109
100350 1.25155
100500 1.25204
100650 1.25252
100800 1.25299
100950 1.25347
101100 1.25393
101250 1.25442
101400 1.25489
101550 1.25536
101700 1.25583
101850 1.25632
102000 1.25679
102150 1.25728
102300 1.25776
102450 1.25824
102600 1.25871
102750 1.25918
102900 1.25966
103050 1.26015
103200 1.26063
103350 1.2611
103500 1.26158
103650 1.26207
103800 1.26254
103950 1.26302
104100 1.2635
104250 1.26399
104400 1.26446
104550 1.26495
104700 1.26542
104850 1.26588
105000 1.26637
105150 1.26685
105300 1.26733
105450 1.26782
105600 1.26833
105750 1.26882
105900 1.2693
106050 1.26977
106200 1.27025
106350 1.27072
106500 1.2712
106650 1.27169
106800 1.27222
106950 1.27273
107100 1.27325
107250 1.27377
107400 1.27425
107550 1.27473
107700 1.27521
107850 1.27571
108000 1.2762
108150 1.27669
108300 1.27718
108450 1.27766
108600 1.27816
108750 1.27867
108900 1.27919
109050 1.27967
109200 1.28014
109350 1.28063
109500 1.28112
109650 1.28162
109800 1.28213
109950 1.28262
110100 1.28311
110250 1.2836
110400 1.28407
110550 1.28459
110700 1.28506
110850 1.28554
111000 1.28607
111150 1.28658
111300 1.28708
111450 1.28758
111600 1.28808
111750 1.28859
111900 1.2891
112050 1.28959
112200 1.29012
112350 1.29059
112500 1.2911
112650 1.29162
112800 1.29211
112950 1.29259
113100 1.29306
113250 1.29356
113400 1.29406
113550 1.29456
113700 1.29504
113850 1.29552
114000 1.29602
114150 1.29651
114300 1.29703
114450 1.29752
114600 1.29799
114750 1.29851
114900 1.29901
115050 1.29953
115200 1.30005
115350 1.30053
115500 1.30105
115650 1.30155
115800 1.30204
115950 1.30257
116100 1.30305
116250 1.30358
116400 1.30411
116550 1.30462
116700 1.30511
116850 1.30563
117000 1.30615
117150 1.30664
117300 1.30712
117450 1.30766
117600 1.30814
117750 1.30866
117900 1.30916
118050 1.30971
118200 1.3102
118350 1.3107
118500 1.31121
118650 1.31174
118800 1.3123
118950 1.3128
119100 1.31331
119250 1.31382
119400 1.31433
119550 1.31485
119700 1.31538
119850 1.31591
120000 1.31641
120150 1.31692
120300 1.31741
120450 1.31797
120600 1.31851
120750 1.31903
120900 1.31956
121050 1.32008
121200 1.32059
121350 1.32112
121500 1.32166
121650 1.32221
121800 1.32274
121950 1.32329
122100 1.32379
122250 1.32431
122400 1.32485
122550 1.32538
122700 1.32589
122850 1.32643
123000 1.32696
123150 1.32748
123300 1.32801
123450 1.32853
123600 1.32909
123750 1.32962
123900 1.33016
124050 1.33077
124200 1.33127
124350 1.33183
124500 1.33246
124650 1.33298
124800 1.33352
124950 1.33406
125100 1.33457
125250 1.3351
125400 1.33565
125550 1.3362
125700 1.33674
125850 1.33727
126000 1.33783
126150 1.33836
126300 1.33887
126450 1.3394
126600 1.33994
126750 1.34046
126900 1.34098
127050 1.34151
127200 1.34208
127350 1.34263
127500 1.34318
127650 1.34369
127800 1.34422
127950 1.34473
128100 1.34524
128250 1.34579
128400 1.34632
128550 1.34687
128700 1.3474
128850 1.34795
129000 1.34849
129150 1.34902
129300 1.34959
129450 1.35016
129600 1.35071
129750 1.35127
129900 1.35185
130050 1.35241
130200 1.35301
130350 1.35359
130500 1.35412
130650 1.35469
130800 1.35524
130950 1.3558
131100 1.35634
131250 1.35692
131400 1.35744
131550 1.35797
131700 1.35853
131850 1.35908
132000 1.35961
132150 1.36015
132300 1.36069
132450 1.36125
132600 1.36181
132750 1.36234
132900 1.36291
133050 1.36349
133200 1.36408
133350 1.36466
133500 1.36521
133650 1.36576
133800 1.36634
133950 1.36693
134100 1.36747
134250 1.36805
134400 1.3686
134550 1.36915
134700 1.36971
134850 1.37029
135000 1.37084
135150 1.37143
135300 1.37203
135450 1.37258
135600 1.37314
135750 1.37371
135900 1.3743
136050 1.37483
136200 1.37536
136350 1.37595
136500 1.37653
136650 1.37709
136800 1.37768
136950 1.37829
137100 1.37885
137250 1.37943
137400 1.38003
137550 1.38059
137700 1.38114
137850 1.38168
138000 1.38222
138150 1.38282
138300 1.38341
138450 1.38395
138600 1.38451
138750 1.38515
138900 1.38569
139050 1.3863
139200 1.38689
139350 1.38747
139500 1.38805
139650 1.38862
139800 1.38917
139950 1.38975
140100 1.39044
140250 1.39104
140400 1.39162
140550 1.3922
140700 1.39279
140850 1.39338
141000 1.39396
141150 1.39455
141300 1.3951
141450 1.3957
141600 1.39626
141750 1.39687
141900 1.39745
142050 1.39807
142200 1.39868
142350 1.39929
142500 1.39989
142650 1.40047
142800 1.40104
142950 1.40164
143100 1.40223
143250 1.40282
143400 1.40342
143550 1.40402
143700 1.40458
143850 1.40515
144000 1.40572
144150 1.40631
144300 1.40691
144450 1.4075
144600 1.4081
144750 1.40872
144900 1.40928
145050 1.40989
145200 1.41045
145350 1.41108
145500 1.4117
145650 1.41229
145800 1.41289
145950 1.41346
146100 1.41405
146250 1.41462
146400 1.41523
146550 1.41584
146700 1.41649
146850 1.41713
147000 1.41769
147150 1.41834
147300 1.41895
147450 1.41952
147600 1.42009
147750 1.42071
147900 1.42131
148050 1.42194
148200 1.42256
148350 1.42321
148500 1.4238
148650 1.42442
148800 1.42506
148950 1.42564
149100 1.42625
149250 1.42688
149400 1.42744
149550 1.42804
149700 1.42866
149850 1.42934
150000 1.42995
150150 1.43054
150300 1.43112
150450 1.43172
150600 1.43234
150750 1.43292
150900 1.43352
151050 1.43412
151200 1.43471
151350 1.43541
151500 1.436
151650 1.43662
151800 1.43723
151950 1.43784
152100 1.43845
152250 1.43904
152400 1.43966
152550 1.44028
152700 1.44097
152850 1.44159
153000 1.44219
153150 1.44284
153300 1.44348
153450 1.44409
153600 1.44469
153750 1.44531
153900 1.44595
154050 1.44666
154200 1.44726
154350 1.44792
154500 1.44857
154650 1.44916
154800 1.44979
154950 1.45039
155100 1.45098
155250 1.4516
155400 1.45223
155550 1.45286
155700 1.45347
155850 1.45411
156000 1.45474
156150 1.4554
156300 1.45603
156450 1.45667
156600 1.45732
156750 1.45792
156900 1.45853
157050 1.45915
157200 1.4598
157350 1.46046
157500 1.46105
157650 1.46171
157800 1.46235
157950 1.46297
158100 1.46357
158250 1.46424
158400 1.46483
158550 1.46543
158700 1.46607
158850 1.46677
159000 1.46741
159150 1.46805
159300 1.46874
159450 1.46937
159600 1.47004
159750 1.47069
159900 1.47138
160050 1.47199
160200 1.47264
160350 1.47328
160500 1.47397
160650 1.4746
160800 1.47524
160950 1.4759
161100 1.47652
161250 1.47715
161400 1.47775
161550 1.47838
161700 1.47904
161850 1.47971
162000 1.48034
162150 1.48098
162300 1.48163
162450 1.48228
162600 1.48291
162750 1.48358
162900 1.48425
163050 1.48491
163200 1.48558
163350 1.48623
163500 1.48689
163650 1.48756
163800 1.48823
163950 1.48889
164100 1.48952
164250 1.49015
164400 1.49083
164550 1.49147
164700 1.49216
164850 1.49285
165000 1.49348
165150 1.49414
165300 1.49477
165450 1.49544
165600 1.4961
165750 1.49676
165900 1.49743
166050 1.49815
166200 1.49883
166350 1.49952
166500 1.50015
166650 1.50081
166800 1.5015
166950 1.50219
167100 1.50292
167250 1.50363
167400 1.50428
167550 1.50495
167700 1.50564
167850 1.5063
168000 1.507
168150 1.50772
168300 1.50843
168450 1.50911
168600 1.50981
168750 1.5105
168900 1.51117
169050 1.51185
169200 1.51255
169350 1.51323
169500 1.51391
169650 1.51463
169800 1.51535
169950 1.51602
170100 1.51671
170250 1.51738
170400 1.51811
170550 1.51879
170700 1.51949
170850 1.5202
171000 1.5209
171150 1.52162
171300 1.52233
171450 1.52302
171600 1.5237
171750 1.5244
171900 1.52508
172050 1.52579
172200 1.52647
172350 1.52719
172500 1.52789
172650 1.52854
172800 1.52925
172950 1.52994
173100 1.53063
173250 1.53135
173400 1.53205
173550 1.53277
173700 1.53347
173850 1.53421
174000 1.53486
174150 1.5356
174300 1.5363
174450 1.53694
174600 1.53762
174750 1.5383
174900 1.53901
175050 1.5397
175200 1.54042
175350 1.54111
175500 1.54186
175650 1.54261
175800 1.5433
175950 1.54401
176100 1.54468
176250 1.54545
176400 1.54618
176550 1.54691
176700 1.54764
176850 1.54838
177000 1.5491
177150 1.5498
177300 1.55054
177450 1.55122
177600 1.55194
177750 1.5527
177900 1.55339
178050 1.55413
178200 1.55481
178350 1.55552
178500 1.55621
178650 1.55693
178800 1.55763
178950 1.55833
179100 1.5591
179250 1.55982
179400 1.56048
179550 1.56121
179700 1.56196
179850 1.56272
180000 1.56362
180150 1.56436
180300 1.56512
180450 1.56586
180600 1.56655
180750 1.56728
180900 1.56806
181050 1.56882
181200 1.56959
181350 1.57032
181500 1.57097
181650 1.57175
181800 1.57253
181950 1.57329
182100 1.57401
182250 1.57469
182400 1.57543
182550 1.57622
182700 1.57697
182850 1.57764
183000 1.57836
183150 1.5791
183300 1.57984
183450 1.5806
183600 1.58131
183750 1.58211
183900 1.58285
184050 1.58366
184200 1.58443
184350 1.58517
184500 1.58592
184650 1.58667
184800 1.58744
184950 1.58821
185100 1.58898
185250 1.58972
185400 1.59046
185550 1.59117
185700 1.59201
185850 1.59277
186000 1.59354
186150 1.59433
186300 1.59516
186450 1.59588
186600 1.59665
186750 1.59741
186900 1.59819
187050 1.59895
187200 1.59976
187350 1.60051
187500 1.60123
187650 1.602
187800 1.60278
187950 1.60358
188100 1.60432
188250 1.60514
188400 1.60596
188550 1.60673
188700 1.60757
188850 1.60833
189000 1.60912
189150 1.60992
189300 1.61063
189450 1.61139
189600 1.61218
189750 1.61293
189900 1.61374
190050 1.61458
190200 1.61532
190350 1.616
190500 1.6168
190650 1.61755
190800 1.6183
190950 1.61908
191100 1.61988
191250 1.62067
191400 1.62145
191550 1.62219
191700 1.62294
191850 1.62369
192000 1.62447
192150 1.62526
192300 1.62605
192450 1.62684
192600 1.62762
192750 1.62842
192900 1.62926
193050 1.63004
193200 1.63082
193350 1.6316
193500 1.63238
193650 1.63322
193800 1.63403
193950 1.63488
194100 1.63564
194250 1.63645
194400 1.63724
194550 1.63801
194700 1.63875
194850 1.63958
195000 1.64037
195150 1.64123
195300 1.64201
195450 1.64283
195600 1.64366
195750 1.64444
195900 1.64528
196050 1.64608
196200 1.64683
196350 1.64767
196500 1.6484
196650 1.64921
196800 1.65003
196950 1.65093
197100 1.65168
197250 1.6525
197400 1.65338
197550 1.65412
197700 1.6549
197850 1.65566
198000 1.65657
198150 1.65739
198300 1.65818
198450 1.65904
198600 1.65989
198750 1.6607
198900 1.66156
199050 1.66236
199200 1.6632
199350 1.66399
199500 1.66487
199650 1.6657
199800 1.66662
199950 1.66741
200100 1.66823
200250 1.66916
200400 1.67
200550 1.67084
200700 1.67177
200850 1.67262
201000 1.67364
201150 1.67445
201300 1.67528
201450 1.67609
201600 1.67688
201750 1.6777
201900 1.67854
202050 1.67947
202200 1.68033
202350 1.68115
202500 1.68198
202650 1.68283
202800 1.68378
202950 1.68462
203100 1.68549
203250 1.68628
203400 1.68716
203550 1.68796
203700 1.68879
203850 1.6896
204000 1.69048
204150 1.69135
204300 1.69212
204450 1.69295
204600 1.6938
204750 1.69463
204900 1.6955
205050 1.69637
205200 1.69714
205350 1.698
205500 1.69896
205650 1.6998
205800 1.70071
205950 1.70153
206100 1.70234
206250 1.70319
206400 1.70409
206550 1.70492
206700 1.70573
206850 1.70665
207000 1.70755
207150 1.70841
207300 1.70925
207450 1.71019
207600 1.71106
207750 1.71193
207900 1.71278
208050 1.71369
208200 1.71456
208350 1.71541
208500 1.71636
208650 1.71731
208800 1.71817
208950 1.71906
209100 1.71981
209250 1.7207
209400 1.72153
209550 1.72244
209700 1.72334
209850 1.72423
210000 1.72524
210150 1.72613
210300 1.72704
210450 1.72794
210600 1.72882
210750 1.72967
210900 1.73053
211050 1.73145
211200 1.73243
211350 1.73333
211500 1.73426
211650 1.73518
211800 1.7361
211950 1.73701
212100 1.73789
212250 1.73874
212400 1.73961
212550 1.74055
212700 1.74151
212850 1.7424
213000 1.74324
213150 1.74424
213300 1.74512
213450 1.74604
213600 1.74699
213750 1.74787
213900 1.74877
214050 1.7497
214200 1.75058
214350 1.75148
214500 1.75243
214650 1.75337
214800 1.75434
214950 1.7552
215100 1.75611
215250 1.75701
215400 1.75788
215550 1.75881
215700 1.7597
215850 1.76068
216000 1.76168
216150 1.76254
216300 1.76346
216450 1.76442
216600 1.76541
216750 1.76645
216900 1.76733
217050 1.76828
217200 1.76928
217350 1.77021
217500 1.77113
217650 1.77211
217800 1.77301
217950 1.77397
218100 1.7749
218250 1.7758
218400 1.77677
218550 1.7778
218700 1.77873
218850 1.77969
219000 1.78065
219150 1.7816
219300 1.78255
219450 1.78341
219600 1.78443
219750 1.78541
219900 1.78633
220050 1.78725
220200 1.78841
220350 1.7894
220500 1.7904
220650 1.79136
220800 1.79233
220950 1.79301
221100 1.79398
221250 1.79487
221400 1.79588
221550 1.79678
221700 1.79782
221850 1.79879
222000 1.79973
222150 1.80069
222300 1.80163
222450 1.8026
222600 1.8035
222750 1.80441
222900 1.80539
223050 1.80642
223200 1.80737
223350 1.80836
223500 1.8093
223650 1.81027
223800 1.8113
223950 1.81233
224100 1.81334
224250 1.81441
224400 1.81543
224550 1.81642
224700 1.81737
224850 1.81827
225000 1.81918
225150 1.82014
225300 1.82113
225450 1.82216
225600 1.82316
225750 1.82412
225900 1.82499
226050 1.82595
226200 1.82694
226350 1.82787
226500 1.82889
226650 1.82987
226800 1.83087
226950 1.83187
227100 1.83275
227250 1.83373
227400 1.83472
227550 1.83572
227700 1.8368
227850 1.83777
228000 1.8388
228150 1.83989
228300 1.84092
228450 1.84188
228600 1.84297
228750 1.84396
228900 1.84491
229050 1.84597
229200 1.84699
229350 1.84808
229500 1.84917
229650 1.85013
229800 1.85121
229950 1.85222
230100 1.85316
230250 1.85421
230400 1.85521
230550 1.85618
230700 1.85719
230850 1.85834
231000 1.85926
231150 1.86028
231300 1.86132
231450 1.8623
231600 1.86335
231750 1.86443
231900 1.86548
232050 1.86649
232200 1.86756
232350 1.86859
232500 1.86967
232650 1.87066
232800 1.87174
232950 1.87278
233100 1.87377
233250 1.87472
233400 1.87582
233550 1.87684
233700 1.8778
233850 1.87886
234000 1.87994
234150 1.88086
234300 1.88187
234450 1.88298
234600 1.88405
234750 1.88503
234900 1.88618
235050 1.88723
235200 1.88822
235350 1.88932
235500 1.89039
235650 1.89148
235800 1.89277
235950 1.89396
236100 1.89506
236250 1.8962
236400 1.89722
236550 1.89837
236700 1.89951
236850 1.90054
237000 1.9016
237150 1.90267
237300 1.90372
237450 1.9048
237600 1.90584
237750 1.90686
237900 1.90803
238050 1.90913
238200 1.9101
238350 1.91112
238500 1.91225
238650 1.91335
238800 1.91437
238950 1.91539
239100 1.91673
239250 1.91776
239400 1.9188
239550 1.91982
239700 1.9209
239850 1.92193
240000 1.92298
240150 1.92416
240300 1.92521
240450 1.92633
240600 1.92738
240750 1.92873
240900 1.92986
241050 1.93101
241200 1.93218
241350 1.93323
241500 1.93419
241650 1.93537
241800 1.93647
241950 1.93761
242100 1.93882
242250 1.9399
242400 1.94098
242550 1.9422
242700 1.94325
242850 1.94436
243000 1.94547
243150 1.94664
243300 1.94776
243450 1.94896
243600 1.94999
243750 1.95107
243900 1.95238
244050 1.95357
244200 1.95463
244350 1.95589
244500 1.95696
244650 1.95812
244800 1.95924
244950 1.9603
245100 1.96136
245250 1.96245
245400 1.96358
245550 1.96474
245700 1.96597
245850 1.96695
246000 1.96809
246150 1.96932
246300 1.97065
246450 1.97188
246600 1.97298
246750 1.97406
246900 1.9753
247050 1.9764
247200 1.97753
247350 1.9787
247500 1.97991
247650 1.98104
247800 1.98218
247950 1.98304
248100 1.98413
248250 1.98523
248400 1.98636
248550 1.98758
248700 1.98885
248850 1.98993
249000 1.99127
249150 1.99234
249300 1.99353
249450 1.99461
249600 1.9958
249750 1.99699
249900 1.99821
250050 1.99936
250200 2.00058
250350 2.00177
250500 2.00323
250650 2.00442
250800 2.00567
250950 2.00687
251100 2.00816
251250 2.00936
251400 2.0105
251550 2.01181
251700 2.01305
251850 2.01416
252000 2.01531
252150 2.01658
252300 2.01779
252450 2.01892
252600 2.0203
252750 2.0216
252900 2.02293
253050 2.02408
253200 2.02528
253350 2.02661
253500 2.02775
253650 2.02899
253800 2.03034
253950 2.03168
254100 2.03298
254250 2.03426
254400 2.0355
254550 2.0367
254700 2.03791
254850 2.03923
255000 2.04048
255150 2.04164
255300 2.04292
255450 2.04408
255600 2.04544
255750 2.04658
255900 2.0478
256050 2.04915
256200 2.05045
256350 2.0517
256500 2.05302
256650 2.05422
256800 2.05547
256950 2.05672
257100 2.0581
257250 2.05938
257400 2.06055
257550 2.06188
257700 2.0631
257850 2.06427
258000 2.06562
258150 2.06673
258300 2.06769
258450 2.06899
258600 2.07048
258750 2.0718
258900 2.07302
259050 2.07438
259200 2.07573
259350 2.07681
259500 2.07819
259650 2.07951
259800 2.08075
259950 2.08201
260100 2.08321
260250 2.08449
260400 2.08577
260550 2.08683
260700 2.0883
260850 2.0894
261000 2.09071
261150 2.09207
261300 2.09326
261450 2.09457
261600 2.09585
261750 2.09722
261900 2.09835
262050 2.09982
262200 2.10107
262350 2.10227
262500 2.10348
262650 2.10484
262800 2.10617
262950 2.10738
263100 2.10863
263250 2.10998
263400 2.11138
263550 2.11261
263700 2.11386
263850 2.11539
264000 2.11665
264150 2.118
264300 2.11947
264450 2.12083
264600 2.1221
264750 2.12356
264900 2.12504
265050 2.12635
265200 2.12763
265350 2.12899
265500 2.13033
265650 2.13179
265800 2.13322
265950 2.1346
266100 2.13609
266250 2.13748
266400 2.13894
266550 2.14044
266700 2.14184
266850 2.14327
267000 2.14485
267150 2.14612
267300 2.14754
267450 2.14881
267600 2.1501
267750 2.15139
267900 2.15273
268050 2.1545
268200 2.15593
268350 2.15727
268500 2.15866
268650 2.15993
268800 2.16117
268950 2.16263
269100 2.16419
269250 2.16559
269400 2.16674
269550 2.16825
269700 2.16953
269850 2.17091
270000 2.17237
270150 2.1738
270300 2.17517
270450 2.17672
270600 2.17829
270750 2.17987
270900 2.18116
271050 2.18243
271200 2.18373
271350 2.18528
271500 2.18664
271650 2.18789
271800 2.18915
271950 2.19067
272100 2.19237
272250 2.19378
272400 2.19515
272550 2.19665
272700 2.19827
272850 2.19967
273000 2.20123
273150 2.20282
273300 2.20413
273450 2.20566
273600 2.20709
273750 2.20856
273900 2.21012
274050 2.21152
274200 2.21285
274350 2.21457
274500 2.21562
274650 2.21703
274800 2.21846
274950 2.21991
275100 2.22176
275250 2.22322
275400 2.22475
275550 2.22613
275700 2.22759
275850 2.22914
276000 2.23064
276150 2.23217
276300 2.23379
276450 2.23524
276600 2.23662
276750 2.23809
276900 2.23987
277050 2.24135
277200 2.24273
277350 2.24422
277500 2.24591
277650 2.24748
277800 2.24896
277950 2.2503
278100 2.25169
278250 2.25309
278400 2.25465
278550 2.25611
278700 2.2577
278850 2.25952
279000 2.26107
279150 2.2627
279300 2.26411
279450 2.26577
279600 2.26739
279750 2.26901
279900 2.27036
280050 2.27187
280200 2.27353
280350 2.27497
280500 2.27703
280650 2.2786
280800 2.2802
280950 2.28168
281100 2.28321
281250 2.28504
281400 2.28653
281550 2.288
281700 2.28967
281850 2.29123
282000 2.29275
282150 2.29435
282300 2.29607
282450 2.29767
282600 2.29903
282750 2.30041
282900 2.30192
283050 2.3035
283200 2.30516
283350 2.30688
283500 2.30855
283650 2.31007
283800 2.31157
283950 2.31304
284100 2.31465
284250 2.31612
284400 2.31765
284550 2.31943
284700 2.32079
284850 2.32257
285000 2.32422
285150 2.32591
285300 2.32759
285450 2.32928
285600 2.33088
285750 2.33249
285900 2.33421
286050 2.33581
286200 2.33746
286350 2.33891
286500 2.34055
286650 2.34231
286800 2.34433
286950 2.34589
287100 2.34788
287250 2.34955
287400 2.35114
287550 2.3528
287700 2.35445
287850 2.35599
288000 2.35753
288150 2.35907
288300 2.36078
288450 2.36238
288600 2.36418
288750 2.36573
288900 2.36768
289050 2.36938
289200 2.37125
289350 2.37287
289500 2.37453
289650 2.37616
289800 2.3778
289950 2.37934
290100 2.3812
290250 2.38309
290400 2.38466
290550 2.38645
290700 2.38819
290850 2.38989
291000 2.39165
291150 2.39335
291300 2.39508
291450 2.39683
291600 2.39836
291750 2.40014
291900 2.40177
292050 2.40328
292200 2.4051
292350 2.40678
292500 2.40863
292650 2.41105
292800 2.41304
292950 2.41478
293100 2.41649
293250 2.41841
293400 2.42005
293550 2.42171
293700 2.42375
293850 2.42536
294000 2.42726
294150 2.42898
294300 2.43092
294450 2.43252
294600 2.43439
294750 2.43608
294900 2.43807
295050 2.43989
295200 2.44184
295350 2.44377
295500 2.44541
295650 2.44717
295800 2.44893
295950 2.45082
296100 2.45264
296250 2.4545
296400 2.45649
296550 2.45812
296700 2.45974
296850 2.46166
297000 2.46338
297150 2.46553
297300 2.46748
297450 2.46917
297600 2.47108
297750 2.47282
297900 2.47458
298050 2.47626
298200 2.47812
298350 2.48007
298500 2.48193
298650 2.48383
298800 2.48552
298950 2.48754
299100 2.48948
299250 2.49128
299400 2.49308
299550 2.49503
299700 2.49695
299850 2.49917
300000 2.50094
300150 2.50285
300300 2.50483
300450 2.50671
300600 2.5085
300750 2.51052
300900 2.51243
301050 2.51377
301200 2.51549
301350 2.51738
301500 2.51962
301650 2.52165
301800 2.52358
301950 2.5257
302100 2.52749
302250 2.52952
302400 2.53143
302550 2.53345
302700 2.53562
302850 2.53778
303000 2.53923
303150 2.54106
303300 2.54309
303450 2.54527
303600 2.54697
303750 2.54871
303900 2.55062
304050 2.55258
304200 2.55452
304350 2.55627
304500 2.55829
304650 2.56022
304800 2.56205
304950 2.56427
305100 2.56601
305250 2.56798
305400 2.57017
305550 2.57196
305700 2.57408
305850 2.57674
306000 2.5787
306150 2.58037
306300 2.58217
306450 2.58404
306600 2.58629
306750 2.58827
306900 2.59065
307050 2.59266
307200 2.59479
307350 2.597
307500 2.59893
307650 2.60097
307800 2.60298
307950 2.60502
308100 2.607
308250 2.60895
308400 2.61099
308550 2.61279
308700 2.61484
308850 2.61688
309000 2.61898
309150 2.62108
309300 2.62334
309450 2.62544
309600 2.62764
309750 2.62981
309900 2.63206
310050 2.63392
310200 2.63607
310350 2.63825
310500 2.64073
310650 2.64272
310800 2.6448
310950 2.64676
311100 2.64885
311250 2.65109
311400 2.65294
311550 2.6552
311700 2.65731
311850 2.65924
312000 2.66113
312150 2.66311
312300 2.6653
312450 2.66751
312600 2.66962
312750 2.67135
312900 2.67346
313050 2.6754
313200 2.67737
313350 2.67979
313500 2.68185
313650 2.68391
313800 2.68628
313950 2.68868
314100 2.69091
314250 2.69291
314400 2.69501
314550 2.69705
314700 2.69905
314850 2.70095
315000 2.703
315150 2.70532
315300 2.70728
315450 2.70919
315600 2.71132
315750 2.7134
315900 2.7157
316050 2.71775
316200 2.72007
316350 2.72228
316500 2.72418
316650 2.72685
316800 2.72924
316950 2.73125
317100 2.73378
317250 2.7357
317400 2.73819
317550 2.7407
317700 2.74274
317850 2.74508
318000 2.74737
318150 2.7498
318300 2.75184
318450 2.75404
318600 2.75632
318750 2.75841
318900 2.76069
319050 2.76284
319200 2.76521
319350 2.76769
319500 2.7702
319650 2.7722
319800 2.77422
319950 2.77661
320100 2.77931
320250 2.78154
320400 2.78351
320550 2.78586
320700 2.78819
320850 2.79053
321000 2.79259
321150 2.795
321300 2.79712
321450 2.79959
321600 2.80209
321750 2.80447
321900 2.80701
322050 2.80956
322200 2.81197
322350 2.81447
322500 2.81704
322650 2.8197
322800 2.82223
322950 2.82422
323100 2.82622
323250 2.82898
323400 2.83125
323550 2.83387
323700 2.83583
323850 2.83825
324000 2.84023
324150 2.84282
324300 2.84563
324450 2.84806
324600 2.85044
324750 2.85305
324900 2.8557
325050 2.85852
325200 2.8615
325350 2.86393
325500 2.8665
325650 2.86895
325800 2.87173
325950 2.87422
326100 2.87711
326250 2.87946
326400 2.88215
326550 2.88471
326700 2.88753
326850 2.88998
327000 2.89237
327150 2.89494
327300 2.89775
327450 2.90128
327600 2.90358
327750 2.90657
327900 2.90903
328050 2.91113
328200 2.91342
328350 2.91563
328500 2.91815
328650 2.92036
328800 2.92236
328950 2.92455
329100 2.92719
329250 2.93013
329400 2.93265
329550 2.93518
329700 2.93794
329850 2.94071
330000 2.94316
330150 2.94582
330300 2.94844
330450 2.95115
330600 2.95399
330750 2.95655
330900 2.95995
331050 2.96252
331200 2.96485
331350 2.96744
331500 2.9701
331650 2.97304
331800 2.97552
331950 2.97839
332100 2.98103
332250 2.98347
332400 2.98622
332550 2.98865
332700 2.991
332850 2.99366
333000 2.99603
333150 2.99842
333300 3.00115
333450 3.00373
333600 3.00664
333750 3.00913
333900 3.0115
334050 3.01418
334200 3.01699
334350 3.01959
334500 3.02212
334650 3.02497
334800 3.02778
334950 3.03036
335100 3.03336
335250 3.03648
335400 3.03927
335550 3.04207
335700 3.04438
335850 3.04713
336000 3.04959
336150 3.05258
336300 3.05517
336450 3.05747
336600 3.05956
336750 3.06294
336900 3.06564
337050 3.06849
337200 3.07171
337350 3.0741
337500 3.07697
337650 3.08014
337800 3.08332
337950 3.08548
338100 3.088
338250 3.09074
338400 3.09382
338550 3.09673
338700 3.0996
338850 3.10241
339000 3.10538
339150 3.1093
339300 3.11073
339450 3.1133
339600 3.11702
339750 3.11969
339900 3.12273
340050 3.12586
340200 3.1283
340350 3.13184
340500 3.13486
340650 3.13782
340800 3.1413
340950 3.14396
341100 3.1462
341250 3.14876
341400 3.15221
341550 3.15497
341700 3.15782
341850 3.16119
342000 3.16426
342150 3.16701
342300 3.17038
342450 3.17378
342600 3.17696
342750 3.17999
342900 3.18287
343050 3.18627
343200 3.18968
343350 3.19213
343500 3.19564
343650 3.19852
343800 3.20128
343950 3.20448
344100 3.20721
344250 3.21057
344400 3.2135
344550 3.21667
344700 3.21955
344850 3.22308
345000 3.22785
345150 3.23091
345300 3.2341
345450 3.2372
345600 3.24088
345750 3.24408
345900 3.24727
346050 3.25078
346200 3.25361
346350 3.25715
346500 3.26093
346650 3.26207
346800 3.26544
346950 3.27003
347100 3.27263
347250 3.2761
347400 3.27875
347550 3.28206
347700 3.28536
347850 3.28824
348000 3.29118
348150 3.29439
348300 3.29823
348450 3.30122
348600 3.30414
348750 3.30697
348900 3.30981
349050 3.31318
349200 3.31601
349350 3.31942
349500 3.32236
349650 3.3253
349800 3.32907
349950 3.33232
350100 3.33584
350250 3.33944
350400 3.34294
350550 3.34635
350700 3.34959
350850 3.35265
351000 3.35689
351150 3.36086
351300 3.36409
351450 3.36697
351600 3.3701
351750 3.37309
351900 3.37636
352050 3.37982
352200 3.38387
352350 3.38841
352500 3.3924
352650 3.39584
352800 3.39959
352950 3.40288
353100 3.40644
353250 3.40978
353400 3.41315
353550 3.41653
353700 3.41934
353850 3.42313
354000 3.42582
354150 3.42938
354300 3.43243
354450 3.43539
354600 3.43891
354750 3.44259
354900 3.44583
355050 3.44911
355200 3.45264
355350 3.45564
355500 3.45881
355650 3.46225
355800 3.46632
355950 3.46976
356100 3.47321
356250 3.47725
356400 3.48054
356550 3.4842
356700 3.48892
356850 3.49273
357000 3.49567
357150 3.49879
357300 3.50253
357450 3.50638
357600 3.50915
357750 3.51284
357900 3.51641
358050 3.52071
358200 3.52457
358350 3.52822
358500 3.53165
358650 3.53536
358800 3.54014
358950 3.54351
359100 3.54655
359250 3.55053
359400 3.5544
359550 3.55802
359700 3.56112
359850 3.56487
360000 3.56809
360150 3.5714
360300 3.57517
360450 3.58
360600 3.5837
360750 3.58733
360900 3.5913
361050 3.59544
361200 3.59894
361350 3.60326
361500 3.60744
361650 3.61065
361800 3.61441
361950 3.61799
362100 3.62189
362250 3.62593
362400 3.63004
362550 3.63397
362700 3.63832
362850 3.64301
363000 3.64641
363150 3.64995
363300 3.65434
363450 3.65842
363600 3.66299
363750 3.66653
363900 3.67005
364050 3.67359
364200 3.67887
364350 3.68284
364500 3.68684
364650 3.69113
364800 3.69655
364950 3.70029
365100 3.70417
365250 3.70809
365400 3.7122
365550 3.71636
365700 3.72054
365850 3.72366
366000 3.72733
366150 3.73127
366300 3.73481
366450 3.73843
366600 3.74278
366750 3.7469
366900 3.75188
367050 3.7561
367200 3.76137
367350 3.76474
367500 3.76938
367650 3.77376
367800 3.77769
367950 3.78207
368100 3.78623
368250 3.79147
368400 3.79678
368550 3.8011
368700 3.80627
368850 3.81044
369000 3.81436
369150 3.81826
369300 3.82335
369450 3.82813
369600 3.83299
369750 3.83726
369900 3.84091
370050 3.84629
370200 3.85116
370350 3.85675
370500 3.86052
370650 3.86515
370800 3.8701
370950 3.8753
371100 3.88076
371250 3.88516
371400 3.88955
371550 3.89405
371700 3.89951
371850 3.90433
372000 3.90943
372150 3.9141
372300 3.91885
372450 3.92349
372600 3.92799
372750 3.93203
372900 3.93647
373050 3.94086
373200 3.94634
373350 3.95033
373500 3.95438
373650 3.95929
373800 3.96436
373950 3.96835
374100 3.97311
374250 3.97854
374400 3.98405
374550 3.98878
374700 3.99356
374850 3.99854
375000 4.0038
375150 4.00935
375300 4.01356
375450 4.01753
375600 4.02176
375750 4.02625
375900 4.03107
376050 4.03612
376200 4.04012
376350 4.04664
376500 4.05183
376650 4.05756
376800 4.0635
376950 4.06906
377100 4.07486
377250 4.07933
377400 4.08336
377550 4.08766
377700 4.09367
377850 4.09833
378000 4.10326
378150 4.10785
378300 4.11233
378450 4.11725
378600 4.12159
378750 4.1264
378900 4.13258
379050 4.13741
379200 4.14271
379350 4.14748
379500 4.15254
379650 4.1568
379800 4.16249
379950 4.16738
380100 4.17245
380250 4.17879
380400 4.18452
380550 4.18889
380700 4.19374
380850 4.19976
381000 4.20575
381150 4.21108
381300 4.21526
381450 4.21986
381600 4.22555
381750 4.23153
381900 4.23802
382050 4.2432
382200 4.24833
382350 4.25503
382500 4.25999
382650 4.2658
382800 4.27044
382950 4.27507
383100 4.28149
383250 4.28602
383400 4.29223
383550 4.29568
383700 4.30316
383850 4.3077
384000 4.31422
384150 4.32128
384300 4.3267
384450 4.33165
384600 4.33836
384750 4.34408
384900 4.34921
385050 4.35438
385200 4.35985
385350 4.36494
385500 4.37004
385650 4.37784
385800 4.38325
385950 4.38921
386100 4.39471
386250 4.40101
386400 4.40652
386550 4.41097
386700 4.41579
386850 4.42039
387000 4.42548
387150 4.43114
387300 4.43785
387450 4.44363
387600 4.45006
387750 4.45576
387900 4.46144
388050 4.4681
388200 4.47329
388350 4.47851
388500 4.48415
388650 4.48955
388800 4.49506
388950 4.50044
389100 4.50671
389250 4.51192
389400 4.51624
389550 4.52234
389700 4.52934
389850 4.53554
390000 4.54033
390150 4.54619
390300 4.55201
390450 4.55715
390600 4.56294
390750 4.56825
390900 4.57358
391050 4.57939
391200 4.58742
391350 4.5972
391500 4.60439
391650 4.61066
391800 4.61575
391950 4.62246
392100 4.62806
392250 4.63632
392400 4.64112
392550 4.6463
392700 4.65139
392850 4.65775
393000 4.6641
393150 4.67018
393300 4.67704
393450 4.68355
393600 4.69051
393750 4.6993
393900 4.70459
394050 4.71395
394200 4.72088
394350 4.72847
394500 4.73392
394650 4.73981
394800 4.7471
394950 4.75385
395100 4.76092
395250 4.77214
395400 4.77805
395550 4.7843
395700 4.79144
395850 4.79834
396000 4.80467
396150 4.81091
396300 4.81776
396450 4.82485
396600 4.83188
396750 4.84107
396900 4.84809
397050 4.85457
397200 4.86061
397350 4.86578
397500 4.87243
397650 4.88091
397800 4.89088
397950 4.89754
398100 4.90377
398250 4.91168
398400 4.91915
398550 4.9259
398700 4.93358
398850 4.94016
399000 4.94688
399150 4.95305
399300 4.95991
399450 4.96712
399600 4.97292
399750 4.97962
399900 4.988
400050 4.99491
400200 5.00275
400350 5.01175
400500 5.01753
400650 5.02509
400800 5.03206
400950 5.03991
401100 5.04632
401250 5.05257
401400 5.06011
401550 5.06803
401700 5.07507
401850 5.08321
402000 5.09035
402150 5.09694
402300 5.1033
402450 5.11132
402600 5.11926
402750 5.12704
402900 5.13485
403050 5.14295
403200 5.1502
403350 5.1572
403500 5.16451
403650 5.17284
403800 5.18069
403950 5.18855
404100 5.19642
404250 5.20344
404400 5.20977
404550 5.21729
404700 5.2254
404850 5.23244
405000 5.23788
405150 5.24484
405300 5.2532
405450 5.26043
405600 5.26988
405750 5.27616
405900 5.28502
406050 5.2919
406200 5.29894
406350 5.30948
406500 5.31833
406650 5.32621
406800 5.335
406950 5.34539
407100 5.35491
407250 5.36337
407400 5.37128
407550 5.37956
407700 5.3861
407850 5.3946
408000 5.40341
408150 5.40926
408300 5.4164
408450 5.42468
408600 5.43473
408750 5.44212
408900 5.45305
409050 5.4612
409200 5.46842
409350 5.4779
409500 5.48536
409650 5.49426
409800 5.50313
409950 5.51272
410100 5.52132
410250 5.52987
410400 5.54386
410550 5.55318
410700 5.56597
410850 5.57475
411000 5.58003
411150 5.58628
411300 5.59668
411450 5.60717
411600 5.6139
411750 5.62487
411900 5.64069
412050 5.64787
412200 5.65723
412350 5.66626
412500 5.67407
412650 5.68567
412800 5.69389
412950 5.70397
413100 5.71453
413250 5.72272
413400 5.73351
413550 5.74568
413700 5.7559
413850 5.7652
414000 5.77429
414150 5.78392
414300 5.79163
414450 5.80041
414600 5.80758
414750 5.8179
414900 5.82522
415050 5.83345
415200 5.84523
415350 5.85567
415500 5.866
415650 5.87613
415800 5.88653
415950 5.89505
416100 5.90717
416250 5.91632
416400 5.92778
416550 5.93597
416700 5.94449
416850 5.95562
417000 5.96586
417150 5.97675
417300 5.9864
417450 5.99432
417600 6.00577
417750 6.01785
417900 6.02935
418050 6.03859
418200 6.0484
418350 6.05997
418500 6.0694
418650 6.07865
418800 6.09131
418950 6.10056
419100 6.10839
419250 6.11865
419400 6.12804
419550 6.13877
419700 6.14831
419850 6.15946
420000 6.1712
420150 6.18032
420300 6.18889
420450 6.20707
420600 6.22194
420750 6.234
420900 6.24634
421050 6.25885
421200 6.26795
421350 6.27773
421500 6.28762
421650 6.29846
421800 6.30858
421950 6.32009
422100 6.33179
422250 6.34899
422400 6.36745
422550 6.37621
422700 6.38808
422850 6.39878
423000 6.41037
423150 6.41851
423300 6.43185
423450 6.44507
423600 6.45727
423750 6.46914
423900 6.47996
424050 6.49207
424200 6.50125
424350 6.51147
424500 6.52398
424650 6.54212
424800 6.5569
424950 6.57169
425100 6.58193
425250 6.59133
425400 6.60042
425550 6.61479
425700 6.63062
425850 6.64303
426000 6.65276
426150 6.66323
426300 6.67891
426450 6.69013
426600 6.70558
426750 6.71674
426900 6.72951
427050 6.74355
427200 6.75635
427350 6.76694
427500 6.78196
427650 6.79393
427800 6.8078
427950 6.82058
428100 6.83314
428250 6.84887
428400 6.86066
428550 6.87548
428700 6.89253
428850 6.90706
429000 6.92891
429150 6.94824
429300 6.96257
429450 6.98205
429600 6.99236
429750 7.00753
429900 7.01965
430050 7.03281
430200 7.04772
430350 7.06088
430500 7.07165
430650 7.08581
430800 7.09731
430950 7.11498
431100 7.13806
431250 7.15301
431400 7.1671
431550 7.16148
431700 7.1775
431850 7.18868
432000 7.21784
432150 7.23814
432300 7.25374
432450 7.27428
432600 7.29017
432750 7.30563
432900 7.32459
433050 7.34539
433200 7.3619
433350 7.3758
433500 7.39232
433650 7.40867
433800 7.42479
433950 7.45201
434100 7.47366
434250 7.48328
434400 7.50357
434550 7.51719
434700 7.53651
434850 7.55158
435000 7.56527
435150 7.58045
435300 7.59926
435450 7.61418
435600 7.63204
435750 7.65106
435900 7.66757
436050 7.68718
436200 7.70722
436350 7.7215
436500 7.74278
436650 7.77403
436800 7.79164
436950 7.80969
437100 7.8254
437250 7.84528
437400 7.86389
437550 7.88077
437700 7.89693
437850 7.91851
438000 7.93552
438150 7.9562
438300 7.97476
438450 7.99887
438600 8.02547
438750 8.04215
438900 8.05969
439050 8.07396
439200 8.10061
439350 8.12793
439500 8.14958
439650 8.17246
439800 8.19956
439950 8.21814
440100 8.23634
440250 8.26073
440400 8.27504
440550 8.29341
440700 8.31129
440850 8.33026
441000 8.35958
441150 8.37815
441300 8.40057
441450 8.42126
441600 8.44795
441750 8.47053
441900 8.49262
442050 8.50965
442200 8.52523
442350 8.54311
442500 8.56599
442650 8.58107
442800 8.59748
442950 8.61789
443100 8.63478
443250 8.65932
443400 8.67616
443550 8.69511
443700 8.71518
443850 8.73557
444000 8.75616
444150 8.76865
444300 8.79219
444450 8.81365
444600 8.85394
444750 8.88061
444900 8.90156
445050 8.92173
445200 8.9454
445350 8.97433
445500 8.99153
445650 9.00825
445800 9.03323
445950 9.05038
446100 9.07814
446250 9.10966
446400 9.13931
446550 9.16064
446700 9.20626
446850 9.2251
447000 9.24768
447150 9.28145
447300 9.30447
447450 9.3264
447600 9.34853
447750 9.3746
447900 9.40202
448050 9.42107
448200 9.44565
448350 9.40778
448500 9.50942
448650 9.53529
448800 9.55565
448950 9.58234
449100 9.61051
449250 9.62821
449400 9.65253
449550 9.68738
449700 9.71402
449850 9.74105
450000 9.764
450150 9.79961
450300 9.83081
450450 9.85695
450600 9.88548
450750 9.91246
450900 9.95025
451050 9.9656
451200 10.0001
451350 10.0268
451500 10.0517
451650 10.0793
451800 10.105
451950 10.1421
452100 10.1769
452250 10.2067
452400 10.2367
452550 10.2634
452700 10.298
452850 10.3289
453000 10.3628
453150 10.3871
453300 10.4192
453450 10.4776
453600 10.4993
453750 10.533
453900 10.567
454050 10.5899
454200 10.6125
454350 10.641
454500 10.6644
454650 10.6837
454800 10.7045
454950 10.7311
455100 10.7634
455250 10.8001
455400 10.8541
455550 10.8929
455700 10.9171
455850 10.9386
456000 10.9647
456150 10.9909
456300 11.0254
456450 11.0808
456600 11.1053
456750 11.1474
456900 11.1728
457050 11.2346
457200 11.2681
457350 11.3016
457500 11.3281
457650 11.3815
457800 11.411
457950 11.4327
458100 11.4668
458250 11.4979
458400 11.5226
458550 11.5531
458700 11.583
458850 11.6108
459000 11.6388
459150 11.696
459300 11.735
459450 11.7672
459600 11.7951
459750 11.836
459900 11.8736
460050 11.8987
460200 11.9282
460350 11.9626
460500 11.9959
460650 12.0419
460800 12.0847
460950 12.1156
461100 12.1536
461250 12.1947
461400 12.241
461550 12.2857
461700 12.3169
461850 12.3646
462000 12.4117
462150 12.4447
462300 12.4651
462450 12.5016
462600 12.5451
462750 12.6198
462900 12.7214
463050 12.7599
463200 12.8015
463350 12.8478
463500 12.8944
463650 12.9622
463800 13.0032
463950 13.0467
464100 13.0979
464250 13.1318
464400 13.1756
464550 13.2621
464700 13.3106
464850 13.3866
465000 13.4543
465150 13.498
465300 13.5532
465450 13.6494
465600 13.6928
465750 13.7911
465900 13.8496
466050 13.8863
466200 13.9277
466350 13.9918
466500 14.0874
466650 14.1324
466800 14.1895
466950 14.2239
467100 14.331
467250 14.421
467400 14.5443
467550 14.5852
467700 14.6598
467850 14.7174
468000 14.7799
468150 14.8291
468300 14.8866
468450 14.9371
468600 14.9968
468750 15.0364
468900 15.0954
469050 15.2253
469200 15.28
469350 15.3429
469500 15.4118
469650 15.4743
469800 15.5091
469950 15.6044
470100 15.6596
470250 15.728
470400 15.8918
470550 15.9479
470700 16.035
470850 16.1
471000 16.1831
471150 16.2452
471300 16.3528
471450 16.406
471600 16.5442
471750 16.6055
471900 16.7174
472050 16.8219
472200 16.8534
472350 16.9174
472500 16.9665
472650 17.0205
472800 17.0674
472950 17.1456
473100 17.2533
473250 17.3279
473400 17.4012
473550 17.5259
473700 17.5968
473850 17.6631
474000 17.646
474150 17.7146
474300 17.7854
474450 17.835
474600 17.8983
474750 18.0564
474900 18.1526
475050 18.2689
475200 18.3348
475350 18.4855
475500 18.5997
475650 18.658
475800 18.7772
475950 18.895
476100 19.0103
476250 19.0581
476400 19.139
476550 19.2316
476700 19.3815
476850 19.4424
477000 19.5479
477150 19.7278
477300 19.7988
477450 19.8572
477600 19.9298
477750 20.0507
477900 20.1997
478050 20.2506
478200 20.4039
478350 20.491
478500 20.611
478650 20.7155
478800 20.819
478950 20.8843
479100 20.9838
479250 21.1461
479400 21.2946
479550 21.4134
479700 21.5841
479850 21.6775
480000 21.7495
480150 21.9957
480300 22.181
480450 22.2643
480600 22.3751
480750 22.5516
480900 22.7132
481050 22.8593
481200 23.0685
481350 23.1992
481500 23.2758
481650 23.5755
481800 23.8058
481950 23.9512
482100 24.0265
482250 24.2142
482400 24.3055
482550 24.388
482700 24.7211
482850 24.8293
483000 24.8513
483150 24.9706
483300 25.1893
483450 25.4131
483600 25.5599
483750 25.6818
483900 25.8628
484050 26.003
484200 26.1288
484350 26.2492
484500 26.5643
484650 26.8299
484800 26.9931
484950 26.8693
485100 27.0353
485250 27.1248
485400 27.3386
485550 27.4591
485700 27.6639
485850 27.7851
486000 27.891
486150 28.1451
486300 28.3222
486450 28.465
486600 28.6151
486750 28.7292
486900 28.9044
487050 29.029
487200 29.1678
487350 29.2823
487500 29.3551
487650 29.5806
487800 29.8576
487950 30.0027
488100 30.1726
488250 30.353
488400 30.5774
488550 31.4299
488700 31.5489
488850 31.9662
489000 32.5778
489150 32.519
489300 32.9251
489450 33.0401
489600 33.4096
489750 33.4429
489900 34.039
490050 34.2911
490200 34.6579
490350 34.8811
490500 35.148
490650 35.3095
490800 36.2443
490950 36.8017
491100 37.1462
491250 38.3032
491400 38.9892
491550 39.3007
491700 40.3208
491850 40.7729
492000 41.3199
492150 41.7469
492300 41.9702
492450 42.1704
492600 42.7319
492750 43.0416
492900 43.4706
493050 43.9293
493200 43.4766
493350 43.7157
493500 43.9234
493650 44.0039
493800 44.2953
493950 44.6454
494100 45.3189
494250 45.4524
494400 46.1322
494550 46.4987
494700 46.9721
494850 48.4571
495000 48.7669
495150 49.2557
495300 49.4289
495450 49.6945
495600 49.9339
495750 50.2663
495900 51.1516
496050 51.5487
496200 52.0682
496350 52.3563
496500 50.5697
496650 50.7484
496800 50.3252
496950 50.7218
497100 51.1546
497250 51.2332
497400 51.5424
497550 51.8772
497700 52.7034
497850 52.9575
498000 53.2051
498150 49.9535
498300 50.1662
498450 51.0878
498600 51.4376
498750 51.8699
498900 52.115
499050 52.6831
499200 53.5398
499350 54.8274
499500 55.5366
499650 56.0716
499800 56.6724
499950 57.2239
500100 59.5854
500250 58.1829
500400 56.9944
500550 57.0693
500700 57.4031
500850 56.2919
501000 61.3
501150 61.5079
501300 62.1111
501450 65.8897
501600 66.3233
501750 66.9453
501900 68.0742
502050 68.5809
502200 68.8515
502350 69.5229
502500 70.9886
502650 71.3898
502800 72.0514
502950 75.297
503100 61.8818
503250 61.8261
503400 63.9809
503550 64.0361
503700 65.0185
503850 66.4563
504000 66.7967
504150 67.2628
504300 68.3582
504450 69.251
504600 69.9004
504750 65.0313
504900 67.1315
505050 67.5324
505200 69.1127
505350 72.5035
505500 70.03
505650 72.2224
505800 73.1757
505950 73.6232
506100 76.3779
506250 77.4213
506400 78.0505
506550 79.0136
506700 79.4029
506850 69.1
507000 69.524
507150 72.1962
507300 71.9585
507450 72.6751
507600 74.3295
507750 74.5306
507900 74.7766
508050 75.1724
508200 73.1802
508350 73.03
508500 73.8635
508650 79.5906
508800 87.0353
508950 101.529
509100 102.542
509250 102.335
509400 102.79
509550 103.091
509700 105.142
509850 106.224
510000 92.7857
510150 93.0656
510300 93.2281
510450 104.59
510600 63.0442
510750 61.7168
510900 63.2656
511050 63.4284
511200 63.2307
511350 64.3101
511500 64.2269
511650 63.6322
511800 63.3848
511950 59.1181
512100 60.0638
512250 60.1132
512400 59.6011
512550 58.9091
512700 60.47
512850 63.0489
513000 63.4688
513150 63.5642
513300 65.948
513450 66.0274
513600 68.3143
513750 69.6191
513900 69.8861
514050 69.4942
514200 67.2124
514350 35.783
514500 35.4103
514650 30.9268
514800 30.254
514950 30.3182
515100 27.3853
515250 26.0872
515400 26.2561
515550 26.4374
515700 26.7378
515850 26.7231
516000 26.7208
516150 24.9145
516300 24.9638
516450 24.2441
516600 24.3422
516750 24.5331
516900 24.7226
517050 24.6492
517200 24.3931
517350 24.4687
517500 24.4072
517650 24.4308
517800 24.6743
517950 24.7587
518100 24.8784
518250 24.7588
518400 24.2981
518550 24.4318
518700 24.4601
518850 24.724
519000 24.4053
519150 24.4206
519300 24.6457
519450 24.7441
519600 23.9503
519750 23.7996
519900 23.8152
520050 24.4201
520200 24.4493
520350 24.7666
520500 24.7619
520650 25.134
520800 25.1576
520950 25.3213
521100 25.3758
521250 24.9346
521400 24.5974
521550 24.6517
521700 24.4157
521850 24.584
522000 23.7962
522150 23.519
522300 23.2374
522450 23.1378
522600 23.2514
522750 23.1704
522900 23.4054
523050 22.8026
523200 22.9279
523350 22.2819
523500 22.5381
523650 22.5513
523800 22.372
523950 22.33
524100 21.8653
524250 21.13
524400 21.1934
524550 21.1928
524700 21.0683
524850 21.0423
525000 21.0503
525150 19.7593
525300 19.8228
525450 19.7316
525600 19.7169
525750 19.7982
525900 19.801
526050 18.7393
526200 18.6856
526350 18.755
526500 18.5263
526650 18.3946
526800 18.4487
526950 18.4351
527100 18.065
527250 18.0386
527400 17.8824
527550 17.9127
527700 17.7679
527850 17.7098
528000 17.7536
528150 17.7528
528300 17.7653
528450 17.777
528600 17.4602
528750 17.5062
528900 17.5285
529050 17.3677
529200 17.3
529350 17.2694
529500 17.2928
529650 17.2913
529800 17.3213
529950 17.2575
530100 17.1377
530250 17.1702
530400 17.0047
530550 17.0245
530700 16.082
530850 16.104
531000 16.0597
531150 15.9949
531300 16.0328
531450 16.147
531600 16.0754
531750 16.0846
531900 15.9344
532050 15.8359
532200 15.8754
532350 15.9168
532500 15.9604
532650 16.0714
532800 16.0787
532950 16.1407
533100 16.183
533250 16.1737
533400 16.1849
533550 16.0863
533700 16.0685
533850 15.99
534000 16.0071
534150 15.9297
534300 15.9489
534450 15.3918
534600 15.0248
534750 14.9452
534900 14.9687
535050 14.9633
535200 14.9225
535350 14.9791
535500 14.8236
535650 14.8814
535800 14.8187
535950 14.8647
536100 14.815
536250 14.8068
536400 14.39
536550 14.3909
536700 14.304
536850 14.0886
537000 14.0942
537150 14.0937
537300 14.1056
537450 14.1441
537600 14.1471
537750 14.1412
537900 14.0281
538050 13.9859
538200 13.8888
538350 13.9268
538500 13.8732
538650 13.8675
538800 13.934
538950 13.9323
539100 13.9416
539250 13.5289
539400 13.5568
539550 13.5173
539700 13.5581
539850 13.4846
540000 13.4607
540150 13.3983
540300 13.3865
540450 13.3973
540600 13.354
540750 13.3372
540900 13.3617
541050 13.3089
541200 13.2114
541350 13.1971
541500 13.149
541650 13.0935
541800 12.7507
541950 12.7579
542100 12.5221
542250 12.4903
542400 12.4494
542550 12.4562
542700 12.4299
542850 12.3785
543000 12.372
543150 12.3458
543300 12.3611
543450 12.2492
543600 12.3261
543750 12.2813
543900 12.2632
544050 12.1616
544200 12.1361
544350 12.1323
544500 12.0537
544650 11.9657
544800 11.9538
544950 11.8597
545100 11.7613
545250 11.6784
545400 11.6193
545550 11.6417
545700 11.673
545850 11.5892
546000 11.5144
546150 11.5135
546300 11.4749
546450 11.4383
546600 11.4156
546750 11.4454
546900 11.3935
547050 11.3845
547200 11.3464
547350 11.3327
547500 11.3061
547650 11.3009
547800 11.2971
547950 11.3067
548100 11.3443
548250 11.3496
548400 11.3719
548550 11.2895
548700 11.3038
548850 11.3141
549000 11.3118
549150 11.2951
549300 11.2394
549450 11.2159
549600 11.2393
549750 11.1705
549900 11.129
550050 11.0451
550200 11.0598
550350 11.0041
550500 11.0132
550650 11.0381
550800 11.0234
550950 10.9583
551100 10.9136
551250 10.9008
551400 10.8845
551550 10.8816
551700 10.5683
551850 10.5759
552000 10.5742
552150 10.5867
552300 10.5828
552450 10.2538
552600 10.2001
552750 10.1526
552900 10.1465
553050 10.1353
553200 10.089
553350 10.0642
553500 10.0489
553650 10.0394
553800 10.0122
553950 9.99132
554100 9.91533
554250 9.89654
554400 9.89503
554550 9.90083
554700 9.88214
554850 9.87499
555000 9.8264
555150 9.77682
555300 9.77356
555450 9.6778
555600 9.69317
555750 9.68725
555900 9.64592
556050 9.58834
556200 9.53212
556350 9.53777
556500 9.52621
556650 9.48568
556800 9.37451
556950 9.3365
557100 9.3304
557250 9.32953
557400 9.3406
557550 9.30716
557700 9.2862
557850 9.25689
558000 9.2573
558150 9.26629
558300 9.26019
558450 9.2499
558600 9.26112
558750 9.21356
558900 9.21673
559050 9.21824
559200 9.1938
559350 9.17524
559500 9.16101
559650 9.07197
559800 9.07405
559950 9.0521
560100 8.99386
560250 8.99792
560400 8.95042
560550 8.94311
560700 8.89157
560850 8.87422
561000 8.76643
561150 8.77917
561300 8.78403
561450 8.78902
561600 8.7474
561750 8.68591
561900 8.69174
562050 8.69109
562200 8.69133
562350 8.68937
562500 8.57902
562650 8.52806
562800 8.49137
562950 8.47732
563100 8.45991
563250 8.41978
563400 8.38862
563550 8.39615
563700 8.41365
563850 8.416
564000 8.38972
564150 8.38623
564300 8.38773
564450 8.39283
564600 8.37942
564750 8.30542
564900 8.30117
565050 8.31148
565200 8.28164
565350 8.21874
565500 8.20629
565650 8.17804
565800 8.16715
565950 8.14551
566100 8.1287
566250 8.10463
566400 8.09956
566550 8.06924
566700 8.07033
566850 8.07333
567000 8.06265
567150 8.04833
567300 8.00476
567450 7.99729
567600 7.94649
567750 7.94984
567900 7.86368
568050 7.85689
568200 7.842
568350 7.84485
568500 7.81762
568650 7.80403
568800 7.78465
568950 7.75824
569100 7.75749
569250 7.73334
569400 7.69629
569550 7.69209
569700 7.67001
569850 7.66029
570000 7.6473
570150 7.64006
570300 7.62086
570450 7.61928
570600 7.60362
570750 7.57049
570900 7.56558
571050 7.54507
571200 7.53924
571350 7.52711
571500 7.52235
571650 7.48428
571800 7.46089
571950 7.44918
572100 7.42576
572250 7.4301
572400 7.40999
572550 7.40725
572700 7.40804
572850 7.37678
573000 7.33331
573150 7.33646
573300 7.31981
573450 7.31038
573600 7.3073
573750 7.29452
573900 7.28181
574050 7.28466
574200 7.28099
574350 7.27626
574500 7.25949
574650 7.25575
574800 7.25457
574950 7.25015
575100 7.23617
575250 7.17946
575400 7.16729
575550 7.15516
575700 7.14608
575850 7.12807
576000 7.1136
576150 7.09962
576300 7.08573
576450 7.05283
576600 7.0388
576750 7.01797
576900 7.01797
577050 7.01298
577200 7.01199
577350 7.01064
577500 6.96929
577650 6.96921
577800 6.96366
577950 6.96044
578100 6.97885
578250 6.96157
578400 6.92673
578550 6.91204
578700 6.89914
578850 6.89114
579000 6.87332
579150 6.86288
579300 6.85328
579450 6.8522
579600 6.82188
579750 6.82156
579900 6.81339
580050 6.799
580200 6.78018
580350 6.77217
580500 6.76909
580650 6.75858
580800 6.74939
580950 6.70331
581100 6.67389
581250 6.67247
581400 6.67451
581550 6.66031
581700 6.65719
581850 6.65023
582000 6.64625
582150 6.64762
582300 6.63728
582450 6.6277
582600 6.62185
582750 6.60449
582900 6.55131
583050 6.54491
583200 6.51049
583350 6.50461
583500 6.50619
583650 6.47336
583800 6.47487
583950 6.46565
584100 6.4574
584250 6.44696
584400 6.4539
584550 6.45752
584700 6.46033
584850 6.43488
585000 6.43597
585150 6.43414
585300 6.42801
585450 6.43254
585600 6.41943
585750 6.42726
585900 6.42674
586050 6.41596
586200 6.41314
586350 6.40743
586500 6.40273
586650 6.41071
586800 6.38643
586950 6.38434
587100 6.37217
587250 6.36269
587400 6.34659
587550 6.34817
587700 6.34191
587850 6.32241
588000 6.3205
588150 6.30557
588300 6.30455
588450 6.29423
588600 6.28266
588750 6.27799
588900 6.28182
589050 6.26921
589200 6.26278
589350 6.25776
589500 6.25758
589650 6.23626
589800 6.2355
589950 6.2303
590100 6.21911
590250 6.2196
590400 6.2192
590550 6.21451
590700 6.21545
590850 6.21347
591000 6.20865
591150 6.19652
591300 6.17939
591450 6.17903
591600 6.16891
591750 6.16733
591900 6.16669
592050 6.15263
592200 6.15111
592350 6.13034
592500 6.12736
592650 6.10131
592800 6.0892
592950 6.08596
593100 6.04311
593250 6.03593
593400 6.03166
593550 6.00814
593700 6.00442
593850 6.00075
594000 5.99996
594150 6.00061
594300 6.00838
594450 6.0021
594600 5.9977
594750 5.95667
594900 5.95057
595050 5.94533
595200 5.94336
595350 5.92474
595500 5.9179
595650 5.912
595800 5.91037
595950 5.90945
596100 5.91205
596250 5.90854
596400 5.90753
596550 5.90436
596700 5.89679
596850 5.89819
597000 5.89184
597150 5.89422
597300 5.8793
597450 5.87537
597600 5.87033
597750 5.85424
597900 5.84095
598050 5.8347
598200 5.83622
598350 5.80414
598500 5.80429
598650 5.79273
598800 5.78359
598950 5.78532
599100 5.7794
599250 5.77808
599400 5.7715
599550 5.76464
599700 5.75825
599850 5.75204
600000 5.7414
600150 5.73443
600300 5.73645
600450 5.72488
600600 5.72582
600750 5.71378
600900 5.70685
601050 5.69759
601200 5.68876
601350 5.6719
601500 5.68058
601650 5.66899
601800 5.65859
601950 5.63967
602100 5.63023
602250 5.62072
602400 5.61593
602550 5.61151
602700 5.61335
602850 5.60353
603000 5.59791
603150 5.58972
603300 5.58033
603450 5.57295
603600 5.55798
603750 5.5589
603900 5.56105
604050 5.56326
604200 5.55705
604350 5.54657
604500 5.5384
604650 5.54022
604800 5.54051
604950 5.53157
605100 5.53248
605250 5.53099
605400 5.52649
605550 5.51675
605700 5.50658
605850 5.49373
606000 5.49369
606150 5.49289
606300 5.48794
606450 5.48679
606600 5.46329
606750 5.45635
606900 5.45141
607050 5.44184
607200 5.43928
607350 5.43416
607500 5.40655
607650 5.38987
607800 5.38777
607950 5.37951
608100 5.37829
608250 5.36869
608400 5.36453
608550 5.3535
608700 5.34633
608850 5.3403
609000 5.32447
609150 5.31797
609300 5.31277
609450 5.31044
609600 5.30499
609750 5.29685
609900 5.28818
610050 5.28771
610200 5.28705
610350 5.28528
610500 5.28747
610650 5.28331
610800 5.28284
610950 5.26936
611100 5.25609
611250 5.24131
611400 5.23999
611550 5.23659
611700 5.20808
611850 5.20696
612000 5.20147
612150 5.18718
612300 5.17655
612450 5.14752
612600 5.14172
612750 5.13363
612900 5.12612
613050 5.11948
613200 5.11872
613350 5.11674
613500 5.11749
613650 5.11736
613800 5.10582
613950 5.10276
614100 5.09675
614250 5.09238
614400 5.08814
614550 5.0821
614700 5.07966
614850 5.07925
615000 5.06578
615150 5.06043
615300 5.05641
615450 5.05839
615600 5.05129
615750 5.03059
615900 5.01897
616050 5.01824
616200 5.01371
616350 5.00577
616500 5.00069
616650 4.9901
616800 4.97559
616950 4.97381
617100 4.97634
617250 4.95303
617400 4.94441
617550 4.94965
617700 4.94026
617850 4.93935
618000 4.92334
618150 4.92466
618300 4.9149
618450 4.90231
618600 4.89569
618750 4.88404
618900 4.88087
619050 4.87623
619200 4.85456
619350 4.85584
619500 4.85647
619650 4.84403
619800 4.8438
619950 4.82292
620100 4.81674
620250 4.79727
620400 4.78854
620550 4.78678
620700 4.77757
620850 4.77507
621000 4.76857
621150 4.76335
621300 4.75812
621450 4.75325
621600 4.74886
621750 4.74428
621900 4.73953
622050 4.73243
622200 4.72778
622350 4.7233
622500 4.71664
622650 4.70992
622800 4.70539
622950 4.70108
623100 4.69949
623250 4.69141
623400 4.68686
623550 4.68161
623700 4.67174
623850 4.66336
624000 4.65471
624150 4.65181
624300 4.64682
624450 4.64393
624600 4.63555
624750 4.63235
624900 4.6272
625050 4.62748
625200 4.61371
625350 4.60161
625500 4.59509
625650 4.58874
625800 4.58069
625950 4.57439
626100 4.57301
626250 4.56055
626400 4.56038
626550 4.55105
626700 4.54786
626850 4.5446
627000 4.54116
627150 4.54077
627300 4.54002
627450 4.53765
627600 4.52816
627750 4.52704
627900 4.52241
628050 4.51559
628200 4.51172
628350 4.49527
628500 4.49204
628650 4.48976
628800 4.47839
628950 4.47705
629100 4.47639
629250 4.47564
629400 4.4712
629550 4.46853
629700 4.46463
629850 4.4619
630000 4.45984
630150 4.45653
630300 4.45347
630450 4.44848
630600 4.44679
630750 4.43926
630900 4.4352
631050 4.43208
631200 4.42839
631350 4.4258
631500 4.42422
631650 4.4225
631800 4.41867
631950 4.40177
632100 4.39482
632250 4.39248
632400 4.39251
632550 4.39251
632700 4.38234
632850 4.38105
633000 4.38152
633150 4.37761
633300 4.37829
633450 4.37323
633600 4.37191
633750 4.37034
633900 4.3676
634050 4.36212
634200 4.35617
634350 4.35246
634500 4.35202
634650 4.35068
634800 4.34452
634950 4.34091
635100 4.3358
635250 4.33077
635400 4.32229
635550 4.31921
635700 4.31588
635850 4.31382
636000 4.3118
636150 4.30538
636300 4.29395
636450 4.28931
636600 4.28804
636750 4.28627
636900 4.27586
637050 4.26563
637200 4.26143
637350 4.25622
637500 4.25238
637650 4.24895
637800 4.24353
637950 4.23613
638100 4.2342
638250 4.23007
638400 4.22915
638550 4.22432
638700 4.21915
638850 4.21488
639000 4.20967
639150 4.20954
639300 4.20818
639450 4.20627
639600 4.20693
639750 4.19808
639900 4.19526
640050 4.19072
640200 4.19145
640350 4.18284
640500 4.18042
640650 4.16594
640800 4.16453
640950 4.16386
641100 4.16365
641250 4.15591
641400 4.14768
641550 4.14224
641700 4.14079
641850 4.13956
642000 4.13859
642150 4.13517
642300 4.13208
642450 4.12589
642600 4.12313
642750 4.12046
642900 4.11766
643050 4.11438
643200 4.11068
643350 4.10335
643500 4.10116
643650 4.08781
643800 4.08596
643950 4.08401
644100 4.08381
644250 4.08019
644400 4.07495
644550 4.06899
644700 4.0664
644850 4.06484
645000 4.06298
645150 4.05921
645300 4.05375
645450 4.05263
645600 4.0515
645750 4.04891
645900 4.04565
646050 4.04429
646200 4.04456
646350 4.03432
646500 4.03075
646650 4.02724
646800 4.02279
646950 4.01416
647100 4.01269
647250 4.00202
647400 3.9944
647550 3.99064
647700 3.98273
647850 3.97957
648000 3.97482
648150 3.97133
648300 3.97044
648450 3.96668
648600 3.96159
648750 3.96121
648900 3.9613
649050 3.95909
649200 3.95492
649350 3.95379
649500 3.95145
649650 3.94904
649800 3.9464
649950 3.94255
650100 3.94185
650250 3.93926
650400 3.93536
650550 3.93288
650700 3.93145
650850 3.92711
651000 3.92385
651150 3.91932
651300 3.91782
651450 3.9164
651600 3.91416
651750 3.91243
651900 3.91046
652050 3.90774
652200 3.90484
652350 3.90274
652500 3.89689
652650 3.8946
652800 3.8908
652950 3.88886
653100 3.88868
653250 3.88568
653400 3.8822
653550 3.87662
653700 3.87656
653850 3.87276
654000 3.87244
654150 3.86989
654300 3.86359
654450 3.86006
654600 3.85801
654750 3.85186
654900 3.85063
655050 3.84916
655200 3.84585
655350 3.83644
655500 3.83313
655650 3.83143
655800 3.82951
655950 3.82487
656100 3.82192
656250 3.82151
656400 3.8193
656550 3.81506
656700 3.81391
656850 3.80629
657000 3.80533
657150 3.80422
657300 3.80322
657450 3.79771
657600 3.79599
657750 3.7935
657900 3.79277
658050 3.79084
658200 3.78901
658350 3.7844
658500 3.78258
658650 3.77528
658800 3.77513
658950 3.77161
659100 3.76828
659250 3.7678
659400 3.7615
659550 3.75799
659700 3.75658
659850 3.75471
660000 3.75246
660150 3.74856
660300 3.74567
660450 3.74269
660600 3.73923
660750 3.73798
660900 3.732
661050 3.73233
661200 3.7303
661350 3.72921
661500 3.72587
661650 3.72391
661800 3.72284
661950 3.72115
662100 3.71579
662250 3.71332
662400 3.71003
662550 3.7086
662700 3.70432
662850 3.70253
663000 3.70323
663150 3.70187
663300 3.69861
663450 3.69402
663600 3.68959
663750 3.68308
663900 3.68169
664050 3.67768
664200 3.67447
664350 3.6735
664500 3.66993
664650 3.66659
664800 3.6656
664950 3.663
665100 3.65754
665250 3.65616
665400 3.65304
665550 3.65307
665700 3.65169
665850 3.64642
666000 3.64271
666150 3.6408
666300 3.6388
666450 3.63756
666600 3.63232
666750 3.62941
666900 3.62648
667050 3.62545
667200 3.62391
667350 3.62162
667500 3.61343
667650 3.61168
667800 3.60932
667950 3.60782
668100 3.60502
668250 3.60079
668400 3.59411
668550 3.59268
668700 3.59214
668850 3.58991
669000 3.59149
669150 3.58469
669300 3.5832
669450 3.58204
669600 3.58167
669750 3.57968
669900 3.57983
670050 3.57845
670200 3.57363
670350 3.57256
670500 3.56814
670650 3.56386
670800 3.56041
670950 3.55795
671100 3.5522
671250 3.54832
671400 3.54501
671550 3.54375
671700 3.54312
671850 3.53873
672000 3.53707
672150 3.53423
672300 3.53214
672450 3.52816
672600 3.52575
672750 3.52456
672900 3.52568
673050 3.52373
673200 3.52293
673350 3.52192
673500 3.51859
673650 3.51634
673800 3.51558
673950 3.51245
674100 3.50697
674250 3.50587
674400 3.50514
674550 3.50188
674700 3.49985
674850 3.49589
675000 3.48937
675150 3.48577
675300 3.48193
675450 3.47984
675600 3.47905
675750 3.47485
675900 3.47347
676050 3.46918
676200 3.46585
676350 3.46302
676500 3.46271
676650 3.46059
676800 3.4587
676950 3.45809
677100 3.45488
677250 3.45426
677400 3.45152
677550 3.44949
677700 3.44759
677850 3.44731
678000 3.4463
678150 3.4442
678300 3.44223
678450 3.44044
678600 3.43738
678750 3.43733
678900 3.43334
679050 3.43046
679200 3.42834
679350 3.42881
679500 3.42559
679650 3.42432
679800 3.42273
679950 3.41909
680100 3.41702
680250 3.41392
680400 3.41028
680550 3.40332
680700 3.40123
680850 3.39988
681000 3.39791
681150 3.39714
681300 3.39513
681450 3.39354
681600 3.39195
681750 3.38972
681900 3.38946
682050 3.3872
682200 3.38437
682350 3.38316
682500 3.38024
682650 3.37853
682800 3.37532
682950 3.37381
683100 3.37158
683250 3.37128
683400 3.36905
683550 3.36869
683700 3.36257
683850 3.35873
684000 3.35528
684150 3.35248
684300 3.3466
684450 3.34591
684600 3.34343
684750 3.34254
684900 3.3396
685050 3.33853
685200 3.33607
685350 3.33353
685500 3.33106
685650 3.33048
685800 3.32975
685950 3.32611
686100 3.32548
686250 3.32426
686400 3.32256
686550 3.32068
686700 3.32016
686850 3.31968
687000 3.31776
687150 3.31778
687300 3.31659
687450 3.31612
687600 3.3144
687750 3.31357
687900 3.31307
688050 3.30821
688200 3.30662
688350 3.29978
688500 3.29651
688650 3.29451
688800 3.2934
688950 3.29207
689100 3.28675
689250 3.28258
689400 3.28076
689550 3.27913
689700 3.27415
689850 3.27472
690000 3.27399
690150 3.27125
690300 3.26853
690450 3.26516
690600 3.26489
690750 3.26149
690900 3.25675
691050 3.25635
691200 3.25585
691350 3.25478
691500 3.25458
691650 3.25322
691800 3.25124
691950 3.25134
692100 3.24631
692250 3.24479
692400 3.24364
692550 3.24197
692700 3.24099
692850 3.2383
693000 3.23544
693150 3.23207
693300 3.22956
693450 3.22744
693600 3.2244
693750 3.22097
693900 3.21832
694050 3.21611
694200 3.21361
694350 3.21237
694500 3.2109
694650 3.20823
694800 3.20605
694950 3.20472
695100 3.20254
695250 3.19915
695400 3.19764
695550 3.19634
695700 3.19302
695850 3.19006
696000 3.18958
696150 3.18761
696300 3.18564
696450 3.18242
696600 3.18183
696750 3.17979
696900 3.17878
697050 3.17613
697200 3.17234
697350 3.17141
697500 3.17063
697650 3.16947
697800 3.16933
697950 3.16544
698100 3.16528
698250 3.16383
698400 3.16259
698550 3.1615
698700 3.15773
698850 3.15492
699000 3.15443
699150 3.15329
699300 3.1517
699450 3.15079
699600 3.14712
699750 3.14304
699900 3.14096
700050 3.13949
700200 3.13829
700350 3.13787
700500 3.13561
700650 3.13381
700800 3.1321
700950 3.12918
701100 3.12822
701250 3.12619
701400 3.12567
701550 3.12372
701700 3.12322
701850 3.11828
702000 3.1142
702150 3.11194
702300 3.11147
702450 3.11076
702600 3.11048
702750 3.10977
702900 3.10961
703050 3.10756
703200 3.10659
703350 3.10496
703500 3.10479
703650 3.10371
703800 3.10223
703950 3.10008
704100 3.09828
704250 3.09601
704400 3.09406
704550 3.09283
704700 3.08975
704850 3.08872
705000 3.08794
705150 3.08804
705300 3.08763
705450 3.08543
705600 3.08337
705750 3.08153
705900 3.08014
706050 3.07587
706200 3.07546
706350 3.07374
706500 3.07275
706650 3.07191
706800 3.07172
706950 3.07038
707100 3.07085
707250 3.07002
707400 3.06782
707550 3.06712
707700 3.06468
707850 3.0635
708000 3.06152
708150 3.05673
708300 3.05536
708450 3.05397
708600 3.05236
708750 3.0513
708900 3.05045
709050 3.04872
709200 3.04621
709350 3.04626
709500 3.04581
709650 3.04484
709800 3.04306
709950 3.04284
710100 3.0408
710250 3.03887
710400 3.03855
710550 3.03559
710700 3.03155
710850 3.02914
711000 3.02786
711150 3.0234
711300 3.02302
711450 3.02105
711600 3.01976
711750 3.01861
711900 3.01793
712050 3.0176
712200 3.01505
712350 3.01456
712500 3.01362
712650 3.01305
712800 3.01167
712950 3.01171
713100 3.01152
713250 3.01023
713400 3.00925
713550 3.00835
713700 3.00567
713850 3.00326
714000 3.00183
714150 3.0022
714300 3.00227
714450 3.00089
714600 2.9971
714750 2.99639
714900 2.99449
715050 2.99373
715200 2.9917
715350 2.99095
715500 2.98824
715650 2.98806
715800 2.98787
715950 2.98592
716100 2.98152
716250 2.97949
716400 2.97866
716550 2.97686
716700 2.97536
716850 2.97327
717000 2.97185
717150 2.96797
717300 2.96647
717450 2.96578
717600 2.96423
717750 2.96465
717900 2.96276
718050 2.96143
718200 2.96117
718350 2.9592
718500 2.95866
718650 2.95701
718800 2.95511
718950 2.95461
719100 2.95242
719250 2.95079
719400 2.94963
719550 2.94789
719700 2.9461
719850 2.94166
720000 2.93935
720150 2.93658
720300 2.93579
720450 2.93373
720600 2.9329
720750 2.93046
720900 2.92978
721050 2.92819
721200 2.92744
721350 2.92455
721500 2.92294
721650 2.92227
721800 2.92106
721950 2.91929
722100 2.91911
722250 2.91793
722400 2.91591
722550 2.91484
722700 2.91412
722850 2.91113
723000 2.91019
723150 2.90581
723300 2.90431
723450 2.90382
723600 2.90143
723750 2.90005
723900 2.8995
724050 2.89731
724200 2.89649
724350 2.89294
724500 2.89112
724650 2.88925
724800 2.88819
724950 2.88719
725100 2.8862
725250 2.88593
725400 2.8838
725550 2.88233
725700 2.88089
725850 2.87996
726000 2.87774
726150 2.87746
726300 2.8733
726450 2.87226
726600 2.86781
726750 2.86677
726900 2.86621
727050 2.86491
727200 2.86413
727350 2.86189
727500 2.86115
727650 2.86077
727800 2.86058
727950 2.86
728100 2.8583
728250 2.85656
728400 2.85576
728550 2.85314
728700 2.85193
728850 2.84968
729000 2.8478
729150 2.84711
729300 2.84642
729450 2.84561
729600 2.84347
729750 2.84318
729900 2.84039
730050 2.83733
730200 2.83608
730350 2.83515
730500 2.83485
730650 2.83443
730800 2.83298
730950 2.83172
731100 2.83125
731250 2.83021
731400 2.82905
731550 2.82823
731700 2.82793
731850 2.82653
732000 2.82622
732150 2.82627
732300 2.82326
732450 2.8206
732600 2.81799
732750 2.81732
732900 2.81427
733050 2.81158
733200 2.80847
733350 2.80767
733500 2.80622
733650 2.80504
733800 2.80354
733950 2.80265
734100 2.79984
734250 2.7987
734400 2.79861
734550 2.79805
734700 2.79703
734850 2.79565
735000 2.79091
735150 2.79025
735300 2.78855
735450 2.78727
735600 2.78627
735750 2.78521
735900 2.78344
736050 2.78293
736200 2.77894
736350 2.77707
736500 2.77623
736650 2.77631
736800 2.77592
736950 2.77553
737100 2.77371
737250 2.7711
737400 2.77052
737550 2.77016
737700 2.76951
737850 2.76777
738000 2.76642
738150 2.76463
738300 2.76347
738450 2.76171
738600 2.75992
738750 2.75761
738900 2.75644
739050 2.75518
739200 2.7537
739350 2.75311
739500 2.75307
739650 2.75212
739800 2.75152
739950 2.75073
740100 2.75083
740250 2.74875
740400 2.74879
740550 2.74808
740700 2.74566
740850 2.74413
741000 2.74376
741150 2.74166
741300 2.73918
741450 2.73758
741600 2.73561
741750 2.73384
741900 2.73232
742050 2.73121
742200 2.73156
742350 2.72988
742500 2.72873
742650 2.72744
742800 2.7264
742950 2.72557
743100 2.72443
743250 2.72273
743400 2.72193
743550 2.71941
743700 2.71775
743850 2.715
744000 2.71371
744150 2.7133
744300 2.71229
744450 2.71174
744600 2.71014
744750 2.70846
744900 2.70717
745050 2.70568
745200 2.70519
745350 2.70439
745500 2.70324
745650 2.70204
745800 2.70066
745950 2.69927
746100 2.69819
746250 2.69784
746400 2.69805
746550 2.69673
746700 2.69498
746850 2.69391
747000 2.69316
747150 2.69287
747300 2.69219
747450 2.69147
747600 2.69094
747750 2.6905
747900 2.68934
748050 2.68759
748200 2.6873
748350 2.68571
748500 2.6843
748650 2.68379
748800 2.68341
748950 2.6822
749100 2.68159
749250 2.68112
749400 2.67949
749550 2.67801
749700 2.67738
749850 2.67554
750000 2.67488
750150 2.67393
750300 2.67303
750450 2.67145
750600 2.66809
750750 2.66668
750900 2.66529
751050 2.66573
751200 2.66446
751350 2.66314
751500 2.66256
751650 2.66152
751800 2.65924
751950 2.65746
752100 2.65663
752250 2.65411
752400 2.65364
752550 2.65284
752700 2.65217
752850 2.65063
753000 2.64974
753150 2.64877
753300 2.64789
753450 2.64714
753600 2.64589
753750 2.64511
753900 2.64489
754050 2.64327
754200 2.64304
754350 2.6425
754500 2.6417
754650 2.64085
754800 2.64085
754950 2.64
755100 2.63777
755250 2.63684
755400 2.63468
755550 2.63357
755700 2.63267
755850 2.63241
756000 2.63195
756150 2.63024
756300 2.62801
756450 2.6264
756600 2.62477
756750 2.62424
756900 2.62276
757050 2.62226
757200 2.62135
757350 2.61998
757500 2.61905
757650 2.61848
757800 2.61754
757950 2.6171
758100 2.61394
758250 2.61389
758400 2.61282
758550 2.61142
758700 2.61054
758850 2.60614
759000 2.60546
759150 2.60433
759300 2.60294
759450 2.60209
759600 2.6014
759750 2.60023
759900 2.59961
760050 2.59842
760200 2.59742
760350 2.59602
760500 2.59391
760650 2.59304
760800 2.59184
760950 2.59198
761100 2.5918
761250 2.5911
761400 2.59016
761550 2.58744
761700 2.58668
761850 2.58586
762000 2.58555
762150 2.58221
762300 2.58116
762450 2.58089
762600 2.5798
762750 2.57884
762900 2.57796
763050 2.57659
763200 2.5763
763350 2.57502
763500 2.57277
763650 2.57116
763800 2.56921
763950 2.5684
764100 2.56779
764250 2.56773
764400 2.56613
764550 2.5657
764700 2.56519
764850 2.56472
765000 2.56414
765150 2.56099
765300 2.56013
765450 2.55933
765600 2.55819
765750 2.55679
765900 2.5563
766050 2.55489
766200 2.55404
766350 2.55358
766500 2.55242
766650 2.55181
766800 2.55055
766950 2.55067
767100 2.54951
767250 2.54813
767400 2.5469
767550 2.54566
767700 2.54262
767850 2.54213
768000 2.54067
768150 2.53909
768300 2.53816
768450 2.53724
768600 2.53456
768750 2.53117
768900 2.53045
769050 2.53013
769200 2.53024
769350 2.53003
769500 2.52955
769650 2.52905
769800 2.52822
769950 2.52733
770100 2.52691
770250 2.52553
770400 2.52463
770550 2.5242
770700 2.52303
770850 2.52121
771000 2.52119
771150 2.52029
771300 2.51918
771450 2.51862
771600 2.51723
771750 2.51624
771900 2.51594
772050 2.51594
772200 2.51454
772350 2.51377
772500 2.51267
772650 2.51216
772800 2.51113
772950 2.50955
773100 2.50876
773250 2.50681
773400 2.50637
773550 2.5057
773700 2.50474
773850 2.50323
774000 2.50235
774150 2.50162
774300 2.50005
774450 2.49938
774600 2.49863
774750 2.49816
774900 2.49689
775050 2.49523
775200 2.49314
775350 2.4922
775500 2.49197
775650 2.49116
775800 2.48909
775950 2.48859
776100 2.4881
776250 2.48721
776400 2.48562
776550 2.48506
776700 2.48461
776850 2.48425
777000 2.48294
777150 2.4825
777300 2.48035
777450 2.47867
777600 2.47803
777750 2.47691
777900 2.47695
778050 2.4766
778200 2.47594
778350 2.47515
778500 2.47435
778650 2.47337
778800 2.47256
778950 2.47129
779100 2.47045
779250 2.46955
779400 2.46835
779550 2.4683
779700 2.46688
779850 2.46616
780000 2.46503
780150 2.4647
780300 2.46448
780450 2.46383
780600 2.4634
780750 2.46085
780900 2.4596
781050 2.45826
781200 2.45707
781350 2.45632
781500 2.45537
781650 2.45441
781800 2.45361
781950 2.45254
782100 2.45089
782250 2.45037
782400 2.45036
782550 2.44873
782700 2.44629
782850 2.44529
783000 2.44468
783150 2.44347
783300 2.44248
783450 2.44161
783600 2.44065
783750 2.43883
783900 2.43807
784050 2.43718
784200 2.43515
784350 2.4351
784500 2.43427
784650 2.43332
784800 2.43263
784950 2.43211
785100 2.43128
785250 2.43079
785400 2.43017
785550 2.42934
785700 2.42877
785850 2.42792
786000 2.42701
786150 2.42633
786300 2.42586
786450 2.4254
786600 2.42379
786750 2.42285
786900 2.42261
787050 2.42171
787200 2.42087
787350 2.42047
787500 2.41959
787650 2.41969
787800 2.41866
787950 2.41643
788100 2.41604
788250 2.41512
788400 2.4142
788550 2.41321
788700 2.41171
788850 2.41118
789000 2.41009
789150 2.40994
789300 2.40864
789450 2.40622
789600 2.40567
789750 2.40509
789900 2.40472
790050 2.404
790200 2.40189
790350 2.40112
790500 2.3994
790650 2.39909
790800 2.39888
790950 2.39832
791100 2.3976
791250 2.3969
791400 2.39633
791550 2.39544
791700 2.39433
791850 2.39272
792000 2.39226
792150 2.39172
792300 2.39063
792450 2.3904
792600 2.38943
792750 2.38842
792900 2.38729
793050 2.38571
793200 2.38327
793350 2.38333
793500 2.38201
793650 2.38118
793800 2.38051
793950 2.37991
794100 2.37953
794250 2.37852
794400 2.37786
794550 2.37676
794700 2.3768
794850 2.376
795000 2.37559
795150 2.37484
795300 2.37389
795450 2.37282
795600 2.37229
795750 2.37101
795900 2.37051
796050 2.36971
796200 2.36932
796350 2.36785
796500 2.36735
796650 2.36647
796800 2.36602
796950 2.36542
797100 2.36476
797250 2.36285
797400 2.36212
797550 2.36039
797700 2.35943
797850 2.35898
798000 2.35769
798150 2.35733
798300 2.35659
798450 2.35666
798600 2.35513
798750 2.35418
798900 2.35335
799050 2.35336
799200 2.35259
799350 2.35165
799500 2.35053
799650 2.35013
799800 2.34952
799950 2.34799
800100 2.34682
800250 2.34601
800400 2.34594
800550 2.34535
800700 2.34452
800850 2.34397
801000 2.34275
801150 2.34272
801300 2.34196
801450 2.34052
801600 2.34055
801750 2.33981
801900 2.33899
802050 2.33874
802200 2.33788
802350 2.33726
802500 2.33639
802650 2.33594
802800 2.33555
802950 2.33484
803100 2.33392
803250 2.33346
803400 2.3332
803550 2.33247
803700 2.33105
803850 2.33021
804000 2.32932
804150 2.3282
804300 2.32764
804450 2.32679
804600 2.32614
804750 2.32539
804900 2.3254
805050 2.32408
805200 2.3235
805350 2.32311
805500 2.32226
805650 2.32138
805800 2.32087
805950 2.31994
806100 2.31917
806250 2.31844
806400 2.31747
806550 2.31674
806700 2.31529
806850 2.314
807000 2.3116
807150 2.31065
807300 2.31005
807450 2.30975
807600 2.30922
807750 2.30855
807900 2.30758
808050 2.30701
808200 2.30544
808350 2.30385
808500 2.30247
808650 2.3025
808800 2.30209
808950 2.30128
809100 2.30104
809250 2.30095
809400 2.30061
809550 2.29959
809700 2.29886
809850 2.29797
810000 2.2973
810150 2.2962
810300 2.29541
810450 2.2936
810600 2.29212
810750 2.29111
810900 2.29046
811050 2.29015
811200 2.2895
811350 2.28929
811500 2.28836
811650 2.28679
811800 2.28669
811950 2.28579
812100 2.28551
812250 2.28467
812400 2.28393
812550 2.28284
812700 2.28231
812850 2.28185
813000 2.28127
813150 2.27963
813300 2.27911
813450 2.27878
813600 2.27757
813750 2.2766
813900 2.27602
814050 2.2756
814200 2.27513
814350 2.27434
814500 2.27396
814650 2.27372
814800 2.27325
814950 2.27247
815100 2.2709
815250 2.26985
815400 2.26931
815550 2.26847
815700 2.26749
815850 2.26615
816000 2.26571
816150 2.26543
816300 2.26455
816450 2.26412
816600 2.26351
816750 2.26217
816900 2.26022
817050 2.25963
817200 2.2578
817350 2.25723
817500 2.25598
817650 2.25502
817800 2.25382
817950 2.25289
818100 2.252
818250 2.25152
818400 2.25044
818550 2.24972
818700 2.2487
818850 2.24816
819000 2.24822
819150 2.24772
819300 2.24721
819450 2.24627
819600 2.24608
819750 2.2455
819900 2.24503
820050 2.24376
820200 2.2427
820350 2.24206
820500 2.24157
820650 2.24092
820800 2.24048
820950 2.23983
821100 2.23922
821250 2.23771
821400 2.23686
821550 2.23557
821700 2.23489
821850 2.23413
822000 2.23236
822150 2.2324
822300 2.23193
822450 2.23069
822600 2.22972
822750 2.22982
822900 2.22817
823050 2.22708
823200 2.22681
823350 2.22596
823500 2.22574
823650 2.22548
823800 2.22448
823950 2.22423
824100 2.22343
824250 2.22306
824400 2.22216
824550 2.22121
824700 2.2203
824850 2.21948
825000 2.2191
825150 2.21854
825300 2.21696
825450 2.21534
825600 2.21437
825750 2.2136
825900 2.21284
826050 2.21292
826200 2.21203
826350 2.21122
826500 2.21099
826650 2.2092
826800 2.20879
826950 2.20842
827100 2.20765
827250 2.20698
827400 2.20667
827550 2.20627
827700 2.20543
827850 2.20543
828000 2.20514
828150 2.20459
828300 2.20414
828450 2.20381
828600 2.20254
828750 2.20249
828900 2.20188
829050 2.20155
829200 2.20082
829350 2.2001
829500 2.19938
829650 2.19841
829800 2.19832
829950 2.19767
830100 2.19723
830250 2.19652
830400 2.19609
830550 2.1953
830700 2.1941
830850 2.19335
831000 2.19219
831150 2.19137
831300 2.19093
831450 2.19071
831600 2.19056
831750 2.19005
831900 2.18995
832050 2.18914
832200 2.18825
832350 2.1879
832500 2.18793
832650 2.1874
832800 2.18734
832950 2.18606
833100 2.18544
833250 2.18505
833400 2.18446
833550 2.18334
833700 2.18221
833850 2.18148
834000 2.17979
834150 2.17968
834300 2.17889
834450 2.17854
834600 2.17721
834750 2.1761
834900 2.17455
835050 2.17418
835200 2.17429
835350 2.173
835500 2.1729
835650 2.17256
835800 2.17253
835950 2.17177
836100 2.171
836250 2.17041
836400 2.16971
836550 2.16789
836700 2.16763
836850 2.16735
837000 2.16702
837150 2.16665
837300 2.16596
837450 2.16549
837600 2.16392
837750 2.16358
837900 2.16268
838050 2.16241
838200 2.16174
838350 2.16116
838500 2.16049
838650 2.16009
838800 2.15884
838950 2.15831
839100 2.15755
839250 2.15647
839400 2.15621
839550 2.15489
839700 2.15412
839850 2.15378
840000 2.1532
840150 2.15229
840300 2.15201
840450 2.15082
840600 2.15037
840750 2.14999
840900 2.14914
841050 2.14775
841200 2.14733
841350 2.14681
841500 2.14562
841650 2.14403
841800 2.14341
841950 2.14278
842100 2.14237
842250 2.14184
842400 2.1413
842550 2.14065
842700 2.14072
842850 2.14014
843000 2.13952
843150 2.13849
843300 2.13779
843450 2.13715
843600 2.13685
843750 2.13551
843900 2.13502
844050 2.13463
844200 2.13463
844350 2.13403
844500 2.13329
844650 2.13268
844800 2.13236
844950 2.13155
845100 2.13121
845250 2.12944
845400 2.12885
845550 2.12834
845700 2.12774
845850 2.127
846000 2.12651
846150 2.12612
846300 2.12555
846450 2.12491
846600 2.12448
846750 2.12414
846900 2.12317
847050 2.12205
847200 2.12152
847350 2.12062
847500 2.12025
847650 2.11963
847800 2.11835
847950 2.11769
848100 2.11728
848250 2.11643
848400 2.11615
848550 2.11468
848700 2.11374
848850 2.11366
849000 2.11351
849150 2.11313
849300 2.11219
849450 2.11133
849600 2.11029
849750 2.10968
849900 2.10939
850050 2.10902
850200 2.10798
850350 2.10812
850500 2.10763
850650 2.10661
850800 2.10616
850950 2.10542
851100 2.10508
851250 2.10433
851400 2.10467
851550 2.10434
851700 2.10392
851850 2.10351
852000 2.10273
852150 2.10223
852300 2.10197
852450 2.10105
852600 2.10064
852750 2.10021
852900 2.09923
853050 2.09891
853200 2.0986
853350 2.09806
853500 2.09801
853650 2.09726
853800 2.09624
853950 2.09517
854100 2.09461
854250 2.09377
854400 2.09265
854550 2.09217
854700 2.09064
854850 2.09042
855000 2.09025
855150 2.08938
855300 2.08915
855450 2.08841
855600 2.08814
855750 2.08731
855900 2.08626
856050 2.08566
856200 2.08514
856350 2.08452
856500 2.08394
856650 2.08299
856800 2.08281
856950 2.08242
857100 2.08184
857250 2.08099
857400 2.08001
857550 2.07944
857700 2.07841
857850 2.07781
858000 2.07772
858150 2.07743
858300 2.07723
858450 2.07647
858600 2.07561
858750 2.07535
858900 2.07491
859050 2.07416
859200 2.07371
859350 2.07241
859500 2.07139
859650 2.07093
859800 2.07045
859950 2.06997
860100 2.06979
860250 2.06885
860400 2.06823
860550 2.06805
860700 2.06745
860850 2.0667
861000 2.06611
861150 2.06523
861300 2.06492
861450 2.06447
861600 2.06393
861750 2.06329
861900 2.06248
862050 2.06223
862200 2.06183
862350 2.06126
862500 2.05991
862650 2.05957
862800 2.05942
862950 2.05882
863100 2.05822
863250 2.05803
863400 2.05736
863550 2.05665
863700 2.05651
863850 2.05574
864000 2.05554
864150 2.05439
864300 2.05379
864450 2.05335
864600 2.05264
864750 2.0524
864900 2.0519
865050 2.0509
865200 2.0503
865350 2.04947
865500 2.04846
865650 2.04762
865800 2.04759
865950 2.04636
866100 2.04561
866250 2.04502
866400 2.04477
866550 2.04423
866700 2.04362
866850 2.04351
867000 2.04312
867150 2.04274
867300 2.04199
867450 2.04126
867600 2.04094
867750 2.04024
867900 2.03984
868050 2.03953
868200 2.03877
868350 2.03798
868500 2.03717
868650 2.03678
868800 2.03633
868950 2.0351
869100 2.03401
869250 2.03366
869400 2.03371
869550 2.03283
869700 2.03283
869850 2.0324
870000 2.03194
870150 2.03164
870300 2.03083
870450 2.03033
870600 2.02951
870750 2.029
870900 2.02819
871050 2.02801
871200 2.02785
871350 2.02667
871500 2.02638
871650 2.02592
871800 2.02523
871950 2.02449
872100 2.02405
872250 2.02312
872400 2.02314
872550 2.02284
872700 2.02207
872850 2.02122
873000 2.02086
873150 2.02042
873300 2.02019
873450 2.01973
873600 2.01908
873750 2.01836
873900 2.01796
874050 2.0175
874200 2.01663
874350 2.01645
874500 2.01583
874650 2.01509
874800 2.01378
874950 2.01281
875100 2.01179
875250 2.01147
875400 2.01038
875550 2.01012
875700 2.0095
875850 2.0089
876000 2.00782
876150 2.00687
876300 2.00657
876450 2.00656
876600 2.00519
876750 2.00496
876900 2.00424
877050 2.00385
877200 2.00321
877350 2.00272
877500 2.00224
877650 2.00164
877800 2.00132
877950 2.00089
878100 2.00062
878250 2.00022
878400 1.99908
878550 1.99782
878700 1.99746
878850 1.99699
879000 1.99677
879150 1.99649
879300 1.9962
879450 1.99569
879600 1.99511
879750 1.99423
879900 1.99267
880050 1.99185
880200 1.9912
880350 1.99061
880500 1.98984
880650 1.98934
880800 1.98846
880950 1.98852
881100 1.98792
881250 1.98721
881400 1.98669
881550 1.98641
881700 1.98544
881850 1.98515
882000 1.98412
882150 1.98382
882300 1.98345
882450 1.98319
882600 1.98258
882750 1.9822
882900 1.98186
883050 1.98081
883200 1.98039
883350 1.97985
883500 1.97969
883650 1.97901
883800 1.97834
883950 1.97721
884100 1.97711
884250 1.97672
884400 1.97622
884550 1.97572
884700 1.97514
884850 1.97438
885000 1.974
885150 1.97348
885300 1.97303
885450 1.97276
885600 1.97201
885750 1.97181
885900 1.9714
886050 1.97074
886200 1.97091
886350 1.97054
886500 1.9693
886650 1.96918
886800 1.96848
886950 1.96743
887100 1.96649
887250 1.96601
887400 1.9654
887550 1.96514
887700 1.965
887850 1.96422
888000 1.96368
888150 1.96247
888300 1.962
888450 1.96203
888600 1.96161
888750 1.96145
888900 1.96067
889050 1.95974
889200 1.95945
889350 1.95891
889500 1.95848
889650 1.95802
889800 1.95765
889950 1.95729
890100 1.95724
890250 1.95669
890400 1.95648
890550 1.95627
890700 1.95599
890850 1.95556
891000 1.95449
891150 1.95466
891300 1.95399
891450 1.95372
891600 1.95304
891750 1.95298
891900 1.95266
892050 1.95219
892200 1.95196
892350 1.95157
892500 1.95082
892650 1.95044
892800 1.94999
892950 1.9493
893100 1.94863
893250 1.94786
893400 1.94769
893550 1.94702
893700 1.94673
893850 1.94653
894000 1.94584
894150 1.94532
894300 1.94431
894450 1.94436
894600 1.94413
894750 1.94412
894900 1.94366
895050 1.9435
895200 1.94303
895350 1.94255
895500 1.94155
895650 1.94151
895800 1.94126
895950 1.94049
896100 1.94013
896250 1.9396
896400 1.93944
896550 1.93933
896700 1.93882
896850 1.93842
897000 1.93813
897150 1.93791
897300 1.93737
897450 1.93677
897600 1.93587
897750 1.93534
897900 1.93511
898050 1.93517
898200 1.93471
898350 1.93397
898500 1.93332
898650 1.93292
898800 1.93193
898950 1.93114
899100 1.93079
899250 1.93043
899400 1.93017
899550 1.92976
899700 1.92948
899850 1.92928
900000 1.92843
900150 1.92825
900300 1.9281
900450 1.92754
900600 1.92719
900750 1.92724
900900 1.92703
901050 1.92625
901200 1.92559
901350 1.92526
901500 1.92518
901650 1.92495
901800 1.92425
901950 1.92352
902100 1.92318
902250 1.92321
902400 1.92278
902550 1.92235
902700 1.9217
902850 1.9209
903000 1.92035
903150 1.92007
903300 1.9197
903450 1.91913
903600 1.91879
903750 1.91837
903900 1.91844
904050 1.91824
904200 1.91786
904350 1.91779
904500 1.9175
904650 1.91665
904800 1.91585
904950 1.91499
905100 1.91393
905250 1.91365
905400 1.91339
905550 1.91332
905700 1.91302
905850 1.91273
906000 1.91251
906150 1.91185
906300 1.91102
906450 1.91055
906600 1.91007
906750 1.90976
906900 1.90947
907050 1.90923
907200 1.90824
907350 1.90781
907500 1.90754
907650 1.90722
907800 1.90693
907950 1.90677
908100 1.906
908250 1.90552
908400 1.90485
908550 1.90449
908700 1.90443
908850 1.90426
909000 1.90354
909150 1.90298
909300 1.9024
909450 1.90221
909600 1.90197
909750 1.90156
909900 1.90124
910050 1.90083
910200 1.90025
910350 1.89946
910500 1.89862
910650 1.89772
910800 1.89712
910950 1.89645
911100 1.8963
911250 1.89573
911400 1.89515
911550 1.89471
911700 1.89431
911850 1.89349
912000 1.89226
912150 1.89199
912300 1.89156
912450 1.89118
912600 1.89026
912750 1.88974
912900 1.8892
913050 1.8891
913200 1.88877
913350 1.88845
913500 1.88739
913650 1.88675
913800 1.88648
913950 1.88612
914100 1.88589
914250 1.88502
914400 1.88469
914550 1.88435
914700 1.88398
914850 1.88317
915000 1.88281
915150 1.88272
915300 1.8823
915450 1.88209
915600 1.88146
915750 1.88134
915900 1.88101
916050 1.88041
916200 1.88032
916350 1.87943
916500 1.87857
916650 1.87824
916800 1.87771
916950 1.87672
917100 1.87639
917250 1.87624
917400 1.87599
917550 1.87573
917700 1.87524
917850 1.87513
918000 1.87486
918150 1.87444
918300 1.8742
918450 1.87359
918600 1.87301
918750 1.8727
918900 1.8721
919050 1.87154
919200 1.87072
919350 1.86995
919500 1.86965
919650 1.86935
919800 1.86897
919950 1.86799
920100 1.86721
920250 1.86684
920400 1.86666
920550 1.86629
920700 1.8657
920850 1.86548
921000 1.86491
921150 1.86447
921300 1.86383
921450 1.86316
921600 1.86277
921750 1.86259
921900 1.86246
922050 1.86179
922200 1.86119
922350 1.86046
922500 1.86024
922650 1.85978
922800 1.85931
922950 1.85926
923100 1.85889
923250 1.85858
923400 1.85774
923550 1.85744
923700 1.85705
923850 1.85666
924000 1.8565
924150 1.85579
924300 1.85554
924450 1.85525
924600 1.85483
924750 1.85448
924900 1.85417
925050 1.85405
925200 1.85307
925350 1.85261
925500 1.85243
925650 1.85191
925800 1.8515
925950 1.85124
926100 1.85094
926250 1.85041
926400 1.8497
926550 1.8491
926700 1.84903
926850 1.8485
927000 1.84837
927150 1.84793
927300 1.84716
927450 1.84639
927600 1.84623
927750 1.84597
927900 1.84575
928050 1.84504
928200 1.84441
928350 1.84418
928500 1.84358
928650 1.84272
928800 1.84221
928950 1.84198
929100 1.84169
929250 1.84131
929400 1.84101
929550 1.84077
929700 1.84079
929850 1.84009
930000 1.8399
930150 1.83932
930300 1.83842
930450 1.83796
930600 1.83761
930750 1.83729
930900 1.83676
931050 1.83605
931200 1.83596
931350 1.8355
931500 1.83504
931650 1.83477
931800 1.83465
931950 1.8341
932100 1.83389
932250 1.8336
932400 1.83327
932550 1.83308
932700 1.83282
932850 1.83209
933000 1.83201
933150 1.83119
933300 1.83051
933450 1.83016
933600 1.8296
933750 1.8292
933900 1.82893
934050 1.82848
934200 1.82816
934350 1.82801
934500 1.82745
934650 1.82693
934800 1.82639
934950 1.82622
935100 1.82593
935250 1.82589
935400 1.8254
935550 1.82531
935700 1.82512
935850 1.82523
936000 1.82481
936150 1.82439
936300 1.82356
936450 1.82323
936600 1.82267
936750 1.82255
936900 1.82151
937050 1.82123
937200 1.82105
937350 1.82091
937500 1.82106
937650 1.82053
937800 1.82036
937950 1.81971
938100 1.81916
938250 1.81883
938400 1.81832
938550 1.81812
938700 1.8176
938850 1.81735
939000 1.81687
939150 1.81655
939300 1.81617
939450 1.81577
939600 1.81523
939750 1.81492
939900 1.81432
940050 1.81435
940200 1.81414
940350 1.81412
940500 1.81381
940650 1.81317
940800 1.81294
940950 1.81274
941100 1.81205
941250 1.81181
941400 1.81171
941550 1.81123
941700 1.81077
941850 1.81009
942000 1.80979
942150 1.80962
942300 1.80923
942450 1.80863
942600 1.80829
942750 1.80798
942900 1.80752
943050 1.80726
943200 1.80716
943350 1.80663
943500 1.80643
943650 1.80595
943800 1.80544
943950 1.80499
944100 1.80459
944250 1.80392
944400 1.80353
944550 1.8032
944700 1.80316
944850 1.80299
945000 1.80282
945150 1.80232
945300 1.80174
945450 1.80156
945600 1.80127
945750 1.80055
945900 1.80043
946050 1.79937
946200 1.79897
946350 1.79865
946500 1.79829
946650 1.79792
946800 1.79754
946950 1.79735
947100 1.79705
947250 1.79668
947400 1.79624
947550 1.79595
947700 1.79557
947850 1.79531
948000 1.79479
948150 1.79448
948300 1.79428
948450 1.79385
948600 1.79345
948750 1.79324
948900 1.79278
949050 1.79277
949200 1.79267
949350 1.79188
949500 1.79134
949650 1.79104
949800 1.79087
949950 1.79068
950100 1.79034
950250 1.7901
950400 1.7898
950550 1.78914
950700 1.78862
950850 1.78814
951000 1.78771
951150 1.78757
951300 1.78724
951450 1.78671
951600 1.78666
951750 1.78661
951900 1.78637
952050 1.78591
952200 1.78504
952350 1.78435
952500 1.78413
952650 1.78376
952800 1.78356
952950 1.7835
953100 1.78294
953250 1.78263
953400 1.78252
953550 1.78232
953700 1.78193
953850 1.78168
954000 1.78129
954150 1.78063
954300 1.78055
954450 1.78024
954600 1.7801
954750 1.77985
954900 1.7796
955050 1.77896
955200 1.77878
955350 1.77884
955500 1.77861
955650 1.77814
955800 1.77797
955950 1.77749
956100 1.77695
956250 1.77656
956400 1.7762
956550 1.77542
956700 1.77507
956850 1.77473
957000 1.77449
957150 1.7745
957300 1.77404
957450 1.77375
957600 1.77334
957750 1.77304
957900 1.77292
958050 1.77273
958200 1.77235
958350 1.772
958500 1.77196
958650 1.77151
958800 1.77105
958950 1.7705
959100 1.77002
959250 1.76904
959400 1.7686
959550 1.76845
959700 1.76824
959850 1.76815
960000 1.76781
960150 1.76749
960300 1.76718
960450 1.76659
960600 1.7662
960750 1.76565
960900 1.76506
961050 1.76487
961200 1.76458
961350 1.76428
961500 1.76408
961650 1.7636
961800 1.76326
961950 1.76282
962100 1.76254
962250 1.7623
962400 1.76188
962550 1.76151
962700 1.76113
962850 1.7607
963000 1.76032
963150 1.76009
963300 1.76
963450 1.75916
963600 1.7588
963750 1.75835
963900 1.75825
964050 1.75819
964200 1.75806
964350 1.75804
964500 1.75783
964650 1.75773
964800 1.75761
964950 1.75701
965100 1.75655
965250 1.75619
965400 1.75562
965550 1.75523
965700 1.75518
965850 1.75497
966000 1.75472
966150 1.75423
966300 1.75369
966450 1.75315
966600 1.7529
966750 1.75205
966900 1.75166
967050 1.75121
967200 1.75097
967350 1.7506
967500 1.75048
967650 1.75048
967800 1.75003
967950 1.74935
968100 1.74896
968250 1.74828
968400 1.74783
968550 1.74739
968700 1.74728
968850 1.74712
969000 1.74703
969150 1.74661
969300 1.74621
969450 1.74592
969600 1.746
969750 1.74494
969900 1.74462
970050 1.74424
970200 1.74401
970350 1.74389
970500 1.74337
970650 1.7432
970800 1.74312
970950 1.7428
971100 1.74256
971250 1.74228
971400 1.74205
971550 1.74179
971700 1.74137
971850 1.74104
972000 1.74103
972150 1.74089
972300 1.7407
972450 1.74043
972600 1.74037
972750 1.74025
972900 1.73978
973050 1.73955
973200 1.73913
973350 1.73866
973500 1.73852
973650 1.73848
973800 1.73836
973950 1.73806
974100 1.7376
974250 1.73727
974400 1.73702
974550 1.73654
974700 1.73613
974850 1.73587
975000 1.73555
975150 1.73546
975300 1.73522
975450 1.7348
975600 1.73414
975750 1.73349
975900 1.73334
976050 1.73299
976200 1.73274
976350 1.73222
976500 1.73206
976650 1.7318
976800 1.73164
976950 1.73135
977100 1.73115
977250 1.73076
977400 1.73046
977550 1.73021
977700 1.72997
977850 1.72943
978000 1.72908
978150 1.72881
978300 1.72857
978450 1.72838
978600 1.72844
978750 1.72814
978900 1.72769
979050 1.72758
979200 1.72724
979350 1.7268
979500 1.72656
979650 1.72645
979800 1.72643
979950 1.72594
980100 1.72505
980250 1.72463
980400 1.72405
980550 1.72368
980700 1.72344
980850 1.72329
981000 1.72302
981150 1.72252
981300 1.72234
981450 1.72204
981600 1.72185
981750 1.72171
981900 1.72131
982050 1.72119
982200 1.72107
982350 1.7207
982500 1.72032
982650 1.72016
982800 1.71999
982950 1.7196
983100 1.71947
983250 1.71912
983400 1.71847
983550 1.71834
983700 1.71824
983850 1.7175
984000 1.71709
984150 1.71684
984300 1.71682
984450 1.71652
984600 1.71641
984750 1.71584
984900 1.71545
985050 1.71483
985200 1.71446
985350 1.71431
985500 1.71381
985650 1.71346
985800 1.7128
985950 1.71229
986100 1.71181
986250 1.71132
986400 1.71094
986550 1.71085
986700 1.71065
986850 1.71038
987000 1.70976
987150 1.70937
987300 1.70892
987450 1.70856
987600 1.70834
987750 1.70819
987900 1.70814
988050 1.70773
988200 1.7077
988350 1.70748
988500 1.70716
988650 1.70665
988800 1.70652
988950 1.70631
989100 1.70579
989250 1.70545
989400 1.70534
989550 1.70492
989700 1.7046
989850 1.70447
990000 1.70414
990150 1.70365
990300 1.70348
990450 1.70312
990600 1.70273
990750 1.70167
990900 1.70141
991050 1.70139
991200 1.70073
991350 1.70012
991500 1.69966
991650 1.69923
991800 1.69907
991950 1.69892
992100 1.6985
992250 1.69799
992400 1.6976
992550 1.69728
992700 1.69678
992850 1.69615
993000 1.69594
993150 1.69576
993300 1.69544
993450 1.69506
993600 1.69476
993750 1.6947
993900 1.69448
994050 1.69428
994200 1.69382
994350 1.69352
994500 1.69326
994650 1.69273
994800 1.69259
994950 1.69248
995100 1.69237
995250 1.69219
995400 1.69182
995550 1.69159
995700 1.69149
995850 1.69076
996000 1.69051
996150 1.69042
996300 1.69034
996450 1.69
996600 1.68979
996750 1.68956
996900 1.68926
997050 1.68883
997200 1.68847
997350 1.68759
997500 1.6873
997650 1.6869
997800 1.6868
997950 1.6866
998100 1.68651
998250 1.68643
998400 1.68597
998550 1.68562
998700 1.68532
998850 1.68466
999000 1.68451
999150 1.68417
999300 1.68386
999450 1.68334
999600 1.6829
999750 1.68279
