0 1.00007
0.000234759 1.00015
0.000469517 1.00022
0.000704276 1.0006
0.000939035 1.00112
0.00117379 1.00134
0.00140855 1.00208
0.00164331 1.00238
0.00187807 1.00268
0.00211283 1.00298
0.00234759 1.00328
0.00258235 1.00357
0.0028171 1.00387
0.00305186 1.00417
0.00328662 1.00446
0.00352138 1.00476
0.00375614 1.00506
0.0039909 1.00535
0.00422566 1.00565
0.00446041 1.00594
0.00469517 1.00626
0.00492993 1.0066
0.00516469 1.00695
0.00539945 1.00725
0.00563421 1.00755
0.00586897 1.00786
0.00610373 1.00817
0.00633848 1.00847
0.00657324 1.00877
0.006808 1.00908
0.00704276 1.00938
0.00727752 1.00969
0.00751228 1.01
0.00774704 1.01031
0.0079818 1.01062
0.00821655 1.01093
0.00845131 1.01125
0.00868607 1.01155
0.00892083 1.01186
0.00915559 1.01217
0.00939035 1.01248
0.00962511 1.01279
0.00985986 1.0131
0.0100946 1.0134
0.0103294 1.01372
0.0105641 1.01403
0.0107989 1.01434
0.0110337 1.01464
0.0112684 1.01496
0.0115032 1.01525
0.0117379 1.01558
0.0119727 1.01589
0.0122075 1.01621
0.0124422 1.01652
0.012677 1.01683
0.0129117 1.01715
0.0131465 1.01746
0.0133812 1.01777
0.013616 1.01809
0.0138508 1.0184
0.0140855 1.0187
0.0143203 1.01901
0.014555 1.01935
0.0147898 1.01967
0.0150246 1.01999
0.0152593 1.0203
0.0154941 1.02062
0.0157288 1.02094
0.0159636 1.02126
0.0161983 1.02158
0.0164331 1.02189
0.0166679 1.02221
0.0169026 1.02253
0.0171374 1.02287
0.0173721 1.02319
0.0176069 1.0235
0.0178417 1.02382
0.0180764 1.02413
0.0183112 1.02445
0.0185459 1.02478
0.0187807 1.02508
0.0190155 1.02541
0.0192502 1.02573
0.019485 1.02605
0.0197197 1.02637
0.0199545 1.0267
0.0201892 1.02702
0.020424 1.02734
0.0206588 1.02766
0.0208935 1.02799
0.0211283 1.02831
0.021363 1.02864
0.0215978 1.02896
0.0218326 1.02928
0.0220673 1.0296
0.0223021 1.02992
0.0225368 1.03025
0.0227716 1.03058
0.0230064 1.03091
0.0232411 1.03123
0.0234759 1.03155
0.0237106 1.03188
0.0239454 1.0322
0.0241801 1.03252
0.0244149 1.03285
0.0246497 1.03318
0.0248844 1.03349
0.0251192 1.03382
0.0253539 1.03415
0.0255887 1.03449
0.0258235 1.03482
0.0260582 1.03515
0.026293 1.03548
0.0265277 1.03582
0.0267625 1.03613
0.0269972 1.03645
0.027232 1.03678
0.0274668 1.03711
0.0277015 1.03744
0.0279363 1.03777
0.028171 1.03811
0.0284058 1.03845
0.0286406 1.03878
0.0288753 1.03911
0.0291101 1.03945
0.0293448 1.03976
0.0295796 1.04008
0.0298144 1.04041
0.0300491 1.04074
0.0302839 1.04107
0.0305186 1.04142
0.0307534 1.04173
0.0309881 1.04212
0.0312229 1.04246
0.0314577 1.0428
0.0316924 1.04316
0.0319272 1.04346
0.0321619 1.0438
0.0323967 1.04416
0.0326315 1.0445
0.0328662 1.04484
0.033101 1.04518
0.0333357 1.04554
0.0335705 1.04587
0.0338053 1.04623
0.03404 1.04657
0.0342748 1.0469
0.0345095 1.04726
0.0347443 1.0476
0.034979 1.04793
0.0352138 1.04828
0.0354486 1.04859
0.0356833 1.04894
0.0359181 1.0493
0.0361528 1.04964
0.0363876 1.04998
0.0366224 1.05032
0.0368571 1.05067
0.0370919 1.05105
0.0373266 1.05139
0.0375614 1.05173
0.0377961 1.05207
0.0380309 1.05241
0.0382657 1.05274
0.0385004 1.05307
0.0387352 1.05341
0.0389699 1.05375
0.0392047 1.05412
0.0394395 1.05446
0.0396742 1.05482
0.039909 1.05516
0.0401437 1.0555
0.0403785 1.05583
0.0406133 1.05617
0.040848 1.05653
0.0410828 1.05686
0.0413175 1.05719
0.0415523 1.05753
0.041787 1.05787
0.0420218 1.05824
0.0422566 1.05857
0.0424913 1.05892
0.0427261 1.05926
0.0429608 1.05955
0.0431956 1.05992
0.0434304 1.06027
0.0436651 1.06062
0.0438999 1.06097
0.0441346 1.06132
0.0443694 1.06165
0.0446041 1.06202
0.0448389 1.06236
0.0450737 1.06277
0.0453084 1.06311
0.0455432 1.06346
0.0457779 1.06381
0.0460127 1.06416
0.0462475 1.06446
0.0464822 1.06486
0.046717 1.06523
0.0469517 1.06559
0.0471865 1.06595
0.0474213 1.06631
0.047656 1.06665
0.0478908 1.06701
0.0481255 1.06735
0.0483603 1.06771
0.048595 1.06807
0.0488298 1.06841
0.0490646 1.06879
0.0492993 1.06913
0.0495341 1.06949
0.0497688 1.06987
0.0500036 1.07024
0.0502384 1.07061
0.0504731 1.07098
0.0507079 1.07135
0.0509426 1.07171
0.0511774 1.07197
0.0514122 1.07241
0.0516469 1.07277
0.0518817 1.07315
0.0521164 1.0735
0.0523512 1.07387
0.0525859 1.07423
0.0528207 1.0746
0.0530555 1.07496
0.0532902 1.07531
0.053525 1.07568
0.0537597 1.07605
0.0539945 1.0764
0.0542293 1.07677
0.054464 1.07713
0.0546988 1.07748
0.0549335 1.07784
0.0551683 1.07811
0.055403 1.07849
0.0556378 1.07887
0.0558726 1.07935
0.0561073 1.0796
0.0563421 1.08007
0.0565768 1.08043
0.0568116 1.0808
0.0570464 1.08118
0.0572811 1.08156
0.0575159 1.08195
0.0577506 1.08231
0.0579854 1.08266
0.0582202 1.08305
0.0584549 1.08342
0.0586897 1.08381
0.0589244 1.0842
0.0591592 1.08457
0.0593939 1.08493
0.0596287 1.08531
0.0598635 1.08567
0.0600982 1.08604
0.060333 1.08642
0.0605677 1.08681
0.0608025 1.08721
0.0610373 1.08759
0.061272 1.08794
0.0615068 1.08831
0.0617415 1.08868
0.0619763 1.08906
0.0622111 1.08943
0.0624458 1.08982
0.0626806 1.09017
0.0629153 1.09056
0.0631501 1.09093
0.0633848 1.09133
0.0636196 1.09169
0.0638544 1.09207
0.0640891 1.09244
0.0643239 1.09282
0.0645586 1.09319
0.0647934 1.09359
0.0650282 1.09396
0.0652629 1.09437
0.0654977 1.09477
0.0657324 1.09513
0.0659672 1.09552
0.0662019 1.0959
0.0664367 1.09628
0.0666715 1.09667
0.0669062 1.09704
0.067141 1.09742
0.0673757 1.09778
0.0676105 1.09817
0.0678453 1.09854
0.06808 1.09894
0.0683148 1.09932
0.0685495 1.0997
0.0687843 1.10009
0.0690191 1.10047
0.0692538 1.10086
0.0694886 1.10125
0.0697233 1.10166
0.0699581 1.10204
0.0701928 1.10241
0.0704276 1.10278
0.0706624 1.10318
0.0708971 1.10357
0.0711319 1.10395
0.0713666 1.10433
0.0716014 1.10471
0.0718362 1.10509
0.0720709 1.10548
0.0723057 1.10589
0.0725404 1.1063
0.0727752 1.10668
0.07301 1.10708
0.0732447 1.10744
0.0734795 1.10782
0.0737142 1.10821
0.073949 1.1086
0.0741837 1.10902
0.0744185 1.10942
0.0746533 1.10984
0.074888 1.11022
0.0751228 1.1106
0.0753575 1.11098
0.0755923 1.11138
0.0758271 1.11177
0.0760618 1.11215
0.0762966 1.11252
0.0765313 1.11291
0.0767661 1.11329
0.0770008 1.11371
0.0772356 1.11407
0.0774704 1.11446
0.0777051 1.11488
0.0779399 1.11528
0.0781746 1.11566
0.0784094 1.11606
0.0786442 1.11646
0.0788789 1.11688
0.0791137 1.1173
0.0793484 1.11751
0.0795832 1.11791
0.079818 1.1183
0.0800527 1.11883
0.0802875 1.11942
0.0805222 1.11982
0.080757 1.12023
0.0809917 1.12063
0.0812265 1.12104
0.0814613 1.12145
0.081696 1.12186
0.0819308 1.1223
0.0821655 1.12271
0.0824003 1.12311
0.0826351 1.12351
0.0828698 1.12393
0.0831046 1.12404
0.0833393 1.12443
0.0835741 1.12483
0.0838089 1.12523
0.0840436 1.12568
0.0842784 1.12643
0.0845131 1.12688
0.0847479 1.12731
0.0849826 1.12736
0.0852174 1.12817
0.0854522 1.12859
0.0856869 1.12899
0.0859217 1.12939
0.0861564 1.1298
0.0863912 1.12986
0.086626 1.13028
0.0868607 1.13073
0.0870955 1.13117
0.0873302 1.13157
0.087565 1.13197
0.0877997 1.13238
0.0880345 1.13284
0.0882693 1.13363
0.088504 1.13405
0.0887388 1.13446
0.0889735 1.13446
0.0892083 1.13467
0.0894431 1.13513
0.0896778 1.13553
0.0899126 1.13593
0.0901473 1.13698
0.0903821 1.13737
0.0906169 1.13717
0.0908516 1.13759
0.0910864 1.138
0.0913211 1.13842
0.0915559 1.13887
0.0917906 1.13931
0.0920254 1.13977
0.0922602 1.14059
0.0924949 1.14097
0.0927297 1.1414
0.0929644 1.14186
0.0931992 1.14232
0.093434 1.14298
0.0936687 1.1434
0.0939035 1.14383
0.0941382 1.14396
0.094373 1.1444
0.0946077 1.14484
0.0948425 1.14559
0.0950773 1.14568
0.095312 1.1461
0.0955468 1.14655
0.0957815 1.1467
0.0960163 1.14713
0.0962511 1.14785
0.0964858 1.14826
0.0967206 1.14869
0.0969553 1.14912
0.0971901 1.14934
0.0974249 1.14975
0.0976596 1.15021
0.0978944 1.15093
0.0981291 1.1518
0.0983639 1.15224
0.0985986 1.15266
0.0988334 1.15277
0.0990682 1.15321
0.0993029 1.15365
0.0995377 1.15374
0.0997724 1.15431
0.100007 1.15475
0.100242 1.15524
0.100477 1.1557
0.100711 1.15616
0.100946 1.15661
0.101181 1.15702
0.101416 1.15744
0.101651 1.15858
0.101885 1.15898
0.10212 1.15962
0.102355 1.15979
0.10259 1.16025
0.102824 1.16068
0.103059 1.16111
0.103294 1.16152
0.103529 1.16196
0.103763 1.16239
0.103998 1.16247
0.104233 1.1629
0.104468 1.16334
0.104702 1.16419
0.104937 1.1646
0.105172 1.16503
0.105407 1.16581
0.105641 1.16579
0.105876 1.16623
0.106111 1.16666
0.106346 1.16713
0.10658 1.16798
0.106815 1.1684
0.10705 1.16906
0.107285 1.16948
0.107519 1.16993
0.107754 1.17036
0.107989 1.17082
0.108224 1.17135
0.108459 1.1718
0.108693 1.17235
0.108928 1.17291
0.109163 1.17256
0.109398 1.173
0.109632 1.17422
0.109867 1.17465
0.110102 1.17435
0.110337 1.17481
0.110571 1.17524
0.110806 1.17581
0.111041 1.1767
0.111276 1.17716
0.11151 1.17767
0.111745 1.17849
0.11198 1.17892
0.112215 1.17935
0.112449 1.17989
0.112684 1.18037
0.112919 1.18089
0.113154 1.18134
0.113388 1.18185
0.113623 1.18149
0.113858 1.18203
0.114093 1.18252
0.114327 1.183
0.114562 1.18345
0.114797 1.18391
0.115032 1.18437
0.115267 1.1848
0.115501 1.18527
0.115736 1.1857
0.115971 1.18614
0.116206 1.18659
0.11644 1.18702
0.116675 1.1883
0.11691 1.18879
0.117145 1.18929
0.117379 1.18889
0.117614 1.19021
0.117849 1.19061
0.118084 1.19107
0.118318 1.19153
0.118553 1.19195
0.118788 1.1924
0.119023 1.19287
0.119257 1.19333
0.119492 1.19389
0.119727 1.19431
0.119962 1.1948
0.120196 1.1953
0.120431 1.19577
0.120666 1.19623
0.120901 1.19666
0.121135 1.1967
0.12137 1.19723
0.121605 1.19769
0.12184 1.19815
0.122075 1.1986
0.122309 1.19915
0.122544 1.19968
0.122779 1.20057
0.123014 1.20104
0.123248 1.20153
0.123483 1.20204
0.123718 1.20248
0.123953 1.20295
0.124187 1.20342
0.124422 1.20348
0.124657 1.20397
0.124892 1.20448
0.125126 1.20502
0.125361 1.20548
0.125596 1.20535
0.125831 1.2058
0.126065 1.20633
0.1263 1.2068
0.126535 1.20727
0.12677 1.20776
0.127004 1.20831
0.127239 1.20875
0.127474 1.2092
0.127709 1.21031
0.127943 1.2108
0.128178 1.2113
0.128413 1.21175
0.128648 1.21228
0.128883 1.21272
0.129117 1.21259
0.129352 1.21268
0.129587 1.21382
0.129822 1.2143
0.130056 1.21522
0.130291 1.21578
0.130526 1.21575
0.130761 1.21715
0.130995 1.21766
0.13123 1.21808
0.131465 1.21856
0.1317 1.21907
0.131934 1.21963
0.132169 1.22012
0.132404 1.22067
0.132639 1.22115
0.132873 1.22105
0.133108 1.22156
0.133343 1.22212
0.133578 1.22208
0.133812 1.22253
0.134047 1.22294
0.134282 1.22349
0.134517 1.22397
0.134751 1.22445
0.134986 1.22495
0.135221 1.22541
0.135456 1.22589
0.135691 1.22641
0.135925 1.22821
0.13616 1.22868
0.136395 1.22926
0.13663 1.22972
0.136864 1.23022
0.137099 1.23084
0.137334 1.23133
0.137569 1.23183
0.137803 1.23233
0.138038 1.23282
0.138273 1.23329
0.138508 1.23375
0.138742 1.23422
0.138977 1.23481
0.139212 1.23531
0.139447 1.23582
0.139681 1.2363
0.139916 1.23677
0.140151 1.23726
0.140386 1.23771
0.14062 1.23818
0.140855 1.23873
0.14109 1.23923
0.141325 1.23973
0.141559 1.24027
0.141794 1.2408
0.142029 1.24131
0.142264 1.24178
0.142499 1.24225
0.142733 1.24271
0.142968 1.24328
0.143203 1.24376
0.143438 1.24423
0.143672 1.24474
0.143907 1.24522
0.144142 1.24571
0.144377 1.24619
0.144611 1.24674
0.144846 1.24731
0.145081 1.24785
0.145316 1.24834
0.14555 1.2489
0.145785 1.24949
0.14602 1.24998
0.146255 1.25054
0.146489 1.25114
0.146724 1.25169
0.146959 1.25237
0.147194 1.25295
0.147428 1.25343
0.147663 1.25391
0.147898 1.25439
0.148133 1.25491
0.148367 1.25545
0.148602 1.25609
0.148837 1.2566
0.149072 1.25711
0.149307 1.2576
0.149541 1.25821
0.149776 1.25874
0.150011 1.25925
0.150246 1.25987
0.15048 1.26037
0.150715 1.26087
0.15095 1.26138
0.151185 1.26103
0.151419 1.26153
0.151654 1.26298
0.151889 1.2635
0.152124 1.26403
0.152358 1.26457
0.152593 1.26507
0.152828 1.26561
0.153063 1.26613
0.153297 1.26663
0.153532 1.2671
0.153767 1.26771
0.154002 1.26823
0.154236 1.26875
0.154471 1.2693
0.154706 1.26984
0.154941 1.27045
0.155175 1.27098
0.15541 1.27154
0.155645 1.27212
0.15588 1.2727
0.156115 1.27324
0.156349 1.27379
0.156584 1.2743
0.156819 1.27487
0.157054 1.27567
0.157288 1.27621
0.157523 1.27685
0.157758 1.27754
0.157993 1.27831
0.158227 1.27885
0.158462 1.27936
0.158697 1.27916
0.158932 1.27967
0.159166 1.28019
0.159401 1.28017
0.159636 1.28076
0.159871 1.28137
0.160105 1.28188
0.16034 1.2824
0.160575 1.28308
0.16081 1.28353
0.161044 1.28403
0.161279 1.28533
0.161514 1.28584
0.161749 1.28661
0.161983 1.28794
0.162218 1.28848
0.162453 1.28903
0.162688 1.28965
0.162923 1.28914
0.163157 1.2897
0.163392 1.29023
0.163627 1.2908
0.163862 1.29142
0.164096 1.2919
0.164331 1.29254
0.164566 1.29309
0.164801 1.29359
0.165035 1.29421
0.16527 1.29607
0.165505 1.29584
0.16574 1.29532
0.165974 1.29602
0.166209 1.29659
0.166444 1.29714
0.166679 1.29782
0.166913 1.29836
0.167148 1.29994
0.167383 1.30045
0.167618 1.29982
0.167852 1.30037
0.168087 1.30102
0.168322 1.30282
0.168557 1.30339
0.168791 1.30396
0.169026 1.30456
0.169261 1.30507
0.169496 1.3057
0.169731 1.30618
0.169965 1.30667
0.1702 1.30727
0.170435 1.30781
0.17067 1.3085
0.170904 1.30916
0.171139 1.30985
0.171374 1.31034
0.171609 1.31007
0.171843 1.31083
0.172078 1.31148
0.172313 1.31221
0.172548 1.31447
0.172782 1.31507
0.173017 1.31564
0.173252 1.31623
0.173487 1.31691
0.173721 1.31753
0.173956 1.31805
0.174191 1.31873
0.174426 1.31854
0.17466 1.31917
0.174895 1.31977
0.17513 1.32033
0.175365 1.32089
0.175599 1.3215
0.175834 1.32201
0.176069 1.32183
0.176304 1.32255
0.176539 1.32325
0.176773 1.32385
0.177008 1.32442
0.177243 1.32508
0.177478 1.32566
0.177712 1.32807
0.177947 1.32866
0.178182 1.32925
0.178417 1.32984
0.178651 1.33047
0.178886 1.3311
0.179121 1.3317
0.179356 1.33239
0.17959 1.33303
0.179825 1.33365
0.18006 1.33431
0.180295 1.33479
0.180529 1.3354
0.180764 1.33604
0.180999 1.33669
0.181234 1.33719
0.181468 1.33783
0.181703 1.33835
0.181938 1.33889
0.182173 1.33946
0.182407 1.34002
0.182642 1.34056
0.182877 1.34116
0.183112 1.34177
0.183347 1.34136
0.183581 1.34206
0.183816 1.34268
0.184051 1.34234
0.184286 1.34299
0.18452 1.34358
0.184755 1.34635
0.18499 1.34593
0.185225 1.34661
0.185459 1.34733
0.185694 1.34798
0.185929 1.34862
0.186164 1.3493
0.186398 1.34978
0.186633 1.34933
0.186868 1.3499
0.187103 1.35048
0.187337 1.35123
0.187572 1.35385
0.187807 1.35448
0.188042 1.35514
0.188276 1.35579
0.188511 1.35641
0.188746 1.35696
0.188981 1.35754
0.189215 1.35843
0.18945 1.35803
0.189685 1.35975
0.18992 1.36038
0.190155 1.3613
0.190389 1.36207
0.190624 1.36284
0.190859 1.36351
0.191094 1.36413
0.191328 1.36476
0.191563 1.3654
0.191798 1.3661
0.192033 1.36674
0.192267 1.36732
0.192502 1.36799
0.192737 1.36857
0.192972 1.36908
0.193206 1.36969
0.193441 1.37047
0.193676 1.3711
0.193911 1.37168
0.194145 1.37234
0.19438 1.37291
0.194615 1.37351
0.19485 1.37423
0.195084 1.37499
0.195319 1.37581
0.195554 1.37652
0.195789 1.37724
0.196024 1.37791
0.196258 1.37858
0.196493 1.37913
0.196728 1.37983
0.196963 1.38051
0.197197 1.38105
0.197432 1.38185
0.197667 1.38239
0.197902 1.38305
0.198136 1.38376
0.198371 1.38439
0.198606 1.3851
0.198841 1.38568
0.199075 1.38621
0.19931 1.38687
0.199545 1.38753
0.19978 1.38819
0.200014 1.38916
0.200249 1.38975
0.200484 1.39039
0.200719 1.39109
0.200953 1.39177
0.201188 1.39248
0.201423 1.39323
0.201658 1.39384
0.201892 1.3945
0.202127 1.39509
0.202362 1.39572
0.202597 1.39634
0.202832 1.39692
0.203066 1.3976
0.203301 1.39824
0.203536 1.39894
0.203771 1.39972
0.204005 1.40041
0.20424 1.40108
0.204475 1.40234
0.20471 1.4039
0.204944 1.40462
0.205179 1.40533
0.205414 1.4063
0.205649 1.40702
0.205883 1.40766
0.206118 1.40829
0.206353 1.40903
0.206588 1.40963
0.206822 1.41042
0.207057 1.41097
0.207292 1.41168
0.207527 1.41246
0.207761 1.41302
0.207996 1.41372
0.208231 1.41447
0.208466 1.41518
0.2087 1.41571
0.208935 1.41636
0.20917 1.41713
0.209405 1.41773
0.20964 1.41852
0.209874 1.41916
0.210109 1.41994
0.210344 1.42085
0.210579 1.42171
0.210813 1.42248
0.211048 1.42321
0.211283 1.42391
0.211518 1.42468
0.211752 1.42545
0.211987 1.4261
0.212222 1.42682
0.212457 1.42756
0.212691 1.42823
0.212926 1.42893
0.213161 1.42952
0.213396 1.43044
0.21363 1.43104
0.213865 1.43168
0.2141 1.43352
0.214335 1.43432
0.214569 1.43508
0.214804 1.43585
0.215039 1.43661
0.215274 1.4373
0.215508 1.43796
0.215743 1.4386
0.215978 1.43949
0.216213 1.44025
0.216448 1.44096
0.216682 1.44176
0.216917 1.44237
0.217152 1.44298
0.217387 1.4437
0.217621 1.44454
0.217856 1.44531
0.218091 1.44601
0.218326 1.44666
0.21856 1.44747
0.218795 1.4482
0.21903 1.44893
0.219265 1.44966
0.219499 1.45091
0.219734 1.4516
0.219969 1.45229
0.220204 1.45302
0.220438 1.4537
0.220673 1.45436
0.220908 1.45509
0.221143 1.45588
0.221377 1.45669
0.221612 1.45735
0.221847 1.4583
0.222082 1.45897
0.222316 1.45969
0.222551 1.46026
0.222786 1.4623
0.223021 1.46289
0.223256 1.46357
0.22349 1.46425
0.223725 1.46492
0.22396 1.46562
0.224195 1.46625
0.224429 1.46693
0.224664 1.46769
0.224899 1.46843
0.225134 1.46927
0.225368 1.47008
0.225603 1.4708
0.225838 1.47143
0.226073 1.47218
0.226307 1.47309
0.226542 1.47386
0.226777 1.47456
0.227012 1.4752
0.227246 1.47602
0.227481 1.47692
0.227716 1.47772
0.227951 1.47843
0.228185 1.47918
0.22842 1.47995
0.228655 1.48072
0.22889 1.4815
0.229124 1.48208
0.229359 1.483
0.229594 1.48369
0.229829 1.48437
0.230064 1.48506
0.230298 1.48584
0.230533 1.48673
0.230768 1.48743
0.231003 1.4882
0.231237 1.48896
0.231472 1.48975
0.231707 1.49045
0.231942 1.49132
0.232176 1.49202
0.232411 1.4929
0.232646 1.49383
0.232881 1.49477
0.233115 1.49366
0.23335 1.49466
0.233585 1.49543
0.23382 1.49611
0.234054 1.49701
0.234289 1.49769
0.234524 1.50029
0.234759 1.50111
0.234993 1.50191
0.235228 1.50295
0.235463 1.50396
0.235698 1.50473
0.235932 1.5056
0.236167 1.50242
0.236402 1.50724
0.236637 1.50802
0.236872 1.50867
0.237106 1.50937
0.237341 1.51005
0.237576 1.51097
0.237811 1.51165
0.238045 1.51257
0.23828 1.51317
0.238515 1.51391
0.23875 1.51483
0.238984 1.5158
0.239219 1.51663
0.239454 1.51775
0.239689 1.51884
0.239923 1.51965
0.240158 1.52056
0.240393 1.52127
0.240628 1.52196
0.240862 1.52288
0.241097 1.52358
0.241332 1.5224
0.241567 1.5232
0.241801 1.52403
0.242036 1.52686
0.242271 1.52766
0.242506 1.52827
0.24274 1.52973
0.242975 1.53043
0.24321 1.53134
0.243445 1.53211
0.24368 1.53288
0.243914 1.53353
0.244149 1.5343
0.244384 1.53547
0.244619 1.53653
0.244853 1.53737
0.245088 1.5381
0.245323 1.53878
0.245558 1.53969
0.245792 1.54042
0.246027 1.54108
0.246262 1.54204
0.246497 1.5428
0.246731 1.54404
0.246966 1.54502
0.247201 1.54624
0.247436 1.54711
0.24767 1.54809
0.247905 1.54913
0.24814 1.55005
0.248375 1.55085
0.248609 1.5516
0.248844 1.55241
0.249079 1.55346
0.249314 1.55452
0.249548 1.55541
0.249783 1.5561
0.250018 1.55693
0.250253 1.55799
0.250488 1.5589
0.250722 1.55981
0.250957 1.56044
0.251192 1.56163
0.251427 1.56238
0.251661 1.56308
0.251896 1.56373
0.252131 1.56474
0.252366 1.56608
0.2526 1.56459
0.252835 1.56547
0.25307 1.56648
0.253305 1.56957
0.253539 1.57054
0.253774 1.5714
0.254009 1.57237
0.254244 1.57338
0.254478 1.57438
0.254713 1.57607
0.254948 1.5769
0.255183 1.57783
0.255417 1.57919
0.255652 1.57992
0.255887 1.58076
0.256122 1.58151
0.256356 1.58251
0.256591 1.58433
0.256826 1.58509
0.257061 1.58588
0.257296 1.58682
0.25753 1.58785
0.257765 1.58863
0.258 1.58946
0.258235 1.59026
0.258469 1.5912
0.258704 1.59213
0.258939 1.59292
0.259174 1.59387
0.259408 1.59492
0.259643 1.59589
0.259878 1.59659
0.260113 1.59786
0.260347 1.59825
0.260582 1.59946
0.260817 1.60166
0.261052 1.60248
0.261286 1.6038
0.261521 1.60455
0.261756 1.60542
0.261991 1.60651
0.262225 1.60743
0.26246 1.60848
0.262695 1.60935
0.26293 1.61029
0.263164 1.61117
0.263399 1.61207
0.263634 1.6129
0.263869 1.61382
0.264104 1.61474
0.264338 1.61553
0.264573 1.61627
0.264808 1.617
0.265043 1.61771
0.265277 1.61869
0.265512 1.6193
0.265747 1.62011
0.265982 1.62129
0.266216 1.62237
0.266451 1.62401
0.266686 1.625
0.266921 1.62654
0.267155 1.62756
0.26739 1.62859
0.267625 1.62973
0.26786 1.63084
0.268094 1.63179
0.268329 1.63282
0.268564 1.6337
0.268799 1.63496
0.269033 1.63574
0.269268 1.63648
0.269503 1.6378
0.269738 1.63854
0.269972 1.64006
0.270207 1.64096
0.270442 1.64186
0.270677 1.64267
0.270912 1.64354
0.271146 1.64448
0.271381 1.64573
0.271616 1.64647
0.271851 1.64749
0.272085 1.64876
0.27232 1.64958
0.272555 1.6505
0.27279 1.65141
0.273024 1.65236
0.273259 1.65344
0.273494 1.65414
0.273729 1.65584
0.273963 1.65703
0.274198 1.65852
0.274433 1.6593
0.274668 1.66033
0.274902 1.66297
0.275137 1.66385
0.275372 1.66477
0.275607 1.66587
0.275841 1.66814
0.276076 1.6693
0.276311 1.67019
0.276546 1.67089
0.27678 1.67161
0.277015 1.67249
0.27725 1.67347
0.277485 1.67425
0.27772 1.67505
0.277954 1.67591
0.278189 1.67783
0.278424 1.67871
0.278659 1.68041
0.278893 1.68159
0.279128 1.68247
0.279363 1.68354
0.279598 1.68446
0.279832 1.68566
0.280067 1.68683
0.280302 1.68816
0.280537 1.68924
0.280771 1.69073
0.281006 1.69165
0.281241 1.69252
0.281476 1.6935
0.28171 1.69467
0.281945 1.69588
0.28218 1.69688
0.282415 1.69815
0.282649 1.69932
0.282884 1.70025
0.283119 1.70165
0.283354 1.70324
0.283588 1.70424
0.283823 1.70496
0.284058 1.706
0.284293 1.70699
0.284528 1.70784
0.284762 1.70882
0.284997 1.70973
0.285232 1.71078
0.285467 1.71165
0.285701 1.71261
0.285936 1.71352
0.286171 1.71471
0.286406 1.71581
0.28664 1.7166
0.286875 1.71801
0.28711 1.71877
0.287345 1.71987
0.287579 1.72128
0.287814 1.72228
0.288049 1.72358
0.288284 1.72442
0.288518 1.72537
0.288753 1.72637
0.288988 1.72731
0.289223 1.7284
0.289457 1.72921
0.289692 1.73046
0.289927 1.73137
0.290162 1.73262
0.290396 1.73353
0.290631 1.73437
0.290866 1.73535
0.291101 1.73626
0.291336 1.7375
0.29157 1.73853
0.291805 1.73939
0.29204 1.74023
0.292275 1.74114
0.292509 1.74207
0.292744 1.74306
0.292979 1.74464
0.293214 1.74794
0.293448 1.74884
0.293683 1.75095
0.293918 1.75231
0.294153 1.75353
0.294387 1.75462
0.294622 1.75619
0.294857 1.75725
0.295092 1.7586
0.295326 1.75936
0.295561 1.76022
0.295796 1.76207
0.296031 1.76323
0.296265 1.76419
0.2965 1.76516
0.296735 1.76608
0.29697 1.76703
0.297204 1.76787
0.297439 1.76916
0.297674 1.77012
0.297909 1.77107
0.298144 1.77208
0.298378 1.77312
0.298613 1.77404
0.298848 1.77529
0.299083 1.77617
0.299317 1.77711
0.299552 1.77874
0.299787 1.77976
0.300022 1.7819
0.300256 1.78301
0.300491 1.7843
0.300726 1.78531
0.300961 1.78655
0.301195 1.78746
0.30143 1.78856
0.301665 1.78996
0.3019 1.79105
0.302134 1.79204
0.302369 1.79302
0.302604 1.79386
0.302839 1.79574
0.303073 1.79679
0.303308 1.7978
0.303543 1.79937
0.303778 1.8003
0.304012 1.80137
0.304247 1.8025
0.304482 1.80341
0.304717 1.80454
0.304952 1.80577
0.305186 1.80705
0.305421 1.80829
0.305656 1.80912
0.305891 1.8102
0.306125 1.81188
0.30636 1.81329
0.306595 1.81439
0.30683 1.81557
0.307064 1.81688
0.307299 1.8184
0.307534 1.81953
0.307769 1.82082
0.308003 1.82214
0.308238 1.82308
0.308473 1.82387
0.308708 1.82471
0.308942 1.82597
0.309177 1.82906
0.309412 1.83055
0.309647 1.83239
0.309881 1.83356
0.310116 1.83469
0.310351 1.83587
0.310586 1.83752
0.31082 1.83863
0.311055 1.84
0.31129 1.84124
0.311525 1.84236
0.31176 1.84386
0.311994 1.84518
0.312229 1.84607
0.312464 1.84703
0.312699 1.84827
0.312933 1.84929
0.313168 1.85032
0.313403 1.8512
0.313638 1.85234
0.313872 1.85394
0.314107 1.85556
0.314342 1.85684
0.314577 1.85768
0.314811 1.85906
0.315046 1.86004
0.315281 1.86139
0.315516 1.86753
0.31575 1.8689
0.315985 1.87005
0.31622 1.87103
0.316455 1.87184
0.316689 1.87363
0.316924 1.8748
0.317159 1.87728
0.317394 1.87904
0.317628 1.88031
0.317863 1.88131
0.318098 1.88287
0.318333 1.88391
0.318568 1.88562
0.318802 1.88674
0.319037 1.88808
0.319272 1.88944
0.319507 1.89086
0.319741 1.89191
0.319976 1.89406
0.320211 1.89717
0.320446 1.89858
0.32068 1.90006
0.320915 1.90212
0.32115 1.90347
0.321385 1.90507
0.321619 1.90642
0.321854 1.90813
0.322089 1.90993
0.322324 1.91161
0.322558 1.91395
0.322793 1.91592
0.323028 1.91705
0.323263 1.91884
0.323497 1.92017
0.323732 1.924
0.323967 1.92509
0.324202 1.92596
0.324437 1.92699
0.324671 1.92832
0.324906 1.9299
0.325141 1.93171
0.325376 1.9328
0.32561 1.93415
0.325845 1.93534
0.32608 1.93636
0.326315 1.93798
0.326549 1.93902
0.326784 1.94065
0.327019 1.94181
0.327254 1.94313
0.327488 1.94511
0.327723 1.94645
0.327958 1.94781
0.328193 1.94871
0.328427 1.94982
0.328662 1.95109
0.328897 1.95222
0.329132 1.95414
0.329366 1.95558
0.329601 1.95758
0.329836 1.95889
0.330071 1.96
0.330305 1.96122
0.33054 1.96245
0.330775 1.9637
0.33101 1.9654
0.331245 1.96642
0.331479 1.96773
0.331714 1.96918
0.331949 1.97361
0.332184 1.97501
0.332418 1.97643
0.332653 1.97764
0.332888 1.97916
0.333123 1.98098
0.333357 1.98271
0.333592 1.98454
0.333827 1.98654
0.334062 1.98774
0.334296 1.98886
0.334531 1.99311
0.334766 1.99494
0.335001 1.99612
0.335235 1.99736
0.33547 1.99891
0.335705 2.00026
0.33594 2.00276
0.336174 2.02145
0.336409 2.02263
0.336644 2.02366
0.336879 2.0249
0.337113 2.02621
0.337348 2.02792
0.337583 2.02943
0.337818 2.03076
0.338053 2.03262
0.338287 2.03359
0.338522 2.03478
0.338757 2.03657
0.338992 2.03822
0.339226 2.03951
0.339461 2.04108
0.339696 2.04222
0.339931 2.04389
0.340165 2.045
0.3404 2.04654
0.340635 2.04801
0.34087 2.04934
0.341104 2.05048
0.341339 2.05169
0.341574 2.05367
0.341809 2.05506
0.342043 2.05636
0.342278 2.05893
0.342513 2.0623
0.342748 2.06352
0.342982 2.06521
0.343217 2.06711
0.343452 2.06867
0.343687 2.06991
0.343921 2.07131
0.344156 2.07223
0.344391 2.0748
0.344626 2.07728
0.344861 2.07845
0.345095 2.07986
0.34533 2.08183
0.345565 2.08351
0.3458 2.08492
0.346034 2.08747
0.346269 2.08902
0.346504 2.09103
0.346739 2.09222
0.346973 2.09346
0.347208 2.09485
0.347443 2.09605
0.347678 2.09886
0.347912 2.10072
0.348147 2.1028
0.348382 2.10563
0.348617 2.1069
0.348851 2.10884
0.349086 2.11132
0.349321 2.11262
0.349556 2.11387
0.34979 2.11558
0.350025 2.11699
0.35026 2.11914
0.350495 2.12016
0.350729 2.12148
0.350964 2.12262
0.351199 2.12424
0.351434 2.12568
0.351669 2.12762
0.351903 2.1288
0.352138 2.13005
0.352373 2.13186
0.352608 2.13339
0.352842 2.13472
0.353077 2.13742
0.353312 2.13853
0.353547 2.13972
0.353781 2.14145
0.354016 2.1432
0.354251 2.14653
0.354486 2.14806
0.35472 2.14994
0.354955 2.151
0.35519 2.15296
0.355425 2.15428
0.355659 2.15576
0.355894 2.15782
0.356129 2.15927
0.356364 2.16037
0.356598 2.16191
0.356833 2.16677
0.357068 2.16843
0.357303 2.16997
0.357537 2.17142
0.357772 2.17259
0.358007 2.17366
0.358242 2.17552
0.358477 2.17753
0.358711 2.17895
0.358946 2.18095
0.359181 2.1825
0.359416 2.18399
0.35965 2.18514
0.359885 2.18712
0.36012 2.18854
0.360355 2.18954
0.360589 2.19228
0.360824 2.19384
0.361059 2.19568
0.361294 2.19702
0.361528 2.19857
0.361763 2.20017
0.361998 2.20148
0.362233 2.20302
0.362467 2.20442
0.362702 2.20633
0.362937 2.20786
0.363172 2.20931
0.363406 2.21115
0.363641 2.2137
0.363876 2.21525
0.364111 2.21678
0.364345 2.21814
0.36458 2.22178
0.364815 2.22342
0.36505 2.22531
0.365285 2.2271
0.365519 2.22859
0.365754 2.23104
0.365989 2.23271
0.366224 2.23372
0.366458 2.23633
0.366693 2.23751
0.366928 2.23935
0.367163 2.24294
0.367397 2.24546
0.367632 2.24798
0.367867 2.25104
0.368102 2.25328
0.368336 2.25643
0.368571 2.25851
0.368806 2.26032
0.369041 2.2642
0.369275 2.2656
0.36951 2.26744
0.369745 2.26923
0.36998 2.2709
0.370214 2.27342
0.370449 2.27836
0.370684 2.28011
0.370919 2.28495
0.371153 2.28702
0.371388 2.28891
0.371623 2.29041
0.371858 2.29197
0.372093 2.29366
0.372327 2.29488
0.372562 2.29659
0.372797 2.29815
0.373032 2.30002
0.373266 2.31049
0.373501 2.31252
0.373736 2.31383
0.373971 2.31812
0.374205 2.31931
0.37444 2.32083
0.374675 2.3221
0.37491 2.32664
0.375144 2.33154
0.375379 2.33471
0.375614 2.33713
0.375849 2.34343
0.376083 2.34473
0.376318 2.34793
0.376553 2.35101
0.376788 2.35467
0.377022 2.35733
0.377257 2.35944
0.377492 2.36105
0.377727 2.3645
0.377961 2.37257
0.378196 2.37423
0.378431 2.37637
0.378666 2.37799
0.378901 2.38023
0.379135 2.38181
0.37937 2.38428
0.379605 2.38691
0.37984 2.38906
0.380074 2.39222
0.380309 2.3935
0.380544 2.39481
0.380779 2.39672
0.381013 2.39912
0.381248 2.40025
0.381483 2.40314
0.381718 2.40461
0.381952 2.40634
0.382187 2.4087
0.382422 2.41099
0.382657 2.41377
0.382891 2.41726
0.383126 2.4192
0.383361 2.42075
0.383596 2.42322
0.38383 2.42461
0.384065 2.42716
0.3843 2.42968
0.384535 2.43086
0.384769 2.43325
0.385004 2.43504
0.385239 2.43799
0.385474 2.44048
0.385709 2.44203
0.385943 2.44351
0.386178 2.44483
0.386413 2.44722
0.386648 2.44967
0.386882 2.45074
0.387117 2.45199
0.387352 2.45343
0.387587 2.46929
0.387821 2.47096
0.388056 2.47243
0.388291 2.44951
0.388526 2.45127
0.38876 2.45268
0.388995 2.48052
0.38923 2.4828
0.389465 2.48418
0.389699 2.46138
0.389934 2.46234
0.390169 2.48919
0.390404 2.49028
0.390638 2.4917
0.390873 2.49317
0.391108 2.49571
0.391343 2.49743
0.391577 2.50038
0.391812 2.50225
0.392047 2.50765
0.392282 2.50957
0.392517 2.4859
0.392751 2.49033
0.392986 2.49201
0.393221 2.4933
0.393456 2.49489
0.39369 2.53033
0.393925 2.55701
0.39416 2.55841
0.394395 2.56153
0.394629 2.56325
0.394864 2.56613
0.395099 2.56772
0.395334 2.56937
0.395568 2.57194
0.395803 2.57325
0.396038 2.57528
0.396273 2.57722
0.396507 2.57995
0.396742 2.58237
0.396977 2.58555
0.397212 2.59156
0.397446 2.60302
0.397681 2.60521
0.397916 2.60894
0.398151 2.6111
0.398385 2.61275
0.39862 2.61449
0.398855 2.6171
0.39909 2.59291
0.399325 2.59478
0.399559 2.62333
0.399794 2.62541
0.400029 2.62843
0.400264 2.6311
0.400498 2.63281
0.400733 2.63483
0.400968 2.63855
0.401203 2.63966
0.401437 2.64288
0.401672 2.64943
0.401907 2.65141
0.402142 2.65239
0.402376 2.6545
0.402611 2.65625
0.402846 2.67473
0.403081 2.67734
0.403315 2.67933
0.40355 2.68142
0.403785 2.68368
0.40402 2.68628
0.404254 2.68899
0.404489 2.69193
0.404724 2.69423
0.404959 2.70724
0.405193 2.70853
0.405428 2.7107
0.405663 2.71198
0.405898 2.71421
0.406133 2.71792
0.406367 2.72264
0.406602 2.72579
0.406837 2.72877
0.407072 2.73125
0.407306 2.7343
0.407541 2.73701
0.407776 2.73895
0.408011 2.74063
0.408245 2.74295
0.40848 2.74453
0.408715 2.74965
0.40895 2.75696
0.409184 2.75889
0.409419 2.76689
0.409654 2.61161
0.409889 2.77158
0.410123 2.77386
0.410358 2.77629
0.410593 2.7785
0.410828 2.78137
0.411062 2.78318
0.411297 2.78546
0.411532 2.78682
0.411767 2.78838
0.412001 2.79451
0.412236 2.79757
0.412471 2.80177
0.412706 2.80502
0.412941 2.80702
0.413175 2.80946
0.41341 2.81148
0.413645 2.81881
0.41388 2.82039
0.414114 2.82358
0.414349 2.82486
0.414584 2.82672
0.414819 2.84231
0.415053 2.84527
0.415288 2.85034
0.415523 2.85169
0.415758 2.85497
0.415992 2.85699
0.416227 2.86044
0.416462 2.86365
0.416697 2.86923
0.416931 2.87127
0.417166 2.87491
0.417401 2.88243
0.417636 2.88492
0.41787 2.88639
0.418105 2.88901
0.41834 2.89229
0.418575 2.89442
0.418809 2.89645
0.419044 2.89958
0.419279 2.90722
0.419514 2.9099
0.419749 2.91561
0.419983 2.91843
0.420218 2.92216
0.420453 2.925
0.420688 2.92767
0.420922 2.93077
0.421157 2.76086
0.421392 2.76412
0.421627 2.95154
0.421861 2.77798
0.422096 2.78022
0.422331 2.95959
0.422566 2.96448
0.4228 2.78957
0.423035 2.96949
0.42327 2.79633
0.423505 2.97767
0.423739 2.80031
0.423974 2.80284
0.424209 2.80471
0.424444 2.80656
0.424678 2.80834
0.424913 2.81059
0.425148 2.81211
0.425383 2.8135
0.425617 2.81534
0.425852 2.81729
0.426087 2.81964
0.426322 2.82264
0.426557 2.82493
0.426791 2.831
0.427026 2.83313
0.427261 2.83529
0.427496 2.83839
0.42773 2.84051
0.427965 2.84246
0.4282 2.84583
0.428435 2.84778
0.428669 2.85648
0.428904 2.85956
0.429139 2.86508
0.429374 2.86672
0.429608 2.86907
0.429843 2.87081
0.430078 2.87238
0.430313 2.87717
0.430547 2.87951
0.430782 2.88145
0.431017 2.88298
0.431252 2.88553
0.431486 2.88704
0.431721 2.89049
0.431956 2.89233
0.432191 2.8955
0.432425 2.89905
0.43266 2.90108
0.432895 2.90338
0.43313 2.9053
0.433365 2.91401
0.433599 2.91625
0.433834 2.91941
0.434069 2.92529
0.434304 2.93928
0.434538 2.95126
0.434773 2.95364
0.435008 2.98126
0.435243 2.98513
0.435477 2.98865
0.435712 2.99202
0.435947 2.9949
0.436182 2.99727
0.436416 2.99888
0.436651 3.00085
0.436886 3.00333
0.437121 3.00547
0.437355 3.00829
0.43759 3.01301
0.437825 3.01577
0.43806 3.01756
0.438294 3.01995
0.438529 3.02244
0.438764 3.02532
0.438999 3.02749
0.439233 3.02976
0.439468 3.03272
0.439703 3.03702
0.439938 3.03885
0.440173 3.03084
0.440407 3.03318
0.440642 3.03594
0.440877 3.03787
0.441112 3.04068
0.441346 3.03269
0.441581 3.03471
0.441816 3.03632
0.442051 3.03896
0.442285 3.04052
0.44252 3.05032
0.442755 3.05321
0.44299 3.05736
0.443224 3.05978
0.443459 3.06348
0.443694 3.06805
0.443929 3.07076
0.444163 3.07358
0.444398 3.0765
0.444633 3.08088
0.444868 3.08352
0.445102 3.08613
0.445337 3.08856
0.445572 3.0924
0.445807 3.09464
0.446041 3.0973
0.446276 3.10073
0.446511 3.11066
0.446746 3.11336
0.446981 3.11479
0.447215 3.12029
0.44745 3.12425
0.447685 3.12709
0.44792 3.1304
0.448154 3.13743
0.448389 3.14068
0.448624 3.1428
0.448859 3.14646
0.449093 3.15211
0.449328 3.15398
0.449563 3.15688
0.449798 3.16114
0.450032 3.16335
0.450267 3.16574
0.450502 3.16994
0.450737 3.17314
0.450971 3.17843
0.451206 3.17887
0.451441 3.18406
0.451676 3.18725
0.45191 3.19267
0.452145 3.19541
0.45238 3.19827
0.452615 3.20134
0.45285 3.20212
0.453084 3.21658
0.453319 3.21895
0.453554 3.22154
0.453789 3.22425
0.454023 3.22807
0.454258 3.2299
0.454493 3.2351
0.454728 3.23787
0.454962 3.24107
0.455197 3.24374
0.455432 3.24644
0.455667 3.24983
0.455901 3.25855
0.456136 3.261
0.456371 3.26333
0.456606 3.2659
0.45684 3.26941
0.457075 3.27285
0.45731 3.27942
0.457545 3.28247
0.457779 3.28402
0.458014 3.28648
0.458249 3.28924
0.458484 3.29236
0.458718 3.29545
0.458953 3.2998
0.459188 3.3022
0.459423 3.30611
0.459658 3.3091
0.459892 3.31154
0.460127 3.31459
0.460362 3.32051
0.460597 3.32401
0.460831 3.32624
0.461066 3.32865
0.461301 3.33417
0.461536 3.33813
0.46177 3.3405
0.462005 3.34294
0.46224 3.34529
0.462475 3.34972
0.462709 3.36682
0.462944 3.36841
0.463179 3.37235
0.463414 3.37516
0.463648 3.38677
0.463883 3.39097
0.464118 3.39323
0.464353 3.39571
0.464587 3.39899
0.464822 3.40204
0.465057 3.40737
0.465292 3.41144
0.465526 3.42112
0.465761 3.4245
0.465996 3.42747
0.466231 3.43457
0.466466 3.43679
0.4667 3.44044
0.466935 3.44479
0.46717 3.44895
0.467405 3.45342
0.467639 3.4558
0.467874 3.45849
0.468109 3.46149
0.468344 3.46922
0.468578 3.47261
0.468813 3.47506
0.469048 3.47886
0.469283 3.48358
0.469517 3.48692
0.469752 3.49539
0.469987 3.49794
0.470222 3.50011
0.470456 3.50223
0.470691 3.50522
0.470926 3.50798
0.471161 3.51096
0.471395 3.51825
0.47163 3.52128
0.471865 3.52349
0.4721 3.52643
0.472334 3.53056
0.472569 3.55707
0.472804 3.56059
0.473039 3.564
0.473274 3.56682
0.473508 3.56991
0.473743 3.57294
0.473978 3.57588
0.474213 3.57843
0.474447 3.59919
0.474682 3.60178
0.474917 3.60393
0.475152 3.60899
0.475386 3.6134
0.475621 3.61566
0.475856 3.62019
0.476091 3.62298
0.476325 3.62677
0.47656 3.63099
0.476795 3.63827
0.47703 3.64914
0.477264 3.65344
0.477499 3.65631
0.477734 3.66004
0.477969 3.66242
0.478203 3.68252
0.478438 3.68558
0.478673 3.68887
0.478908 3.69201
0.479142 3.63081
0.479377 3.63401
0.479612 3.63748
0.479847 3.64016
0.480082 3.64237
0.480316 3.64698
0.480551 3.65275
0.480786 3.65564
0.481021 3.65876
0.481255 3.66266
0.48149 3.73313
0.481725 3.73888
0.48196 3.74379
0.482194 3.74638
0.482429 3.74907
0.482664 3.75251
0.482899 3.75908
0.483133 3.69968
0.483368 3.70868
0.483603 3.71166
0.483838 3.7139
0.484072 3.71815
0.484307 3.72124
0.484542 3.72883
0.484777 3.73294
0.485011 3.73611
0.485246 3.73848
0.485481 3.74218
0.485716 3.81308
0.48595 3.82155
0.486185 3.82479
0.48642 3.8334
0.486655 3.83576
0.48689 3.84037
0.487124 3.84538
0.487359 3.84717
0.487594 3.84959
0.487829 3.85262
0.488063 3.88083
0.488298 3.88406
0.488533 3.90572
0.488768 3.90948
0.489002 3.91443
0.489237 3.92005
0.489472 3.92205
0.489707 3.93541
0.489941 3.93695
0.490176 3.94143
0.490411 3.94794
0.490646 3.95142
0.49088 3.95436
0.491115 3.95893
0.49135 3.96285
0.491585 3.96568
0.491819 3.97022
0.492054 3.97536
0.492289 3.98104
0.492524 3.98551
0.492758 3.99203
0.492993 3.99507
0.493228 4.00067
0.493463 4.00502
0.493698 4.01066
0.493932 4.01276
0.494167 4.02168
0.494402 4.02858
0.494637 4.03438
0.494871 4.03985
0.495106 4.04382
0.495341 4.04845
0.495576 4.05769
0.49581 4.06033
0.496045 4.0642
0.49628 4.07245
0.496515 4.07441
0.496749 4.07996
0.496984 4.08315
0.497219 4.09607
0.497454 4.09879
0.497688 4.10273
0.497923 4.10705
0.498158 4.13989
0.498393 4.14313
0.498627 4.14607
0.498862 4.15007
0.499097 4.1532
0.499332 4.15632
0.499566 4.16062
0.499801 4.16383
0.500036 4.1722
0.500271 4.17448
0.500506 4.17956
0.50074 4.18755
0.500975 4.19273
0.50121 4.19766
0.501445 4.20055
0.501679 4.20326
0.501914 4.27999
0.502149 4.28296
0.502384 4.28634
0.502618 4.28791
0.502853 4.29219
0.503088 4.29801
0.503323 4.30138
0.503557 4.3051
0.503792 4.30934
0.504027 4.31441
0.504262 4.31811
0.504496 4.32725
0.504731 4.33378
0.504966 4.33914
0.505201 4.34327
0.505435 4.35888
0.50567 4.36951
0.505905 4.37558
0.50614 4.37999
0.506374 4.38893
0.506609 4.3924
0.506844 4.42178
0.507079 4.42479
0.507314 4.43091
0.507548 4.44291
0.507783 4.45458
0.508018 4.46405
0.508253 4.4699
0.508487 4.47438
0.508722 4.47654
0.508957 4.48091
0.509192 4.40628
0.509426 4.42152
0.509661 4.5848
0.509896 4.60122
0.510131 4.62065
0.510365 4.62682
0.5106 4.63252
0.510835 4.37747
0.51107 4.64715
0.511304 4.64957
0.511539 4.67043
0.511774 4.67482
0.512009 4.42165
0.512243 4.68909
0.512478 4.69665
0.512713 4.69915
0.512948 4.70278
0.513182 4.7072
0.513417 4.74189
0.513652 4.74436
0.513887 4.74957
0.514122 4.7568
0.514356 4.75998
0.514591 4.76738
0.514826 4.77468
0.515061 4.77818
0.515295 4.7854
0.51553 4.79013
0.515765 4.79322
0.516 4.79848
0.516234 4.80987
0.516469 4.83624
0.516704 4.84439
0.516939 4.84912
0.517173 4.85414
0.517408 4.85829
0.517643 4.86678
0.517878 4.8714
0.518112 4.87547
0.518347 4.8831
0.518582 4.89053
0.518817 4.89534
0.519051 4.89854
0.519286 4.91382
0.519521 4.92033
0.519756 4.93031
0.51999 4.93386
0.520225 4.93875
0.52046 4.95585
0.520695 4.95974
0.52093 4.96332
0.521164 4.96724
0.521399 4.97222
0.521634 4.97636
0.521869 4.98075
0.522103 4.98493
0.522338 4.99044
0.522573 4.99552
0.522808 5.00082
0.523042 5.00405
0.523277 5.01796
0.523512 5.02699
0.523747 5.03202
0.523981 5.03455
0.524216 5.06258
0.524451 5.06724
0.524686 5.07802
0.52492 5.09139
0.525155 5.09605
0.52539 5.10086
0.525625 5.10512
0.525859 5.10996
0.526094 5.1257
0.526329 5.13382
0.526564 5.13696
0.526798 5.14362
0.527033 5.15569
0.527268 5.16482
0.527503 5.1688
0.527738 5.17889
0.527972 5.18107
0.528207 5.18601
0.528442 5.19008
0.528677 5.19875
0.528911 5.21061
0.529146 5.21585
0.529381 5.22054
0.529616 5.22611
0.52985 5.23277
0.530085 5.23766
0.53032 5.2413
0.530555 5.24564
0.530789 5.24962
0.531024 5.26179
0.531259 5.26637
0.531494 5.2722
0.531728 5.27852
0.531963 5.28333
0.532198 5.28804
0.532433 5.2914
0.532667 5.30014
0.532902 5.30349
0.533137 5.33823
0.533372 5.34589
0.533606 5.35258
0.533841 5.36078
0.534076 5.36545
0.534311 5.37039
0.534546 5.38411
0.53478 5.39391
0.535015 5.40108
0.53525 5.40897
0.535485 5.41441
0.535719 5.42065
0.535954 5.43013
0.536189 5.47163
0.536424 5.4823
0.536658 5.48914
0.536893 5.49233
0.537128 5.49994
0.537363 5.5547
0.537597 5.55826
0.537832 5.5772
0.538067 5.583
0.538302 5.58694
0.538536 5.59538
0.538771 5.60043
0.539006 5.60623
0.539241 5.61347
0.539475 5.61852
0.53971 5.62217
0.539945 5.62965
0.54018 5.63497
0.540414 5.64453
0.540649 5.64869
0.540884 5.65725
0.541119 5.66213
0.541354 5.66661
0.541588 5.6751
0.541823 5.67933
0.542058 5.69052
0.542293 5.6962
0.542527 5.70507
0.542762 5.74261
0.542997 5.74873
0.543232 5.77002
0.543466 5.77823
0.543701 5.78835
0.543936 5.80303
0.544171 5.80686
0.544405 5.81879
0.54464 5.8234
0.544875 5.8311
0.54511 5.83497
0.545344 5.99785
0.545579 6.00765
0.545814 6.04095
0.546049 6.04978
0.546283 6.06043
0.546518 6.06964
0.546753 6.07404
0.546988 6.08404
0.547222 6.08869
0.547457 6.10088
0.547692 6.11055
0.547927 6.11927
0.548162 6.13905
0.548396 6.14681
0.548631 6.15368
0.548866 6.16036
0.549101 6.16864
0.549335 6.17413
0.54957 6.15935
0.549805 6.17129
0.55004 6.17901
0.550274 6.18091
0.550509 6.18769
0.550744 6.1958
0.550979 6.2041
0.551213 6.20802
0.551448 6.21252
0.551683 6.1676
0.551918 6.18205
0.552152 6.19471
0.552387 6.22051
0.552622 6.22464
0.552857 6.23265
0.553091 6.24289
0.553326 6.48565
0.553561 6.49055
0.553796 6.4953
0.55403 6.50372
0.554265 6.50919
0.5545 6.51419
0.554735 6.52648
0.55497 6.6733
0.555204 6.67995
0.555439 6.35168
0.555674 6.35953
0.555909 6.36742
0.556143 6.37228
0.556378 6.44662
0.556613 6.45096
0.556848 6.63757
0.557082 6.64699
0.557317 6.65764
0.557552 6.66609
0.557787 6.67161
0.558021 6.67657
0.558256 6.68242
0.558491 6.69325
0.558726 6.70267
0.55896 6.70823
0.559195 6.71532
0.55943 6.72407
0.559665 6.72996
0.559899 6.72706
0.560134 6.73324
0.560369 6.79566
0.560604 6.80301
0.560838 6.83744
0.561073 6.88299
0.561308 6.88813
0.561543 6.89279
0.561778 6.89941
0.562012 6.90492
0.562247 6.91407
0.562482 6.91975
0.562717 6.99933
0.562951 7.00698
0.563186 7.01571
0.563421 7.02323
0.563656 7.05604
0.56389 7.06545
0.564125 7.07407
0.56436 7.07738
0.564595 7.08575
0.564829 7.0908
0.565064 7.10016
0.565299 7.10725
0.565534 7.11161
0.565768 7.11692
0.566003 7.12204
0.566238 7.12609
0.566473 7.13236
0.566707 7.14135
0.566942 7.14991
0.567177 7.15334
0.567412 7.16262
0.567646 7.1739
0.567881 7.18108
0.568116 7.2405
0.568351 7.24985
0.568586 7.25718
0.56882 7.27018
0.569055 7.27678
0.56929 7.28664
0.569525 7.29521
0.569759 7.32804
0.569994 7.33908
0.570229 7.35933
0.570464 7.37179
0.570698 7.37996
0.570933 7.38217
0.571168 7.38872
0.571403 7.39417
0.571637 7.46086
0.571872 7.47963
0.572107 7.48892
0.572342 7.49186
0.572576 7.49862
0.572811 7.50532
0.573046 7.50747
0.573281 7.51282
0.573515 7.5251
0.57375 7.53007
0.573985 7.53448
0.57422 7.54991
0.574454 7.55502
0.574689 7.57232
0.574924 7.58048
0.575159 7.58811
0.575394 7.59564
0.575628 7.6026
0.575863 7.61118
0.576098 7.62023
0.576333 7.62732
0.576567 7.63562
0.576802 7.65049
0.577037 7.65661
0.577272 7.66736
0.577506 7.67699
0.577741 7.6787
0.577976 7.69751
0.578211 7.70496
0.578445 7.73009
0.57868 7.74289
0.578915 6.8715
0.57915 6.8805
0.579384 6.88814
0.579619 6.89793
0.579854 6.91583
0.580089 6.92595
0.580323 6.9611
0.580558 6.9673
0.580793 6.97457
0.581028 6.98057
0.581263 6.99581
0.581497 6.99518
0.581732 7.00283
0.581967 7.01986
0.582202 7.02506
0.582436 7.0312
0.582671 7.0353
0.582906 7.10173
0.583141 7.13182
0.583375 7.1668
0.58361 7.18043
0.583845 7.24099
0.58408 7.26113
0.584314 7.26624
0.584549 7.27108
0.584784 7.28151
0.585019 7.28887
0.585253 7.29175
0.585488 7.30269
0.585723 7.31558
0.585958 7.32061
0.586192 7.33654
0.586427 7.34625
0.586662 7.56858
0.586897 7.57976
0.587131 7.58677
0.587366 7.62771
0.587601 7.64115
0.587836 7.6478
0.588071 7.6537
0.588305 7.67697
0.58854 7.68624
0.588775 7.70852
0.58901 7.72115
0.589244 7.73105
0.589479 7.74395
0.589714 7.74894
0.589949 7.76004
0.590183 7.78313
0.590418 7.79316
0.590653 7.80178
0.590888 8.00572
0.591122 8.01448
0.591357 8.02876
0.591592 8.05665
0.591827 8.0629
0.592061 8.07234
0.592296 8.0805
0.592531 8.09329
0.592766 8.09994
0.593 8.10597
0.593235 8.11317
0.59347 8.12029
0.593705 8.12785
0.593939 8.14624
0.594174 8.15543
0.594409 8.2337
0.594644 8.24561
0.594879 8.31939
0.595113 8.32771
0.595348 8.37898
0.595583 8.38873
0.595818 8.40945
0.596052 8.43847
0.596287 8.45687
0.596522 8.46318
0.596757 8.47289
0.596991 8.54753
0.597226 8.57969
0.597461 8.58456
0.597696 8.59126
0.59793 8.60005
0.598165 8.63163
0.5984 8.63888
0.598635 8.62865
0.598869 8.64291
0.599104 8.66929
0.599339 8.67944
0.599574 8.68781
0.599808 8.79528
0.600043 8.80012
0.600278 8.81261
0.600513 8.81845
0.600747 8.82619
0.600982 8.82895
0.601217 8.8365
0.601452 8.86797
0.601687 8.88319
0.601921 8.89973
0.602156 8.91538
0.602391 8.9222
0.602626 8.93671
0.60286 8.94345
0.603095 8.95586
0.60333 8.96586
0.603565 8.97497
0.603799 8.9891
0.604034 9.01827
0.604269 9.28141
0.604504 9.28707
0.604738 9.30128
0.604973 9.30989
0.605208 9.31456
0.605443 9.32105
0.605677 9.3402
0.605912 9.47329
0.606147 9.48404
0.606382 9.49018
0.606616 9.65492
0.606851 9.66459
0.607086 9.68305
0.607321 9.70171
0.607555 9.74972
0.60779 9.76574
0.608025 9.797
0.60826 9.81696
0.608495 9.82635
0.608729 9.83533
0.608964 9.84474
0.609199 9.8613
0.609434 9.86956
0.609668 9.89204
0.609903 9.90934
0.610138 9.92067
0.610373 9.94108
0.610607 9.96285
0.610842 9.98607
0.611077 9.99792
0.611312 10.0113
0.611546 10.0287
0.611781 10.283
0.612016 10.29
0.612251 10.3044
0.612485 10.3132
0.61272 10.3326
0.612955 10.3432
0.61319 10.4076
0.613424 10.4275
0.613659 10.4382
0.613894 10.4489
0.614129 10.4733
0.614363 10.484
0.614598 10.4923
0.614833 10.5006
0.615068 10.5087
0.615303 10.519
0.615537 10.5291
0.615772 10.5359
0.616007 10.5456
0.616242 10.5555
0.616476 10.5646
0.616711 10.5747
0.616946 10.6292
0.617181 10.6381
0.617415 10.6507
0.61765 10.6668
0.617885 10.6993
0.61812 10.7074
0.618354 10.7412
0.618589 10.7048
0.618824 10.7882
0.619059 10.806
0.619293 10.8194
0.619528 10.833
0.619763 10.8418
0.619998 10.8524
0.620232 10.9016
0.620467 10.915
0.620702 10.9834
0.620937 10.3206
0.621171 10.3321
0.621406 10.3527
0.621641 10.3584
0.621876 10.3737
0.622111 10.3819
0.622345 10.4027
0.62258 10.4435
0.622815 10.4642
0.62305 10.4898
0.623284 10.5567
0.623519 10.6344
0.623754 10.6626
0.623989 10.6818
0.624223 10.7011
0.624458 10.7196
0.624693 10.7367
0.624928 10.7881
0.625162 10.8589
0.625397 10.8759
0.625632 10.9239
0.625867 10.9475
0.626101 10.954
0.626336 11.0449
0.626571 11.0782
0.626806 11.21
0.62704 11.2246
0.627275 11.2615
0.62751 11.2668
0.627745 10.3217
0.627979 10.3341
0.628214 10.6238
0.628449 10.6284
0.628684 10.6376
0.628919 10.6529
0.629153 10.7999
0.629388 10.8329
0.629623 10.5676
0.629858 10.5755
0.630092 10.583
0.630327 10.6435
0.630562 10.6637
0.630797 10.6737
0.631031 10.6997
0.631266 10.7265
0.631501 10.7482
0.631736 10.7669
0.63197 10.7774
0.632205 10.8008
0.63244 10.8088
0.632675 10.8166
0.632909 10.8268
0.633144 10.8376
0.633379 10.8562
0.633614 10.8677
0.633848 10.2554
0.634083 10.2668
0.634318 10.2039
0.634553 10.2162
0.634787 10.2246
0.635022 10.2396
0.635257 10.4157
0.635492 10.4499
0.635727 9.5552
0.635961 9.59075
0.636196 9.59865
0.636431 9.58057
0.636666 9.60964
0.6369 9.61886
0.637135 9.63543
0.63737 9.64266
0.637605 9.65201
0.637839 9.65894
0.638074 9.67659
0.638309 9.49384
0.638544 9.5017
0.638778 9.5165
0.639013 9.72924
0.639248 9.74194
0.639483 9.74906
0.639717 9.78246
0.639952 9.78794
0.640187 9.81477
0.640422 9.82934
0.640656 9.83615
0.640891 9.84868
0.641126 9.85448
0.641361 9.87436
0.641595 9.88166
0.64183 9.8885
0.642065 9.90275
0.6423 9.91201
0.642535 9.91857
0.642769 9.92628
0.643004 9.93614
0.643239 10.006
0.643474 10.0098
0.643708 10.0211
0.643943 10.0263
0.644178 10.0499
0.644413 10.1604
0.644647 10.1693
0.644882 10.2134
0.645117 10.2473
0.645352 10.2825
0.645586 10.2917
0.645821 10.3026
0.646056 10.3315
0.646291 10.3457
0.646525 10.3634
0.64676 10.3726
0.646995 10.3857
0.64723 10.3937
0.647464 10.4025
0.647699 10.4094
0.647934 10.5166
0.648169 10.5276
0.648403 10.5433
0.648638 10.5499
0.648873 10.5595
0.649108 10.5056
0.649343 10.7002
0.649577 10.7088
0.649812 10.7201
0.650047 10.7347
0.650282 10.7436
0.650516 10.7773
0.650751 10.7908
0.650986 10.7974
0.651221 10.8252
0.651455 10.8307
0.65169 11.0003
0.651925 11.0112
0.65216 11.0407
0.652394 11.0462
0.652629 11.0554
0.652864 11.0688
0.653099 11.0774
0.653333 11.1303
0.653568 11.1413
0.653803 11.1468
0.654038 11.171
0.654272 11.1817
0.654507 11.8923
0.654742 11.9006
0.654977 11.9295
0.655211 11.9562
0.655446 11.9669
0.655681 11.9766
0.655916 12.0164
0.656151 12.0289
0.656385 12.0391
0.65662 12.1517
0.656855 12.1831
0.65709 12.1891
0.657324 12.2055
0.657559 12.211
0.657794 12.238
0.658029 12.2774
0.658263 12.2889
0.658498 12.8171
0.658733 11.7848
0.658968 11.7926
0.659202 11.8028
0.659437 11.8109
0.659672 11.8603
0.659907 11.8673
0.660141 11.8762
0.660376 11.9932
0.660611 12.329
0.660846 12.3378
0.66108 12.3461
0.661315 10.8306
0.66155 10.8891
0.661785 10.9042
0.662019 10.9136
0.662254 10.9208
0.662489 10.9281
0.662724 10.9349
0.662959 10.9411
0.663193 10.9566
0.663428 10.9646
0.663663 10.9826
0.663898 10.9993
0.664132 11.0065
0.664367 11.0268
0.664602 11.0369
0.664837 11.0621
0.665071 11.0691
0.665306 11.0976
0.665541 11.1029
0.665776 11.1104
0.66601 11.1245
0.666245 11.1356
0.66648 11.1408
0.666715 11.1452
0.666949 11.242
0.667184 11.249
0.667419 11.2577
0.667654 11.2656
0.667888 11.2867
0.668123 11.2879
0.668358 11.2988
0.668593 11.3226
0.668827 11.3607
0.669062 11.3849
0.669297 11.3939
0.669532 11.4008
0.669767 11.4046
0.670001 11.4631
0.670236 11.4729
0.670471 11.4885
0.670706 11.5041
0.67094 11.5361
0.671175 11.6921
0.67141 11.7626
0.671645 11.9721
0.671879 11.984
0.672114 11.9895
0.672349 11.9942
0.672584 12.0038
0.672818 12.0577
0.673053 11.8125
0.673288 11.833
0.673523 11.8436
0.673757 11.8315
0.673992 11.8373
0.674227 11.8638
0.674462 11.8824
0.674696 11.5183
0.674931 11.5295
0.675166 11.541
0.675401 11.5455
0.675635 11.5565
0.67587 11.5677
0.676105 11.5962
0.67634 11.6024
0.676575 11.6125
0.676809 11.6439
0.677044 11.685
0.677279 11.7024
0.677514 11.7269
0.677748 11.7302
0.677983 11.7362
0.678218 11.7523
0.678453 11.7702
0.678687 11.7852
0.678922 11.7934
0.679157 8.24451
0.679392 9.67812
0.679626 9.68644
0.679861 9.69603
0.680096 9.70505
0.680331 9.82081
0.680565 10.1954
0.6808 10.2015
0.681035 10.2312
0.68127 10.2413
0.681504 10.2506
0.681739 10.2597
0.681974 10.2752
0.682209 10.2906
0.682443 10.2953
0.682678 9.97745
0.682913 9.99664
0.683148 10.0089
0.683383 10.021
0.683617 10.0313
0.683852 10.0365
0.684087 10.0429
0.684322 10.048
0.684556 10.0506
0.684791 9.91222
0.685026 9.92182
0.685261 9.92591
0.685495 9.93444
0.68573 9.94998
0.685965 9.94714
0.6862 9.95334
0.686434 9.96084
0.686669 9.97324
0.686904 9.98007
0.687139 10.0312
0.687373 10.0496
0.687608 10.0599
0.687843 10.088
0.688078 10.1163
0.688312 10.1218
0.688547 10.1266
0.688782 10.1347
0.689017 10.2153
0.689251 10.2264
0.689486 10.3879
0.689721 10.3956
0.689956 10.4047
0.690191 10.4147
0.690425 10.4244
0.69066 10.4375
0.690895 10.4551
0.69113 10.4969
0.691364 10.5036
0.691599 10.5191
0.691834 10.5258
0.692069 10.534
0.692303 10.5503
0.692538 10.5538
0.692773 10.5653
0.693008 10.5748
0.693242 7.01717
0.693477 7.02562
0.693712 7.03149
0.693947 7.03911
0.694181 7.04086
0.694416 7.05222
0.694651 7.05912
0.694886 7.06424
0.69512 7.07124
0.695355 7.07479
0.69559 7.07836
0.695825 7.08522
0.696059 7.08936
0.696294 6.96636
0.696529 6.97125
0.696764 6.97405
0.696999 6.97992
0.697233 6.94105
0.697468 6.9457
0.697703 6.95016
0.697938 6.94904
0.698172 6.95081
0.698407 6.95824
0.698642 6.93232
0.698877 6.94172
0.699111 6.94444
0.699346 6.96388
0.699581 6.9769
0.699816 6.98083
0.70005 6.98604
0.700285 6.9909
0.70052 6.99923
0.700755 7.01561
0.700989 7.01236
0.701224 7.01912
0.701459 7.03747
0.701694 7.04068
0.701928 7.0472
0.702163 7.05372
0.702398 7.06007
0.702633 7.068
0.702867 7.07436
0.703102 7.03014
0.703337 7.02171
0.703572 7.03025
0.703807 7.03759
0.704041 7.04616
0.704276 7.05557
0.704511 7.05989
0.704746 7.06537
0.70498 7.06512
0.705215 7.07192
0.70545 7.08962
0.705685 7.09371
0.705919 7.10169
0.706154 7.10799
0.706389 7.1035
0.706624 7.10895
0.706858 7.11238
0.707093 7.12307
0.707328 7.12835
0.707563 7.13626
0.707797 7.143
0.708032 7.17093
0.708267 7.17578
0.708502 7.18169
0.708736 7.18793
0.708971 7.19079
0.709206 7.19423
0.709441 7.2082
0.709676 7.21355
0.70991 7.22277
0.710145 7.23012
0.71038 7.23995
0.710615 7.23872
0.710849 7.25416
0.711084 7.25859
0.711319 7.27989
0.711554 7.28287
0.711788 7.29093
0.712023 7.30077
0.712258 7.3043
0.712493 7.31134
0.712727 7.31351
0.712962 7.31799
0.713197 7.35487
0.713432 7.54164
0.713666 7.49723
0.713901 7.50916
0.714136 7.5178
0.714371 7.52208
0.714605 7.5301
0.71484 7.53773
0.715075 7.54239
0.71531 7.54981
0.715544 7.55416
0.715779 7.56107
0.716014 7.57415
0.716249 7.58072
0.716484 7.58614
0.716718 7.59209
0.716953 7.59739
0.717188 7.60133
0.717423 7.60116
0.717657 7.59217
0.717892 7.58214
0.718127 7.59134
0.718362 7.5969
0.718596 7.61612
0.718831 7.624
0.719066 7.63046
0.719301 7.64006
0.719535 7.62212
0.71977 7.62515
0.720005 7.63846
0.72024 7.64426
0.720474 7.64242
0.720709 7.61803
0.720944 7.62324
0.721179 7.62779
0.721413 7.60696
0.721648 7.61261
0.721883 7.62877
0.722118 7.63556
0.722352 7.64271
0.722587 7.64814
0.722822 7.65346
0.723057 7.68197
0.723292 7.69222
0.723526 7.70862
0.723761 7.71518
0.723996 7.72132
0.724231 7.72898
0.724465 7.73994
0.7247 7.74393
0.724935 7.75888
0.72517 7.7632
0.725404 7.76709
0.725639 7.82306
0.725874 7.83878
0.726109 7.84776
0.726343 7.85203
0.726578 7.85688
0.726813 7.86338
0.727048 7.86877
0.727282 7.86972
0.727517 7.88649
0.727752 7.89053
0.727987 7.89812
0.728221 7.90358
0.728456 5.88412
0.728691 5.88718
0.728926 5.89088
0.72916 5.89413
0.729395 5.90515
0.72963 5.91161
0.729865 5.9184
0.7301 5.92042
0.730334 5.93159
0.730569 5.9363
0.730804 5.93499
0.731039 5.93743
0.731273 5.94023
0.731508 5.94316
0.731743 5.9472
0.731978 5.96188
0.732212 5.97898
0.732447 5.9839
0.732682 5.9876
0.732917 6.00161
0.733151 5.98375
0.733386 5.97347
0.733621 5.98689
0.733856 5.9924
0.73409 5.99514
0.734325 6.01164
0.73456 6.01347
0.734795 6.00748
0.735029 6.00967
0.735264 6.01375
0.735499 6.02034
0.735734 6.02866
0.735968 6.0276
0.736203 6.03701
0.736438 6.04595
0.736673 6.04879
0.736908 6.05709
0.737142 6.0553
0.737377 6.06146
0.737612 6.06447
0.737847 6.04039
0.738081 6.04284
0.738316 6.04726
0.738551 6.04863
0.738786 6.05273
0.73902 5.93062
0.739255 5.93465
0.73949 5.93937
0.739725 5.87472
0.739959 5.87634
0.740194 5.87698
0.740429 5.88179
0.740664 5.88885
0.740898 5.8728
0.741133 5.87594
0.741368 5.87571
0.741603 5.86186
0.741837 5.86519
0.742072 5.86665
0.742307 5.86517
0.742542 5.87049
0.742776 5.86714
0.743011 5.87409
0.743246 5.87997
0.743481 5.88235
0.743716 5.88672
0.74395 5.94105
0.744185 5.94495
0.74442 5.95055
0.744655 5.95469
0.744889 5.95858
0.745124 6.00217
0.745359 5.82207
0.745594 5.81843
0.745828 5.81789
0.746063 5.8078
0.746298 5.81377
0.746533 5.66557
0.746767 5.66872
0.747002 5.53739
0.747237 5.52776
0.747472 5.50799
0.747706 5.51476
0.747941 5.52501
0.748176 5.52061
0.748411 5.52884
0.748645 5.53344
0.74888 5.55714
0.749115 5.55942
0.74935 5.56422
0.749584 5.56724
0.749819 5.57037
0.750054 5.57713
0.750289 5.61363
0.750524 5.61548
0.750758 5.62018
0.750993 5.62541
0.751228 5.6285
0.751463 5.63692
0.751697 5.59286
0.751932 5.60526
0.752167 5.61803
0.752402 5.62696
0.752636 5.63016
0.752871 5.63479
0.753106 5.63949
0.753341 5.64178
0.753575 5.6464
0.75381 5.64966
0.754045 5.66611
0.75428 5.68159
0.754514 5.6821
0.754749 5.68604
0.754984 5.68871
0.755219 5.69219
0.755453 5.69678
0.755688 5.70449
0.755923 5.7072
0.756158 5.7128
0.756392 5.69559
0.756627 5.69853
0.756862 5.7087
0.757097 5.71499
0.757332 5.71911
0.757566 5.72196
0.757801 5.72707
0.758036 5.73214
0.758271 5.73592
0.758505 5.73997
0.75874 5.73762
0.758975 5.71289
0.75921 5.71647
0.759444 5.70918
0.759679 5.6959
0.759914 5.70115
0.760149 5.71833
0.760383 5.72334
0.760618 5.72647
0.760853 5.73175
0.761088 5.7356
0.761322 5.73867
0.761557 5.74203
0.761792 5.74946
0.762027 5.75523
0.762261 5.75742
0.762496 5.75871
0.762731 5.76182
0.762966 5.77511
0.7632 5.77773
0.763435 5.78056
0.76367 5.78632
0.763905 5.78624
0.76414 5.7892
0.764374 5.79599
0.764609 5.77895
0.764844 5.81117
0.765079 5.81406
0.765313 5.81731
0.765548 5.82406
0.765783 5.82733
0.766018 5.8307
0.766252 5.8343
0.766487 5.83923
0.766722 5.84156
0.766957 5.84574
0.767191 5.85466
0.767426 5.82786
0.767661 5.83169
0.767896 5.83738
0.76813 5.83354
0.768365 5.83889
0.7686 5.84304
0.768835 5.88538
0.769069 5.86047
0.769304 5.86593
0.769539 5.41235
0.769774 5.40953
0.770008 5.41211
0.770243 5.41727
0.770478 5.41367
0.770713 5.42076
0.770948 5.42556
0.771182 5.42864
0.771417 5.43623
0.771652 5.43932
0.771887 5.44257
0.772121 5.44691
0.772356 5.35725
0.772591 5.36269
0.772826 5.30323
0.77306 5.31023
0.773295 5.30313
0.77353 5.29122
0.773765 5.29611
0.773999 5.28867
0.774234 5.2948
0.774469 5.29827
0.774704 5.29885
0.774938 5.30097
0.775173 5.30572
0.775408 5.31196
0.775643 5.3129
0.775877 5.32316
0.776112 5.32836
0.776347 5.3328
0.776582 5.33247
0.776816 5.33739
0.777051 5.33883
0.777286 5.34079
0.777521 5.34372
0.777756 5.34852
0.77799 5.34781
0.778225 5.35114
0.77846 5.35178
0.778695 5.35453
0.778929 5.32948
0.779164 5.33547
0.779399 5.33573
0.779634 5.33805
0.779868 5.34274
0.780103 5.3468
0.780338 5.35943
0.780573 5.36551
0.780807 5.37149
0.781042 5.37072
0.781277 5.37395
0.781512 5.3781
0.781746 5.38187
0.781981 5.38972
0.782216 5.39094
0.782451 5.3896
0.782685 5.38883
0.78292 5.39623
0.783155 5.39939
0.78339 5.40354
0.783624 5.40688
0.783859 5.41244
0.784094 5.41567
0.784329 5.42029
0.784564 5.41772
0.784798 5.4195
0.785033 5.4007
0.785268 5.40706
0.785503 5.40975
0.785737 5.41283
0.785972 5.41593
0.786207 5.41822
0.786442 5.42081
0.786676 5.42294
0.786911 5.42626
0.787146 5.4315
0.787381 5.43408
0.787615 5.43846
0.78785 5.44227
0.788085 5.44743
0.78832 5.44573
0.788554 5.44824
0.788789 5.45197
0.789024 5.45578
0.789259 5.45831
0.789493 5.45399
0.789728 5.45693
0.789963 5.45403
0.790198 5.45734
0.790432 5.45866
0.790667 5.46061
0.790902 5.46373
0.791137 5.466
0.791372 5.46929
0.791606 5.47267
0.791841 5.47653
0.792076 5.47963
0.792311 5.45487
0.792545 5.42772
0.79278 5.44348
0.793015 5.43975
0.79325 5.44015
0.793484 5.45967
0.793719 5.46365
0.793954 5.46618
0.794189 5.46105
0.794423 5.4672
0.794658 5.4703
0.794893 5.47264
0.795128 5.47495
0.795362 5.47899
0.795597 5.47746
0.795832 5.48077
0.796067 5.48691
0.796301 5.48695
0.796536 5.49703
0.796771 5.5111
0.797006 5.52943
0.79724 5.53354
0.797475 5.53716
0.79771 5.54333
0.797945 5.55315
0.79818 5.55578
0.798414 5.56092
0.798649 5.56362
0.798884 5.56714
0.799119 5.56978
0.799353 5.57382
0.799588 5.57647
0.799823 5.57929
0.800058 5.57762
0.800292 5.58538
0.800527 5.59404
0.800762 5.59702
0.800997 5.59953
0.801231 5.60453
0.801466 5.60907
0.801701 5.6161
0.801936 5.62305
0.80217 5.62908
0.802405 5.63236
0.80264 5.64229
0.802875 5.64572
0.803109 5.69983
0.803344 5.70582
0.803579 5.70861
0.803814 5.67865
0.804048 5.67694
0.804283 5.66878
0.804518 5.67623
0.804753 5.70348
0.804988 5.70533
0.805222 5.70766
0.805457 5.71521
0.805692 5.72605
0.805927 5.67512
0.806161 5.67879
0.806396 5.68391
0.806631 5.68687
0.806866 5.68756
0.8071 5.69213
0.807335 5.58509
0.80757 5.5872
0.807805 5.59096
0.808039 5.59351
0.808274 5.59525
0.808509 5.59832
0.808744 5.60383
0.808978 5.61039
0.809213 5.62046
0.809448 5.62544
0.809683 5.60837
0.809917 5.61418
0.810152 5.61225
0.810387 5.61836
0.810622 5.62608
0.810856 5.63008
0.811091 5.63499
0.811326 5.63911
0.811561 5.64186
0.811796 5.63984
0.81203 5.64288
0.812265 5.65335
0.8125 5.65558
0.812735 5.66031
0.812969 5.66595
0.813204 5.67015
0.813439 5.67702
0.813674 5.68124
0.813908 5.68555
0.814143 5.61407
0.814378 5.59389
0.814613 5.59975
0.814847 5.60363
0.815082 5.6035
0.815317 5.60794
0.815552 5.61081
0.815786 5.61622
0.816021 5.61943
0.816256 5.61409
0.816491 5.61727
0.816725 5.62063
0.81696 5.62296
0.817195 5.62618
0.81743 5.63159
0.817664 5.63769
0.817899 5.64012
0.818134 5.627
0.818369 5.62891
0.818604 5.63439
0.818838 5.64403
0.819073 5.63158
0.819308 5.62179
0.819543 5.61684
0.819777 5.62197
0.820012 5.62286
0.820247 5.63344
0.820482 5.63584
0.820716 5.63866
0.820951 5.64261
0.821186 5.64884
0.821421 5.65051
0.821655 5.63916
0.82189 5.64373
0.822125 5.64473
0.82236 5.64753
0.822594 5.65108
0.822829 5.65445
0.823064 5.63046
0.823299 5.63125
0.823533 5.63183
0.823768 5.64591
0.824003 5.64856
0.824238 5.65133
0.824472 5.64824
0.824707 5.65308
0.824942 5.65683
0.825177 5.66157
0.825412 5.66214
0.825646 5.67215
0.825881 5.6766
0.826116 5.5645
0.826351 5.57411
0.826585 5.57009
0.82682 5.57634
0.827055 5.59912
0.82729 5.60012
0.827524 5.6043
0.827759 5.60649
0.827994 5.60789
0.828229 5.61094
0.828463 5.60923
0.828698 5.62279
0.828933 5.63129
0.829168 5.63451
0.829402 5.66104
0.829637 5.65956
0.829872 5.66147
0.830107 5.66796
0.830341 5.67052
0.830576 5.66925
0.830811 5.67248
0.831046 5.67266
0.83128 5.67499
0.831515 5.67652
0.83175 5.68213
0.831985 5.68509
0.83222 5.54765
0.832454 5.55256
0.832689 5.55364
0.832924 5.55646
0.833159 5.55884
0.833393 5.5728
0.833628 5.59192
0.833863 5.59134
0.834098 5.59114
0.834332 5.59128
0.834567 5.59139
0.834802 5.58637
0.835037 5.59043
0.835271 5.59583
0.835506 5.60124
0.835741 5.60465
0.835976 5.59861
0.83621 5.5851
0.836445 5.59414
0.83668 5.59256
0.836915 5.58423
0.837149 5.58658
0.837384 5.59687
0.837619 5.5825
0.837854 5.62883
0.838089 5.58827
0.838323 5.59227
0.838558 5.59538
0.838793 5.60061
0.839028 5.60098
0.839262 5.60338
0.839497 5.59276
0.839732 5.59667
0.839967 5.60055
0.840201 5.60511
0.840436 5.60692
0.840671 5.60929
0.840906 5.56139
0.84114 5.56335
0.841375 5.52408
0.84161 5.52658
0.841845 5.52741
0.842079 5.53186
0.842314 5.5383
0.842549 5.53891
0.842784 5.53129
0.843018 5.49383
0.843253 5.46716
0.843488 5.4709
0.843723 5.47059
0.843957 5.4877
0.844192 5.49062
0.844427 5.49258
0.844662 5.49472
0.844897 5.49765
0.845131 5.50096
0.845366 5.49944
0.845601 5.50297
0.845836 5.50524
0.84607 5.50015
0.846305 5.40339
0.84654 5.44277
0.846775 5.46917
0.847009 5.46514
0.847244 5.47042
0.847479 5.47353
0.847714 5.48295
0.847948 5.48727
0.848183 5.49204
0.848418 5.49492
0.848653 5.5027
0.848887 5.49439
0.849122 5.47783
0.849357 5.49789
0.849592 5.48603
0.849826 5.48782
0.850061 5.49081
0.850296 5.49355
0.850531 5.49858
0.850765 5.50225
0.851 5.50627
0.851235 5.52113
0.85147 5.52429
0.851705 5.5167
0.851939 5.51781
0.852174 5.55184
0.852409 5.55552
0.852644 5.55263
0.852878 5.55307
0.853113 5.55724
0.853348 5.5608
0.853583 5.56714
0.853817 5.57073
0.854052 5.58243
0.854287 5.58309
0.854522 5.55978
0.854756 5.57676
0.854991 5.5794
0.855226 5.56142
0.855461 5.56167
0.855695 5.56574
0.85593 5.56556
0.856165 5.5686
0.8564 5.57512
0.856634 5.57864
0.856869 5.58205
0.857104 5.58861
0.857339 5.58609
0.857573 5.58337
0.857808 5.58974
0.858043 5.59468
0.858278 5.59879
0.858513 5.60191
0.858747 5.55919
0.858982 5.55516
0.859217 5.55972
0.859452 5.5334
0.859686 5.52976
0.859921 5.51328
0.860156 5.52005
0.860391 5.52701
0.860625 5.53766
0.86086 5.5572
0.861095 5.55745
0.86133 5.5326
0.861564 5.53595
0.861799 5.53604
0.862034 5.55455
0.862269 5.55722
0.862503 5.56921
0.862738 5.57262
0.862973 5.57658
0.863208 5.57994
0.863442 5.57863
0.863677 5.60379
0.863912 5.56404
0.864147 5.567
0.864381 5.53268
0.864616 5.53603
0.864851 5.53721
0.865086 5.53991
0.865321 5.53764
0.865555 5.5383
0.86579 5.50613
0.866025 5.50963
0.86626 5.40465
0.866494 5.40117
0.866729 5.40709
0.866964 5.4103
0.867199 5.4152
0.867433 5.4223
0.867668 5.42312
0.867903 5.42648
0.868138 5.43774
0.868372 5.44436
0.868607 5.45079
0.868842 5.4544
0.869077 5.45716
0.869311 5.46608
0.869546 5.47079
0.869781 5.47605
0.870016 5.47866
0.87025 5.48372
0.870485 5.48709
0.87072 5.49581
0.870955 5.44314
0.871189 5.44762
0.871424 5.43014
0.871659 5.43375
0.871894 5.43657
0.872129 5.44046
0.872363 5.44334
0.872598 5.41642
0.872833 5.41908
0.873068 5.42406
0.873302 5.42725
0.873537 5.4299
0.873772 5.43488
0.874007 5.43963
0.874241 5.4404
0.874476 5.44373
0.874711 5.42321
0.874946 5.3712
0.87518 5.37417
0.875415 5.37511
0.87565 5.37728
0.875885 5.37642
0.876119 5.38122
0.876354 5.38417
0.876589 5.38589
0.876824 5.37026
0.877058 5.31092
0.877293 5.31267
0.877528 5.31714
0.877763 5.31728
0.877997 5.319
0.878232 5.32179
0.878467 5.32526
0.878702 5.33122
0.878937 5.2964
0.879171 5.29934
0.879406 5.30042
0.879641 5.30735
0.879876 5.30949
0.88011 5.31221
0.880345 5.31315
0.88058 5.31497
0.880815 5.31744
0.881049 5.31646
0.881284 5.31926
0.881519 5.29936
0.881754 5.30139
0.881988 5.30722
0.882223 5.30971
0.882458 5.31431
0.882693 5.31626
0.882927 5.31981
0.883162 5.3223
0.883397 5.32451
0.883632 5.32529
0.883866 5.32887
0.884101 5.3122
0.884336 5.31783
0.884571 5.32847
0.884805 5.33156
0.88504 5.3325
0.885275 5.33907
0.88551 5.34313
0.885745 5.34567
0.885979 5.34188
0.886214 5.34393
0.886449 5.33923
0.886684 5.34246
0.886918 5.34517
0.887153 5.33295
0.887388 5.33692
0.887623 5.33986
0.887857 5.3337
0.888092 5.33692
0.888327 5.34111
0.888562 5.34292
0.888796 5.34637
0.889031 5.34671
0.889266 5.34964
0.889501 5.36373
0.889735 5.3563
0.88997 5.34909
0.890205 5.35369
0.89044 5.3556
0.890674 5.35693
0.890909 5.35655
0.891144 5.35634
0.891379 5.36599
0.891613 5.36856
0.891848 5.36983
0.892083 5.37222
0.892318 5.37412
0.892553 5.37775
0.892787 5.38213
0.893022 5.38025
0.893257 5.38428
0.893492 5.38981
0.893726 5.39275
0.893961 5.39594
0.894196 5.39863
0.894431 5.40139
0.894665 5.40387
0.8949 5.40903
0.895135 5.41578
0.89537 5.40834
0.895604 5.40988
0.895839 5.3976
0.896074 5.40323
0.896309 5.37908
0.896543 5.38214
0.896778 5.37946
0.897013 5.38239
0.897248 5.3762
0.897482 5.37723
0.897717 5.38171
0.897952 5.3864
0.898187 5.38683
0.898421 5.39001
0.898656 5.41026
0.898891 5.41303
0.899126 5.40983
0.899361 5.40495
0.899595 5.40715
0.89983 5.39217
0.900065 5.39669
0.9003 5.38927
0.900534 5.39242
0.900769 5.38696
0.901004 5.38898
0.901239 5.3902
0.901473 5.3873
0.901708 5.24863
0.901943 5.25199
0.902178 5.25492
0.902412 5.25685
0.902647 5.25878
0.902882 5.27015
0.903117 5.26102
0.903351 5.25963
0.903586 5.2609
0.903821 5.26346
0.904056 5.26587
0.90429 5.26888
0.904525 5.27225
0.90476 5.27456
0.904995 5.27523
0.905229 5.27615
0.905464 5.28019
0.905699 5.28615
0.905934 5.28967
0.906169 5.29078
0.906403 5.2878
0.906638 5.25614
0.906873 5.25598
0.907108 5.25938
0.907342 5.26141
0.907577 5.26584
0.907812 5.27481
0.908047 5.2774
0.908281 5.28332
0.908516 5.28365
0.908751 5.28912
0.908986 5.29211
0.90922 5.29588
0.909455 5.29873
0.90969 5.29912
0.909925 5.30177
0.910159 5.31988
0.910394 5.32684
0.910629 5.33166
0.910864 5.33331
0.911098 5.33558
0.911333 5.34257
0.911568 5.34262
0.911803 5.34474
0.912037 5.34932
0.912272 5.35014
0.912507 5.35604
0.912742 5.35891
0.912977 5.36176
0.913211 5.36414
0.913446 5.36861
0.913681 5.3691
0.913916 5.37142
0.91415 5.3737
0.914385 5.37479
0.91462 5.38207
0.914855 5.37121
0.915089 5.39378
0.915324 5.39941
0.915559 5.3998
0.915794 5.30348
0.916028 5.29682
0.916263 5.29894
0.916498 5.30184
0.916733 5.30522
0.916967 5.30689
0.917202 5.31392
0.917437 5.31706
0.917672 5.3168
0.917906 5.31943
0.918141 5.3226
0.918376 5.32133
0.918611 5.32294
0.918845 5.31858
0.91908 5.32183
0.919315 5.32232
0.91955 5.33131
0.919785 5.32662
0.920019 5.32853
0.920254 5.33426
0.920489 5.33776
0.920724 5.34124
0.920958 5.34243
0.921193 5.34589
0.921428 5.34205
0.921663 5.33315
0.921897 5.33711
0.922132 5.33964
0.922367 5.34159
0.922602 5.34538
0.922836 5.34902
0.923071 5.35215
0.923306 5.36119
0.923541 5.30871
0.923775 5.31089
0.92401 5.31398
0.924245 5.30372
0.92448 5.30245
0.924714 5.30145
0.924949 5.30533
0.925184 5.30788
0.925419 5.31178
0.925653 5.31265
0.925888 5.32114
0.926123 5.32389
0.926358 5.32658
0.926593 5.32842
0.926827 5.32977
0.927062 5.33292
0.927297 5.335
0.927532 5.33775
0.927766 5.33993
0.928001 5.33556
0.928236 5.3377
0.928471 5.34034
0.928705 5.34239
0.92894 5.34322
0.929175 5.34057
0.92941 5.33156
0.929644 5.33349
0.929879 5.33692
0.930114 5.34078
0.930349 5.34308
0.930583 5.33639
0.930818 5.33882
0.931053 5.3218
0.931288 5.32557
0.931522 5.32815
0.931757 5.32143
0.931992 5.32375
0.932227 5.3244
0.932461 5.32616
0.932696 5.33453
0.932931 5.33616
0.933166 5.34045
0.933401 5.34443
0.933635 5.35455
0.93387 5.35648
0.934105 5.35827
0.93434 5.36004
0.934574 5.36317
0.934809 5.36621
0.935044 5.36817
0.935279 5.37218
0.935513 5.36758
0.935748 5.37075
0.935983 5.37458
0.936218 5.37497
0.936452 5.36272
0.936687 5.36456
0.936922 5.36686
0.937157 5.37002
0.937391 5.372
0.937626 5.37426
0.937861 5.38187
0.938096 5.38366
0.93833 5.38618
0.938565 5.37111
0.9388 5.37069
0.939035 5.37203
0.939269 5.38341
0.939504 5.36546
0.939739 5.36845
0.939974 5.37297
0.940209 5.3794
0.940443 5.38205
0.940678 5.38479
0.940913 5.38732
0.941148 5.39134
0.941382 5.39238
0.941617 5.39164
0.941852 5.39849
0.942087 5.39375
0.942321 5.39653
0.942556 5.38242
0.942791 5.38412
0.943026 5.38597
0.94326 5.38249
0.943495 5.38356
0.94373 5.38323
0.943965 5.38495
0.944199 5.38561
0.944434 5.38912
0.944669 5.36983
0.944904 5.37106
0.945138 5.37094
0.945373 5.37351
0.945608 5.36984
0.945843 5.37141
0.946077 5.37378
0.946312 5.37652
0.946547 5.3782
0.946782 5.37917
0.947017 5.36087
0.947251 5.36446
0.947486 5.36059
0.947721 5.36307
0.947956 5.36213
0.94819 5.36524
0.948425 5.37126
0.94866 5.37024
0.948895 5.37259
0.949129 5.37478
0.949364 5.37927
0.949599 5.3821
0.949834 5.37104
0.950068 5.37845
0.950303 5.37204
0.950538 5.3743
0.950773 5.3729
0.951007 5.38331
0.951242 5.37287
0.951477 5.37563
0.951712 5.32878
0.951946 5.24625
0.952181 5.24325
0.952416 5.24208
0.952651 5.24443
0.952885 5.24672
0.95312 5.24975
0.953355 5.25204
0.95359 5.25415
0.953825 5.25747
0.954059 5.25917
0.954294 5.2638
0.954529 5.26692
0.954764 5.26156
0.954998 5.26453
0.955233 5.26423
0.955468 5.2676
0.955703 5.27028
0.955937 5.26895
0.956172 5.26686
0.956407 5.27119
0.956642 5.27351
0.956876 5.26999
0.957111 5.27364
0.957346 5.27826
0.957581 5.28185
0.957815 5.16525
0.95805 5.16838
0.958285 5.17123
0.95852 5.1717
0.958754 5.17509
0.958989 5.18037
0.959224 5.18046
0.959459 5.18214
0.959693 5.18499
0.959928 5.18264
0.960163 5.18641
0.960398 5.18864
0.960633 5.19565
0.960867 5.19723
0.961102 5.1992
0.961337 5.20111
0.961572 5.2034
0.961806 5.20309
0.962041 5.20019
0.962276 5.20527
0.962511 5.20722
0.962745 5.20983
0.96298 5.20571
0.963215 5.20318
0.96345 5.20658
0.963684 5.21137
0.963919 5.21338
0.964154 5.21696
0.964389 5.21566
0.964623 5.21838
0.964858 5.21113
0.965093 5.21545
0.965328 5.21926
0.965562 5.22195
0.965797 5.22399
0.966032 5.22635
0.966267 5.22867
0.966502 5.23068
0.966736 5.22843
0.966971 5.23123
0.967206 5.23531
0.967441 5.22358
0.967675 5.22471
0.96791 5.22728
0.968145 5.24358
0.96838 5.24628
0.968614 5.249
0.968849 5.24977
0.969084 5.25152
0.969319 5.24755
0.969553 5.25082
0.969788 5.25436
0.970023 5.25562
0.970258 5.25846
0.970492 5.26637
0.970727 5.26779
0.970962 5.2142
0.971197 5.21363
0.971431 5.21193
0.971666 5.21483
0.971901 5.21457
0.972136 5.21984
0.97237 5.22169
0.972605 5.22478
0.97284 5.22733
0.973075 5.22429
0.97331 5.22472
0.973544 5.22696
0.973779 5.24927
0.974014 5.24945
0.974249 5.2543
0.974483 5.25751
0.974718 5.26082
0.974953 5.26272
0.975188 5.26514
0.975422 5.26704
0.975657 5.26686
0.975892 5.26683
0.976127 5.26737
0.976361 5.26865
0.976596 5.27034
0.976831 5.25221
0.977066 5.25236
0.9773 5.25047
0.977535 5.25305
0.97777 5.25873
0.978005 5.24997
0.978239 5.24108
0.978474 5.24135
0.978709 5.24354
0.978944 5.24618
0.979178 5.24976
0.979413 5.2122
0.979648 5.20128
0.979883 5.20343
0.980118 5.20514
0.980352 5.20627
0.980587 5.20967
0.980822 5.21033
0.981057 5.21039
0.981291 5.20827
0.981526 5.21481
0.981761 5.21441
0.981996 5.21715
0.98223 5.22014
0.982465 5.22099
0.9827 5.22365
0.982935 5.2182
0.983169 5.22098
0.983404 5.22393
0.983639 5.22395
0.983874 5.22564
0.984108 5.21643
0.984343 5.21952
0.984578 5.22477
0.984813 5.21681
0.985047 5.22705
0.985282 5.2295
0.985517 5.23109
0.985752 5.23281
0.985986 5.23781
0.986221 5.23557
0.986456 5.23754
0.986691 5.23843
0.986926 5.24175
0.98716 5.23927
0.987395 5.25099
0.98763 5.25241
0.987865 5.25471
0.988099 5.25822
0.988334 5.25894
0.988569 5.25838
0.988804 5.26167
0.989038 5.25999
0.989273 5.26227
0.989508 5.26565
0.989743 5.26717
0.989977 5.26697
0.990212 5.26911
0.990447 5.27237
0.990682 5.2752
0.990916 5.27627
0.991151 5.27796
0.991386 5.27599
0.991621 5.26671
0.991855 5.268
0.99209 5.2625
0.992325 5.26497
0.99256 5.25809
0.992794 5.17749
0.993029 5.17223
0.993264 5.17511
0.993499 5.17661
0.993734 5.17725
0.993968 5.18058
0.994203 5.18342
0.994438 5.18752
0.994673 5.19688
0.994907 5.19731
0.995142 5.19921
0.995377 5.20364
0.995612 5.20418
0.995846 5.20664
0.996081 5.20753
0.996316 5.20871
0.996551 5.21144
0.996785 5.21345
0.99702 5.17886
0.997255 5.16925
0.99749 5.172
0.997724 5.17782
0.997959 5.18055
0.998194 5.18307
0.998429 5.19026
0.998663 5.19028
0.998898 5.18725
0.999133 5.18741
0.999368 5.18904
0.999602 5.18895
0.999837 5.19345
