0 1.00361
0.000373623 1.00967
0.000747246 1.01893
0.00112087 1.02686
0.00149449 1.03447
0.00186812 1.02203
0.00224174 1.02475
0.00261536 1.0251
0.00298899 1.02765
0.00336261 1.03069
0.00373623 1.03437
0.00410986 1.03489
0.00448348 1.0367
0.0048571 1.03924
0.00523072 1.04286
0.00560435 1.04494
0.00597797 1.04736
0.00635159 1.04782
0.00672522 1.04878
0.00709884 1.05012
0.00747246 1.0507
0.00784609 1.05122
0.00821971 1.05225
0.00859333 1.05446
0.00896696 1.05689
0.00934058 1.05797
0.0097142 1.05944
0.0100878 1.06103
0.0104614 1.06291
0.0108351 1.06378
0.0112087 1.06572
0.0115823 1.06778
0.0119559 1.06835
0.0123296 1.06979
0.0127032 1.06941
0.0130768 1.0703
0.0134504 1.07191
0.0138241 1.07356
0.0141977 1.07503
0.0145713 1.07633
0.0149449 1.07696
0.0153186 1.07735
0.0156922 1.07884
0.0160658 1.07834
0.0164394 1.07864
0.016813 1.08008
0.0171867 1.0821
0.0175603 1.08353
0.0179339 1.084
0.0183075 1.08472
0.0186812 1.08577
0.0190548 1.08625
0.0194284 1.08721
0.019802 1.08825
0.0201757 1.08827
0.0205493 1.08864
0.0209229 1.0901
0.0212965 1.09063
0.0216701 1.09191
0.0220438 1.09263
0.0224174 1.09312
0.022791 1.09396
0.0231646 1.0956
0.0235383 1.09671
0.0239119 1.09798
0.0242855 1.0975
0.0246591 1.09816
0.0250328 1.09893
0.0254064 1.09948
0.02578 1.1002
0.0261536 1.10046
0.0265272 1.10152
0.0269009 1.10241
0.0272745 1.1028
0.0276481 1.10305
0.0280217 1.10375
0.0283954 1.10514
0.028769 1.10531
0.0291426 1.10525
0.0295162 1.10585
0.0298899 1.10699
0.0302635 1.10752
0.0306371 1.10851
0.0310107 1.10905
0.0313843 1.10911
0.031758 1.11028
0.0321316 1.11148
0.0325052 1.11259
0.0328788 1.11264
0.0332525 1.1136
0.0336261 1.11375
0.0339997 1.11407
0.0343733 1.11446
0.034747 1.11459
0.0351206 1.11508
0.0354942 1.11574
0.0358678 1.11648
0.0362415 1.11664
0.0366151 1.11763
0.0369887 1.11801
0.0373623 1.11891
0.0377359 1.11935
0.0381096 1.12015
0.0384832 1.12084
0.0388568 1.12131
0.0392304 1.12194
0.0396041 1.12261
0.0399777 1.12324
0.0403513 1.12444
0.0407249 1.12487
0.0410986 1.12555
0.0414722 1.12587
0.0418458 1.12656
0.0422194 1.12734
0.042593 1.12693
0.0429667 1.1276
0.0433403 1.12801
0.0437139 1.12889
0.0440875 1.12933
0.0444612 1.1299
0.0448348 1.13046
0.0452084 1.13086
0.045582 1.13106
0.0459557 1.13126
0.0463293 1.13157
0.0467029 1.13218
0.0470765 1.13303
0.0474501 1.13302
0.0478238 1.13307
0.0481974 1.13371
0.048571 1.13418
0.0489446 1.13443
0.0493183 1.13486
0.0496919 1.13475
0.0500655 1.135
0.0504391 1.13553
0.0508128 1.13593
0.0511864 1.13623
0.05156 1.13679
0.0519336 1.13712
0.0523072 1.13772
0.0526809 1.13825
0.0530545 1.13806
0.0534281 1.13869
0.0538017 1.13875
0.0541754 1.1393
0.054549 1.13968
0.0549226 1.14028
0.0552962 1.14087
0.0556699 1.14109
0.0560435 1.14144
0.0564171 1.14188
0.0567907 1.14235
0.0571643 1.14246
0.057538 1.14278
0.0579116 1.14257
0.0582852 1.14307
0.0586588 1.14336
0.0590325 1.14364
0.0594061 1.14427
0.0597797 1.14455
0.0601533 1.14511
0.060527 1.14566
0.0609006 1.14619
0.0612742 1.14677
0.0616478 1.14706
0.0620215 1.14737
0.0623951 1.14727
0.0627687 1.14766
0.0631423 1.14834
0.0635159 1.14861
0.0638896 1.14903
0.0642632 1.14898
0.0646368 1.14873
0.0650104 1.14882
0.0653841 1.14909
0.0657577 1.1497
0.0661313 1.14982
0.0665049 1.15006
0.0668786 1.15074
0.0672522 1.15104
0.0676258 1.15135
0.0679994 1.15157
0.068373 1.15178
0.0687467 1.15188
0.0691203 1.15188
0.0694939 1.15209
0.0698675 1.15234
0.0702412 1.15275
0.0706148 1.15282
0.0709884 1.15308
0.071362 1.15322
0.0717357 1.15334
0.0721093 1.15385
0.0724829 1.15419
0.0728565 1.15459
0.0732301 1.15482
0.0736038 1.15502
0.0739774 1.15548
0.074351 1.1557
0.0747246 1.15596
0.0750983 1.15626
0.0754719 1.15651
0.0758455 1.15705
0.0762191 1.15751
0.0765928 1.15775
0.0769664 1.15818
0.07734 1.15883
0.0777136 1.15921
0.0780872 1.15917
0.0784609 1.15927
0.0788345 1.15991
0.0792081 1.16012
0.0795817 1.16037
0.0799554 1.16061
0.080329 1.16105
0.0807026 1.16143
0.0810762 1.16163
0.0814499 1.16182
0.0818235 1.16132
0.0821971 1.16174
0.0825707 1.16188
0.0829444 1.16197
0.083318 1.16239
0.0836916 1.16276
0.0840652 1.16313
0.0844388 1.1636
0.0848125 1.16382
0.0851861 1.16406
0.0855597 1.16456
0.0859333 1.16458
0.086307 1.16496
0.0866806 1.16531
0.0870542 1.16546
0.0874278 1.16543
0.0878015 1.16589
0.0881751 1.16611
0.0885487 1.16632
0.0889223 1.16634
0.0892959 1.16683
0.0896696 1.16724
0.0900432 1.16755
0.0904168 1.16784
0.0907904 1.16814
0.0911641 1.16821
0.0915377 1.16863
0.0919113 1.16881
0.0922849 1.16907
0.0926586 1.16927
0.0930322 1.16966
0.0934058 1.16994
0.0937794 1.17022
0.094153 1.17029
0.0945267 1.17064
0.0949003 1.17108
0.0952739 1.17157
0.0956475 1.1718
0.0960212 1.17202
0.0963948 1.17226
0.0967684 1.17186
0.097142 1.17211
0.0975157 1.17248
0.0978893 1.17253
0.0982629 1.1725
0.0986365 1.1727
0.0990101 1.17295
0.0993838 1.17284
0.0997574 1.1732
0.100131 1.17335
0.100505 1.17336
0.100878 1.17347
0.101252 1.17397
0.101626 1.1744
0.101999 1.17421
0.102373 1.17394
0.102746 1.17399
0.10312 1.17417
0.103494 1.17454
0.103867 1.17467
0.104241 1.17486
0.104614 1.17498
0.104988 1.17548
0.105362 1.17567
0.105735 1.17562
0.106109 1.17593
0.106483 1.17601
0.106856 1.1762
0.10723 1.17631
0.107603 1.17615
0.107977 1.17647
0.108351 1.17656
0.108724 1.17661
0.109098 1.17673
0.109472 1.17711
0.109845 1.17713
0.110219 1.1772
0.110592 1.17732
0.110966 1.17744
0.11134 1.17761
0.111713 1.17804
0.112087 1.17793
0.112461 1.17815
0.112834 1.17826
0.113208 1.1785
0.113581 1.17886
0.113955 1.1791
0.114329 1.17957
0.114702 1.17986
0.115076 1.18007
0.11545 1.18
0.115823 1.18043
0.116197 1.18062
0.11657 1.18077
0.116944 1.18086
0.117318 1.181
0.117691 1.1813
0.118065 1.18158
0.118439 1.18182
0.118812 1.18204
0.119186 1.18205
0.119559 1.18249
0.119933 1.18271
0.120307 1.18281
0.12068 1.183
0.121054 1.18291
0.121428 1.18295
0.121801 1.18317
0.122175 1.18329
0.122548 1.18356
0.122922 1.18389
0.123296 1.18397
0.123669 1.18424
0.124043 1.1846
0.124417 1.18476
0.12479 1.18488
0.125164 1.18502
0.125537 1.18507
0.125911 1.18504
0.126285 1.18492
0.126658 1.18481
0.127032 1.1851
0.127406 1.18531
0.127779 1.18549
0.128153 1.18564
0.128526 1.18579
0.1289 1.18567
0.129274 1.18586
0.129647 1.18613
0.130021 1.18643
0.130394 1.18633
0.130768 1.18651
0.131142 1.18655
0.131515 1.18675
0.131889 1.18647
0.132263 1.1866
0.132636 1.1867
0.13301 1.18657
0.133383 1.18655
0.133757 1.18658
0.134131 1.18664
0.134504 1.18698
0.134878 1.18706
0.135252 1.18709
0.135625 1.18716
0.135999 1.1874
0.136372 1.18767
0.136746 1.18785
0.13712 1.18805
0.137493 1.18811
0.137867 1.18835
0.138241 1.18849
0.138614 1.18835
0.138988 1.18844
0.139361 1.18847
0.139735 1.18871
0.140109 1.18898
0.140482 1.18915
0.140856 1.18926
0.14123 1.18955
0.141603 1.18986
0.141977 1.18997
0.14235 1.19011
0.142724 1.19024
0.143098 1.19043
0.143471 1.19057
0.143845 1.19091
0.144219 1.19098
0.144592 1.19137
0.144966 1.19164
0.145339 1.19213
0.145713 1.19222
0.146087 1.1921
0.14646 1.19222
0.146834 1.19247
0.147208 1.19255
0.147581 1.19254
0.147955 1.19255
0.148328 1.19248
0.148702 1.19233
0.149076 1.1927
0.149449 1.19274
0.149823 1.19295
0.150197 1.19301
0.15057 1.19307
0.150944 1.19323
0.151317 1.19361
0.151691 1.19379
0.152065 1.19411
0.152438 1.19426
0.152812 1.19456
0.153186 1.19469
0.153559 1.19487
0.153933 1.19509
0.154306 1.19547
0.15468 1.19583
0.155054 1.19582
0.155427 1.1962
0.155801 1.19643
0.156174 1.19648
0.156548 1.19641
0.156922 1.19642
0.157295 1.19654
0.157669 1.19656
0.158043 1.19668
0.158416 1.19678
0.15879 1.19711
0.159163 1.1972
0.159537 1.19727
0.159911 1.19745
0.160284 1.1976
0.160658 1.19778
0.161032 1.19788
0.161405 1.19803
0.161779 1.19819
0.162152 1.19871
0.162526 1.19887
0.1629 1.19869
0.163273 1.19862
0.163647 1.19873
0.164021 1.19892
0.164394 1.19921
0.164768 1.19947
0.165141 1.19944
0.165515 1.19941
0.165889 1.19963
0.166262 1.19971
0.166636 1.1998
0.16701 1.20011
0.167383 1.20021
0.167757 1.2004
0.16813 1.20058
0.168504 1.20057
0.168878 1.20079
0.169251 1.20087
0.169625 1.20109
0.169999 1.20125
0.170372 1.20137
0.170746 1.20107
0.171119 1.20109
0.171493 1.20116
0.171867 1.2014
0.17224 1.20105
0.172614 1.20114
0.172988 1.20124
0.173361 1.20135
0.173735 1.2014
0.174108 1.20135
0.174482 1.20179
0.174856 1.20191
0.175229 1.20197
0.175603 1.20188
0.175977 1.20201
0.17635 1.20215
0.176724 1.20205
0.177097 1.20149
0.177471 1.20169
0.177845 1.2016
0.178218 1.20191
0.178592 1.20205
0.178966 1.20222
0.179339 1.20211
0.179713 1.20231
0.180086 1.20243
0.18046 1.20257
0.180834 1.20289
0.181207 1.20301
0.181581 1.20306
0.181954 1.20313
0.182328 1.20352
0.182702 1.20333
0.183075 1.20354
0.183449 1.20388
0.183823 1.2038
0.184196 1.20363
0.18457 1.20367
0.184943 1.20392
0.185317 1.2036
0.185691 1.20369
0.186064 1.20368
0.186438 1.20375
0.186812 1.20391
0.187185 1.2038
0.187559 1.20372
0.187932 1.20381
0.188306 1.20378
0.18868 1.2039
0.189053 1.20389
0.189427 1.20389
0.189801 1.20396
0.190174 1.20406
0.190548 1.20415
0.190921 1.20407
0.191295 1.20415
0.191669 1.20404
0.192042 1.20406
0.192416 1.20429
0.19279 1.20434
0.193163 1.20465
0.193537 1.20488
0.19391 1.20496
0.194284 1.20503
0.194658 1.20519
0.195031 1.20531
0.195405 1.20544
0.195779 1.20548
0.196152 1.20551
0.196526 1.20595
0.196899 1.20608
0.197273 1.20617
0.197647 1.20599
0.19802 1.206
0.198394 1.20627
0.198768 1.2064
0.199141 1.20676
0.199515 1.20684
0.199888 1.20691
0.200262 1.20687
0.200636 1.20683
0.201009 1.20631
0.201383 1.20609
0.201757 1.20603
0.20213 1.2061
0.202504 1.20604
0.202877 1.20626
0.203251 1.20652
0.203625 1.20617
0.203998 1.20602
0.204372 1.20605
0.204746 1.20609
0.205119 1.20621
0.205493 1.20651
0.205866 1.20664
0.20624 1.20686
0.206614 1.20681
0.206987 1.20682
0.207361 1.20697
0.207734 1.20687
0.208108 1.20692
0.208482 1.20719
0.208855 1.20724
0.209229 1.2072
0.209603 1.20728
0.209976 1.20743
0.21035 1.20754
0.210723 1.20775
0.211097 1.20793
0.211471 1.20791
0.211844 1.20802
0.212218 1.20804
0.212592 1.20821
0.212965 1.20831
0.213339 1.20851
0.213712 1.20827
0.214086 1.20836
0.21446 1.20839
0.214833 1.20873
0.215207 1.20887
0.215581 1.2093
0.215954 1.20939
0.216328 1.20965
0.216701 1.20974
0.217075 1.20976
0.217449 1.20985
0.217822 1.20988
0.218196 1.20997
0.21857 1.20998
0.218943 1.21019
0.219317 1.2103
0.21969 1.21029
0.220064 1.21014
0.220438 1.21026
0.220811 1.21016
0.221185 1.21004
0.221559 1.21008
0.221932 1.20993
0.222306 1.21
0.222679 1.20994
0.223053 1.2098
0.223427 1.21009
0.2238 1.21016
0.224174 1.21018
0.224548 1.21043
0.224921 1.21048
0.225295 1.21024
0.225668 1.21026
0.226042 1.2103
0.226416 1.2105
0.226789 1.21038
0.227163 1.21077
0.227537 1.21097
0.22791 1.21083
0.228284 1.21095
0.228657 1.21119
0.229031 1.21121
0.229405 1.2113
0.229778 1.21139
0.230152 1.21126
0.230526 1.2114
0.230899 1.21144
0.231273 1.21161
0.231646 1.21185
0.23202 1.21216
0.232394 1.21207
0.232767 1.21233
0.233141 1.2122
0.233514 1.2125
0.233888 1.21266
0.234262 1.21264
0.234635 1.2127
0.235009 1.21249
0.235383 1.21244
0.235756 1.21238
0.23613 1.21244
0.236503 1.21209
0.236877 1.2119
0.237251 1.21192
0.237624 1.21189
0.237998 1.21214
0.238372 1.21211
0.238745 1.21225
0.239119 1.21211
0.239492 1.21218
0.239866 1.21227
0.24024 1.2123
0.240613 1.21228
0.240987 1.21244
0.241361 1.21235
0.241734 1.21222
0.242108 1.21225
0.242481 1.21224
0.242855 1.21224
0.243229 1.21251
0.243602 1.21269
0.243976 1.21282
0.24435 1.21272
0.244723 1.21289
0.245097 1.21277
0.24547 1.21298
0.245844 1.21287
0.246218 1.21285
0.246591 1.21294
0.246965 1.21291
0.247339 1.21295
0.247712 1.21301
0.248086 1.21312
0.248459 1.21319
0.248833 1.21321
0.249207 1.21328
0.24958 1.21329
0.249954 1.21341
0.250328 1.21366
0.250701 1.21381
0.251075 1.21397
0.251448 1.21411
0.251822 1.21426
0.252196 1.21456
0.252569 1.21451
0.252943 1.21467
0.253317 1.21487
0.25369 1.21479
0.254064 1.2149
0.254437 1.215
0.254811 1.21489
0.255185 1.21502
0.255558 1.21491
0.255932 1.21495
0.256306 1.21486
0.256679 1.21495
0.257053 1.21498
0.257426 1.21489
0.2578 1.21513
0.258174 1.21528
0.258547 1.21537
0.258921 1.21547
0.259294 1.21526
0.259668 1.2152
0.260042 1.21502
0.260415 1.21512
0.260789 1.21507
0.261163 1.21521
0.261536 1.21532
0.26191 1.2155
0.262283 1.21575
0.262657 1.21584
0.263031 1.21605
0.263404 1.21623
0.263778 1.21595
0.264152 1.21611
0.264525 1.2161
0.264899 1.21618
0.265272 1.21646
0.265646 1.21668
0.26602 1.2167
0.266393 1.21675
0.266767 1.21685
0.267141 1.21687
0.267514 1.2168
0.267888 1.21673
0.268261 1.21686
0.268635 1.21711
0.269009 1.21721
0.269382 1.21714
0.269756 1.2171
0.27013 1.21724
0.270503 1.21738
0.270877 1.21751
0.27125 1.21743
0.271624 1.2175
0.271998 1.21765
0.272371 1.21765
0.272745 1.21773
0.273119 1.21765
0.273492 1.21779
0.273866 1.21795
0.274239 1.21813
0.274613 1.21809
0.274987 1.21813
0.27536 1.21838
0.275734 1.21847
0.276108 1.21865
0.276481 1.21853
0.276855 1.21847
0.277228 1.21865
0.277602 1.21866
0.277976 1.21878
0.278349 1.2185
0.278723 1.21858
0.279097 1.21857
0.27947 1.21838
0.279844 1.21849
0.280217 1.21855
0.280591 1.21858
0.280965 1.21876
0.281338 1.21891
0.281712 1.21892
0.282086 1.21909
0.282459 1.21868
0.282833 1.21841
0.283206 1.21839
0.28358 1.21847
0.283954 1.21835
0.284327 1.21842
0.284701 1.21883
0.285075 1.2187
0.285448 1.21848
0.285822 1.21881
0.286195 1.21869
0.286569 1.21894
0.286943 1.21894
0.287316 1.219
0.28769 1.21912
0.288063 1.21917
0.288437 1.21925
0.288811 1.2196
0.289184 1.21952
0.289558 1.21968
0.289932 1.21961
0.290305 1.21968
0.290679 1.21968
0.291052 1.21952
0.291426 1.2196
0.2918 1.21949
0.292173 1.21974
0.292547 1.21954
0.292921 1.21968
0.293294 1.21955
0.293668 1.21951
0.294041 1.21972
0.294415 1.21979
0.294789 1.21964
0.295162 1.21968
0.295536 1.21959
0.29591 1.21964
0.296283 1.21957
0.296657 1.21961
0.29703 1.21967
0.297404 1.21983
0.297778 1.21961
0.298151 1.21967
0.298525 1.21974
0.298899 1.21967
0.299272 1.21979
0.299646 1.22001
0.300019 1.22024
0.300393 1.22018
0.300767 1.21993
0.30114 1.21984
0.301514 1.22002
0.301888 1.22018
0.302261 1.21998
0.302635 1.22008
0.303008 1.22013
0.303382 1.22001
0.303756 1.22021
0.304129 1.2204
0.304503 1.22054
0.304877 1.22067
0.30525 1.22082
0.305624 1.2207
0.305997 1.22063
0.306371 1.22067
0.306745 1.22077
0.307118 1.22082
0.307492 1.2207
0.307866 1.22051
0.308239 1.22075
0.308613 1.22074
0.308986 1.22086
0.30936 1.22088
0.309734 1.22098
0.310107 1.22098
0.310481 1.22091
0.310855 1.22085
0.311228 1.22068
0.311602 1.22066
0.311975 1.22097
0.312349 1.22094
0.312723 1.22104
0.313096 1.22094
0.31347 1.22104
0.313843 1.22107
0.314217 1.22103
0.314591 1.22132
0.314964 1.22165
0.315338 1.22173
0.315712 1.22193
0.316085 1.222
0.316459 1.22222
0.316832 1.22212
0.317206 1.22205
0.31758 1.22185
0.317953 1.22182
0.318327 1.22206
0.318701 1.22202
0.319074 1.22191
0.319448 1.22205
0.319821 1.22195
0.320195 1.22195
0.320569 1.22201
0.320942 1.22205
0.321316 1.22208
0.32169 1.22212
0.322063 1.22222
0.322437 1.22242
0.32281 1.22238
0.323184 1.22236
0.323558 1.22215
0.323931 1.22227
0.324305 1.22248
0.324679 1.22259
0.325052 1.22263
0.325426 1.22258
0.325799 1.22268
0.326173 1.22268
0.326547 1.22284
0.32692 1.22299
0.327294 1.223
0.327668 1.22305
0.328041 1.22309
0.328415 1.22333
0.328788 1.22335
0.329162 1.22349
0.329536 1.22352
0.329909 1.22358
0.330283 1.22349
0.330657 1.22366
0.33103 1.22377
0.331404 1.22389
0.331777 1.22397
0.332151 1.22413
0.332525 1.22424
0.332898 1.22422
0.333272 1.22456
0.333646 1.22463
0.334019 1.22463
0.334393 1.22468
0.334766 1.2249
0.33514 1.225
0.335514 1.22514
0.335887 1.22528
0.336261 1.22536
0.336635 1.22557
0.337008 1.22535
0.337382 1.22522
0.337755 1.22532
0.338129 1.22548
0.338503 1.22543
0.338876 1.22516
0.33925 1.22548
0.339623 1.22551
0.339997 1.22563
0.340371 1.22566
0.340744 1.22567
0.341118 1.22579
0.341492 1.22554
0.341865 1.22553
0.342239 1.2254
0.342612 1.22555
0.342986 1.22582
0.34336 1.22573
0.343733 1.22572
0.344107 1.22568
0.344481 1.22582
0.344854 1.22583
0.345228 1.22575
0.345601 1.22594
0.345975 1.22579
0.346349 1.22566
0.346722 1.22562
0.347096 1.22558
0.34747 1.2257
0.347843 1.22552
0.348217 1.22537
0.34859 1.22544
0.348964 1.22537
0.349338 1.22546
0.349711 1.22549
0.350085 1.22566
0.350459 1.22585
0.350832 1.22597
0.351206 1.22622
0.351579 1.22642
0.351953 1.2267
0.352327 1.22686
0.3527 1.22695
0.353074 1.22689
0.353448 1.22698
0.353821 1.2272
0.354195 1.2273
0.354568 1.22696
0.354942 1.22693
0.355316 1.22695
0.355689 1.22652
0.356063 1.22677
0.356437 1.22689
0.35681 1.22699
0.357184 1.22713
0.357557 1.22732
0.357931 1.22729
0.358305 1.22729
0.358678 1.22738
0.359052 1.22752
0.359426 1.22748
0.359799 1.22744
0.360173 1.22755
0.360546 1.22748
0.36092 1.22729
0.361294 1.22714
0.361667 1.22739
0.362041 1.22743
0.362415 1.22763
0.362788 1.22777
0.363162 1.22776
0.363535 1.22784
0.363909 1.2276
0.364283 1.22761
0.364656 1.22767
0.36503 1.22765
0.365403 1.22779
0.365777 1.22787
0.366151 1.22777
0.366524 1.22774
0.366898 1.22798
0.367272 1.22785
0.367645 1.22803
0.368019 1.22811
0.368392 1.2279
0.368766 1.228
0.36914 1.22784
0.369513 1.22773
0.369887 1.22796
0.370261 1.22792
0.370634 1.22786
0.371008 1.22794
0.371381 1.22794
0.371755 1.22812
0.372129 1.22809
0.372502 1.22815
0.372876 1.22817
0.37325 1.22811
0.373623 1.22803
0.373997 1.22792
0.37437 1.22806
0.374744 1.22812
0.375118 1.22804
0.375491 1.22807
0.375865 1.22816
0.376239 1.22841
0.376612 1.22855
0.376986 1.2284
0.377359 1.22841
0.377733 1.2284
0.378107 1.22861
0.37848 1.22883
0.378854 1.22888
0.379228 1.22902
0.379601 1.22896
0.379975 1.22878
0.380348 1.22861
0.380722 1.22873
0.381096 1.22877
0.381469 1.22892
0.381843 1.22871
0.382217 1.22887
0.38259 1.22872
0.382964 1.22895
0.383337 1.22883
0.383711 1.22894
0.384085 1.22917
0.384458 1.2292
0.384832 1.22919
0.385206 1.22929
0.385579 1.22927
0.385953 1.22928
0.386326 1.22946
0.3867 1.22966
0.387074 1.22965
0.387447 1.22956
0.387821 1.22957
0.388195 1.22983
0.388568 1.23002
0.388942 1.23002
0.389315 1.23017
0.389689 1.23024
0.390063 1.23028
0.390436 1.23023
0.39081 1.2302
0.391183 1.23011
0.391557 1.23011
0.391931 1.23015
0.392304 1.2302
0.392678 1.23035
0.393052 1.23037
0.393425 1.23032
0.393799 1.23021
0.394172 1.23026
0.394546 1.23027
0.39492 1.23022
0.395293 1.22999
0.395667 1.22973
0.396041 1.2296
0.396414 1.22922
0.396788 1.2293
0.397161 1.22938
0.397535 1.22949
0.397909 1.22961
0.398282 1.22958
0.398656 1.22939
0.39903 1.22912
0.399403 1.22901
0.399777 1.22893
0.40015 1.22886
0.400524 1.2286
0.400898 1.22877
0.401271 1.2289
0.401645 1.22871
0.402019 1.22867
0.402392 1.22872
0.402766 1.22885
0.403139 1.22873
0.403513 1.22869
0.403887 1.22885
0.40426 1.22908
0.404634 1.2292
0.405008 1.22932
0.405381 1.22941
0.405755 1.22911
0.406128 1.22899
0.406502 1.22881
0.406876 1.22894
0.407249 1.2289
0.407623 1.22892
0.407997 1.22891
0.40837 1.22898
0.408744 1.22884
0.409117 1.2289
0.409491 1.22888
0.409865 1.22912
0.410238 1.22913
0.410612 1.22914
0.410986 1.22916
0.411359 1.22926
0.411733 1.22935
0.412106 1.22932
0.41248 1.22907
0.412854 1.22908
0.413227 1.22913
0.413601 1.22925
0.413975 1.22949
0.414348 1.22946
0.414722 1.22929
0.415095 1.2293
0.415469 1.22882
0.415843 1.22905
0.416216 1.22911
0.41659 1.22911
0.416963 1.2293
0.417337 1.22941
0.417711 1.22946
0.418084 1.22965
0.418458 1.22986
0.418832 1.22996
0.419205 1.23001
0.419579 1.22981
0.419952 1.22958
0.420326 1.22965
0.4207 1.2297
0.421073 1.2296
0.421447 1.22973
0.421821 1.22967
0.422194 1.22977
0.422568 1.22972
0.422941 1.22999
0.423315 1.2299
0.423689 1.23002
0.424062 1.23014
0.424436 1.23003
0.42481 1.23009
0.425183 1.23011
0.425557 1.23032
0.42593 1.23031
0.426304 1.23038
0.426678 1.23045
0.427051 1.23049
0.427425 1.23061
0.427799 1.23078
0.428172 1.23085
0.428546 1.23104
0.428919 1.23094
0.429293 1.23094
0.429667 1.23092
0.43004 1.23084
0.430414 1.23054
0.430788 1.23067
0.431161 1.23044
0.431535 1.23059
0.431908 1.23052
0.432282 1.2307
0.432656 1.23086
0.433029 1.23104
0.433403 1.23111
0.433777 1.23108
0.43415 1.23111
0.434524 1.23104
0.434897 1.2307
0.435271 1.23094
0.435645 1.23113
0.436018 1.23111
0.436392 1.23135
0.436766 1.23159
0.437139 1.23156
0.437513 1.23164
0.437886 1.23165
0.43826 1.23154
0.438634 1.23117
0.439007 1.23102
0.439381 1.23106
0.439755 1.231
0.440128 1.23108
0.440502 1.23108
0.440875 1.2311
0.441249 1.23132
0.441623 1.23107
0.441996 1.2313
0.44237 1.23133
0.442743 1.23129
0.443117 1.23123
0.443491 1.23117
0.443864 1.23141
0.444238 1.23141
0.444612 1.23125
0.444985 1.23136
0.445359 1.23157
0.445732 1.23149
0.446106 1.23159
0.44648 1.23164
0.446853 1.23197
0.447227 1.23203
0.447601 1.2321
0.447974 1.23213
0.448348 1.23229
0.448721 1.23233
0.449095 1.23237
0.449469 1.23224
0.449842 1.23225
0.450216 1.23231
0.45059 1.23239
0.450963 1.23254
0.451337 1.23241
0.45171 1.23255
0.452084 1.2326
0.452458 1.2326
0.452831 1.23271
0.453205 1.23282
0.453579 1.23295
0.453952 1.23332
0.454326 1.23317
0.454699 1.23323
0.455073 1.23329
0.455447 1.23364
0.45582 1.23377
0.456194 1.23349
0.456568 1.23357
0.456941 1.23365
0.457315 1.23389
0.457688 1.23397
0.458062 1.23402
0.458436 1.23416
0.458809 1.23398
0.459183 1.23383
0.459557 1.23369
0.45993 1.23367
0.460304 1.23393
0.460677 1.23419
0.461051 1.23447
0.461425 1.23433
0.461798 1.23458
0.462172 1.2347
0.462546 1.23473
0.462919 1.23486
0.463293 1.23486
0.463666 1.23501
0.46404 1.23512
0.464414 1.23519
0.464787 1.23517
0.465161 1.2354
0.465535 1.23526
0.465908 1.2355
0.466282 1.23555
0.466655 1.23558
0.467029 1.23572
0.467403 1.23558
0.467776 1.23576
0.46815 1.23571
0.468523 1.2359
0.468897 1.23586
0.469271 1.23601
0.469644 1.236
0.470018 1.23603
0.470392 1.2359
0.470765 1.23568
0.471139 1.23578
0.471512 1.23576
0.471886 1.23586
0.47226 1.23607
0.472633 1.23611
0.473007 1.23626
0.473381 1.23638
0.473754 1.23652
0.474128 1.2366
0.474501 1.23659
0.474875 1.23685
0.475249 1.23693
0.475622 1.23663
0.475996 1.23682
0.47637 1.23702
0.476743 1.23708
0.477117 1.23695
0.47749 1.23717
0.477864 1.23725
0.478238 1.23716
0.478611 1.23716
0.478985 1.23691
0.479359 1.23687
0.479732 1.23704
0.480106 1.23693
0.480479 1.23697
0.480853 1.23672
0.481227 1.23664
0.4816 1.23646
0.481974 1.23615
0.482348 1.23636
0.482721 1.23635
0.483095 1.23638
0.483468 1.23656
0.483842 1.23679
0.484216 1.23682
0.484589 1.23682
0.484963 1.23666
0.485337 1.23658
0.48571 1.23663
0.486084 1.23667
0.486457 1.23652
0.486831 1.23663
0.487205 1.23684
0.487578 1.23691
0.487952 1.23702
0.488326 1.23714
0.488699 1.23707
0.489073 1.23708
0.489446 1.23725
0.48982 1.23735
0.490194 1.23747
0.490567 1.23774
0.490941 1.23768
0.491315 1.2376
0.491688 1.23709
0.492062 1.23725
0.492435 1.23741
0.492809 1.23748
0.493183 1.23729
0.493556 1.23757
0.49393 1.2376
0.494303 1.23761
0.494677 1.23748
0.495051 1.23744
0.495424 1.23763
0.495798 1.23744
0.496172 1.23728
0.496545 1.23696
0.496919 1.23685
0.497292 1.23673
0.497666 1.23711
0.49804 1.23733
0.498413 1.23762
0.498787 1.23765
0.499161 1.23785
0.499534 1.23788
0.499908 1.23808
0.500281 1.2382
0.500655 1.23825
0.501029 1.23828
0.501402 1.2383
0.501776 1.23814
0.50215 1.23789
0.502523 1.23781
0.502897 1.23783
0.50327 1.23803
0.503644 1.23794
0.504018 1.23797
0.504391 1.23782
0.504765 1.23752
0.505139 1.23738
0.505512 1.2374
0.505886 1.23732
0.506259 1.23735
0.506633 1.23719
0.507007 1.23733
0.50738 1.23747
0.507754 1.23764
0.508128 1.23765
0.508501 1.23775
0.508875 1.23783
0.509248 1.23785
0.509622 1.23766
0.509996 1.23764
0.510369 1.23803
0.510743 1.23764
0.511117 1.23787
0.51149 1.23793
0.511864 1.23802
0.512237 1.23815
0.512611 1.23802
0.512985 1.23798
0.513358 1.238
0.513732 1.23804
0.514106 1.23823
0.514479 1.23772
0.514853 1.23744
0.515226 1.23698
0.5156 1.23704
0.515974 1.23673
0.516347 1.23661
0.516721 1.23687
0.517095 1.23682
0.517468 1.23677
0.517842 1.23681
0.518215 1.23703
0.518589 1.23692
0.518963 1.23689
0.519336 1.2368
0.51971 1.23689
0.520083 1.23695
0.520457 1.23715
0.520831 1.23711
0.521204 1.23703
0.521578 1.23702
0.521952 1.23664
0.522325 1.23641
0.522699 1.23645
0.523072 1.23596
0.523446 1.23603
0.52382 1.23595
0.524193 1.23604
0.524567 1.23618
0.524941 1.2361
0.525314 1.23614
0.525688 1.23625
0.526061 1.23624
0.526435 1.23616
0.526809 1.2363
0.527182 1.23648
0.527556 1.23605
0.52793 1.23646
0.528303 1.23652
0.528677 1.23665
0.52905 1.2368
0.529424 1.23688
0.529798 1.23687
0.530171 1.23684
0.530545 1.23665
0.530919 1.23697
0.531292 1.23681
0.531666 1.2369
0.532039 1.23674
0.532413 1.23705
0.532787 1.23696
0.53316 1.23674
0.533534 1.23654
0.533908 1.23671
0.534281 1.23679
0.534655 1.23671
0.535028 1.23678
0.535402 1.23703
0.535776 1.23728
0.536149 1.23749
0.536523 1.23761
0.536897 1.23773
0.53727 1.23793
0.537644 1.23787
0.538017 1.23785
0.538391 1.238
0.538765 1.23817
0.539138 1.23817
0.539512 1.23807
0.539886 1.23812
0.540259 1.23795
0.540633 1.23798
0.541006 1.23792
0.54138 1.2378
0.541754 1.23798
0.542127 1.23758
0.542501 1.23745
0.542875 1.23748
0.543248 1.23773
0.543622 1.23758
0.543995 1.2375
0.544369 1.23678
0.544743 1.23676
0.545116 1.23633
0.54549 1.23637
0.545863 1.23642
0.546237 1.2363
0.546611 1.23624
0.546984 1.23636
0.547358 1.23669
0.547732 1.23679
0.548105 1.23681
0.548479 1.23694
0.548852 1.23706
0.549226 1.23697
0.5496 1.23696
0.549973 1.23731
0.550347 1.2375
0.550721 1.23746
0.551094 1.23732
0.551468 1.23762
0.551841 1.23771
0.552215 1.23764
0.552589 1.23753
0.552962 1.23771
0.553336 1.23762
0.55371 1.23772
0.554083 1.23786
0.554457 1.23822
0.55483 1.23819
0.555204 1.23813
0.555578 1.23845
0.555951 1.23843
0.556325 1.23841
0.556699 1.23826
0.557072 1.23828
0.557446 1.2385
0.557819 1.23842
0.558193 1.23836
0.558567 1.23873
0.55894 1.23877
0.559314 1.23879
0.559688 1.23893
0.560061 1.23907
0.560435 1.23875
0.560808 1.23909
0.561182 1.23889
0.561556 1.23857
0.561929 1.23843
0.562303 1.23836
0.562677 1.2384
0.56305 1.23832
0.563424 1.23789
0.563797 1.23772
0.564171 1.23757
0.564545 1.23776
0.564918 1.23791
0.565292 1.23793
0.565666 1.23772
0.566039 1.23765
0.566413 1.23785
0.566786 1.23767
0.56716 1.2376
0.567534 1.2375
0.567907 1.23766
0.568281 1.23761
0.568655 1.23792
0.569028 1.2378
0.569402 1.23757
0.569775 1.23777
0.570149 1.23786
0.570523 1.23795
0.570896 1.23813
0.57127 1.23808
0.571643 1.23774
0.572017 1.23782
0.572391 1.23812
0.572764 1.23826
0.573138 1.23842
0.573512 1.2384
0.573885 1.23847
0.574259 1.23865
0.574632 1.23809
0.575006 1.23822
0.57538 1.23826
0.575753 1.23796
0.576127 1.2382
0.576501 1.23828
0.576874 1.23847
0.577248 1.23862
0.577621 1.2384
0.577995 1.23835
0.578369 1.23796
0.578742 1.23809
0.579116 1.23785
0.57949 1.23789
0.579863 1.23766
0.580237 1.23794
0.58061 1.23804
0.580984 1.23815
0.581358 1.23816
0.581731 1.23822
0.582105 1.23819
0.582479 1.23824
0.582852 1.23837
0.583226 1.23792
0.583599 1.23757
0.583973 1.23773
0.584347 1.23776
0.58472 1.23774
0.585094 1.23737
0.585468 1.23758
0.585841 1.2379
0.586215 1.23802
0.586588 1.2381
0.586962 1.23804
0.587336 1.23801
0.587709 1.23811
0.588083 1.23821
0.588457 1.23823
0.58883 1.23842
0.589204 1.23849
0.589577 1.23849
0.589951 1.23867
0.590325 1.23866
0.590698 1.23893
0.591072 1.23895
0.591446 1.23909
0.591819 1.23903
0.592193 1.23916
0.592566 1.23946
0.59294 1.23949
0.593314 1.23976
0.593687 1.23981
0.594061 1.23992
0.594435 1.23978
0.594808 1.23954
0.595182 1.23975
0.595555 1.23984
0.595929 1.23991
0.596303 1.23987
0.596676 1.23953
0.59705 1.23956
0.597423 1.23937
0.597797 1.23907
0.598171 1.23891
0.598544 1.23877
0.598918 1.2388
0.599292 1.23867
0.599665 1.23872
0.600039 1.23843
0.600412 1.23848
0.600786 1.23881
0.60116 1.23885
0.601533 1.23865
0.601907 1.23843
0.602281 1.23839
0.602654 1.2385
0.603028 1.23863
0.603401 1.23914
0.603775 1.23915
0.604149 1.23888
0.604522 1.23879
0.604896 1.23888
0.60527 1.23879
0.605643 1.239
0.606017 1.23881
0.60639 1.23897
0.606764 1.23895
0.607138 1.23868
0.607511 1.23878
0.607885 1.23882
0.608259 1.2389
0.608632 1.23911
0.609006 1.23923
0.609379 1.23918
0.609753 1.2394
0.610127 1.23944
0.6105 1.23946
0.610874 1.23936
0.611248 1.23929
0.611621 1.23944
0.611995 1.23956
0.612368 1.23985
0.612742 1.23988
0.613116 1.23993
0.613489 1.23992
0.613863 1.23994
0.614237 1.24006
0.61461 1.23996
0.614984 1.23973
0.615357 1.23974
0.615731 1.23983
0.616105 1.24014
0.616478 1.24015
0.616852 1.23968
0.617226 1.23954
0.617599 1.23942
0.617973 1.2395
0.618346 1.23932
0.61872 1.23951
0.619094 1.23938
0.619467 1.23926
0.619841 1.23942
0.620215 1.23945
0.620588 1.23972
0.620962 1.23968
0.621335 1.23994
0.621709 1.23992
0.622083 1.23964
0.622456 1.23969
0.62283 1.23964
0.623203 1.2393
0.623577 1.23897
0.623951 1.23887
0.624324 1.23891
0.624698 1.23885
0.625072 1.23831
0.625445 1.23837
0.625819 1.23862
0.626192 1.23837
0.626566 1.23833
0.62694 1.23791
0.627313 1.23778
0.627687 1.23769
0.628061 1.23747
0.628434 1.23735
0.628808 1.23744
0.629181 1.23676
0.629555 1.23679
0.629929 1.23679
0.630302 1.23673
0.630676 1.23709
0.63105 1.23731
0.631423 1.23718
0.631797 1.23706
0.63217 1.23757
0.632544 1.23764
0.632918 1.23779
0.633291 1.23742
0.633665 1.2379
0.634039 1.23792
0.634412 1.23798
0.634786 1.23806
0.635159 1.2381
0.635533 1.23826
0.635907 1.2386
0.63628 1.23875
0.636654 1.23853
0.637028 1.23857
0.637401 1.23884
0.637775 1.23888
0.638148 1.23875
0.638522 1.23894
0.638896 1.23883
0.639269 1.23884
0.639643 1.23892
0.640017 1.23924
0.64039 1.23919
0.640764 1.23922
0.641137 1.23914
0.641511 1.23928
0.641885 1.23923
0.642258 1.2393
0.642632 1.23933
0.643006 1.23921
0.643379 1.23939
0.643753 1.23945
0.644126 1.23919
0.6445 1.23922
0.644874 1.23935
0.645247 1.23941
0.645621 1.23927
0.645995 1.23917
0.646368 1.23929
0.646742 1.23962
0.647115 1.23956
0.647489 1.23946
0.647863 1.23943
0.648236 1.23935
0.64861 1.23894
0.648983 1.23909
0.649357 1.2393
0.649731 1.23947
0.650104 1.23974
0.650478 1.23959
0.650852 1.23975
0.651225 1.23958
0.651599 1.23977
0.651972 1.23975
0.652346 1.23958
0.65272 1.23967
0.653093 1.23973
0.653467 1.24016
0.653841 1.24056
0.654214 1.24063
0.654588 1.24083
0.654961 1.24098
0.655335 1.24082
0.655709 1.24087
0.656082 1.24116
0.656456 1.24077
0.65683 1.24084
0.657203 1.24102
0.657577 1.24124
0.65795 1.24121
0.658324 1.24136
0.658698 1.24137
0.659071 1.24098
0.659445 1.24086
0.659819 1.24041
0.660192 1.24053
0.660566 1.24049
0.660939 1.24057
0.661313 1.24085
0.661687 1.24101
0.66206 1.24084
0.662434 1.24052
0.662808 1.24019
0.663181 1.24018
0.663555 1.24043
0.663928 1.24074
0.664302 1.24013
0.664676 1.23982
0.665049 1.2394
0.665423 1.23959
0.665797 1.2394
0.66617 1.23896
0.666544 1.23904
0.666917 1.23923
0.667291 1.23948
0.667665 1.23928
0.668038 1.23925
0.668412 1.2394
0.668786 1.23916
0.669159 1.23915
0.669533 1.2391
0.669906 1.23946
0.67028 1.23921
0.670654 1.2393
0.671027 1.23967
0.671401 1.23909
0.671775 1.23896
0.672148 1.2387
0.672522 1.23838
0.672895 1.23844
0.673269 1.23837
0.673643 1.23803
0.674016 1.2381
0.67439 1.23786
0.674763 1.23836
0.675137 1.23816
0.675511 1.23807
0.675884 1.23795
0.676258 1.23809
0.676632 1.23833
0.677005 1.23888
0.677379 1.23885
0.677752 1.23885
0.678126 1.23919
0.6785 1.23939
0.678873 1.23976
0.679247 1.23993
0.679621 1.2399
0.679994 1.23987
0.680368 1.23929
0.680741 1.2395
0.681115 1.2396
0.681489 1.23877
0.681862 1.23844
0.682236 1.23882
0.68261 1.23927
0.682983 1.23915
0.683357 1.23916
0.68373 1.23963
0.684104 1.23967
0.684478 1.2394
0.684851 1.23924
0.685225 1.23922
0.685599 1.23951
0.685972 1.23945
0.686346 1.23909
0.686719 1.23909
0.687093 1.23887
0.687467 1.23871
0.68784 1.23857
0.688214 1.23872
0.688588 1.23858
0.688961 1.23816
0.689335 1.23799
0.689708 1.23819
0.690082 1.23783
0.690456 1.23792
0.690829 1.2377
0.691203 1.23796
0.691577 1.23789
0.69195 1.23786
0.692324 1.23762
0.692697 1.23793
0.693071 1.23788
0.693445 1.23801
0.693818 1.2381
0.694192 1.23787
0.694566 1.23809
0.694939 1.23794
0.695313 1.23785
0.695686 1.23797
0.69606 1.23797
0.696434 1.23796
0.696807 1.23774
0.697181 1.23803
0.697555 1.23795
0.697928 1.23807
0.698302 1.23815
0.698675 1.23791
0.699049 1.23814
0.699423 1.23767
0.699796 1.23768
0.70017 1.23756
0.700543 1.23794
0.700917 1.23815
0.701291 1.23863
0.701664 1.23885
0.702038 1.23908
0.702412 1.23939
0.702785 1.2396
0.703159 1.23994
0.703532 1.23997
0.703906 1.23984
0.70428 1.2397
0.704653 1.23945
0.705027 1.2398
0.705401 1.23996
0.705774 1.23992
0.706148 1.23995
0.706521 1.24004
0.706895 1.24009
0.707269 1.24031
0.707642 1.24064
0.708016 1.24045
0.70839 1.24029
0.708763 1.24032
0.709137 1.24015
0.70951 1.2404
0.709884 1.24033
0.710258 1.24039
0.710631 1.24047
0.711005 1.24023
0.711379 1.24034
0.711752 1.24016
0.712126 1.23992
0.712499 1.23996
0.712873 1.24064
0.713247 1.24085
0.71362 1.24078
0.713994 1.24081
0.714368 1.24063
0.714741 1.24074
0.715115 1.24048
0.715488 1.24041
0.715862 1.24078
0.716236 1.24106
0.716609 1.24074
0.716983 1.2405
0.717357 1.24017
0.71773 1.24081
0.718104 1.24136
0.718477 1.24103
0.718851 1.24027
0.719225 1.24047
0.719598 1.24087
0.719972 1.24104
0.720346 1.24045
0.720719 1.24052
0.721093 1.24011
0.721466 1.24045
0.72184 1.24041
0.722214 1.24037
0.722587 1.24048
0.722961 1.24096
0.723335 1.24024
0.723708 1.23966
0.724082 1.23963
0.724455 1.24005
0.724829 1.23989
0.725203 1.23984
0.725576 1.23989
0.72595 1.24013
0.726323 1.24043
0.726697 1.24093
0.727071 1.24081
0.727444 1.24113
0.727818 1.24135
0.728192 1.24155
0.728565 1.24153
0.728939 1.24101
0.729312 1.24121
0.729686 1.241
0.73006 1.2411
0.730433 1.24097
0.730807 1.24113
0.731181 1.24104
0.731554 1.24167
0.731928 1.24171
0.732301 1.24172
0.732675 1.24165
0.733049 1.24097
0.733422 1.24131
0.733796 1.24145
0.73417 1.24177
0.734543 1.24175
0.734917 1.24166
0.73529 1.2417
0.735664 1.24168
0.736038 1.24156
0.736411 1.24168
0.736785 1.24189
0.737159 1.24201
0.737532 1.24189
0.737906 1.24196
0.738279 1.24229
0.738653 1.24207
0.739027 1.24193
0.7394 1.2421
0.739774 1.24207
0.740148 1.24194
0.740521 1.24179
0.740895 1.24222
0.741268 1.24225
0.741642 1.24196
0.742016 1.24218
0.742389 1.24187
0.742763 1.24243
0.743137 1.24185
0.74351 1.24156
0.743884 1.24183
0.744257 1.24175
0.744631 1.24158
0.745005 1.24152
0.745378 1.24162
0.745752 1.24152
0.746126 1.24192
0.746499 1.2412
0.746873 1.24099
0.747246 1.24139
0.74762 1.24141
0.747994 1.24125
0.748367 1.24086
0.748741 1.24098
0.749115 1.24022
0.749488 1.23957
0.749862 1.2399
0.750235 1.23967
0.750609 1.24015
0.750983 1.23984
0.751356 1.24003
0.75173 1.24018
0.752103 1.23988
0.752477 1.24007
0.752851 1.24003
0.753224 1.24041
0.753598 1.24073
0.753972 1.24076
0.754345 1.24009
0.754719 1.23988
0.755092 1.23972
0.755466 1.23972
0.75584 1.23884
0.756213 1.23896
0.756587 1.23863
0.756961 1.23839
0.757334 1.23689
0.757708 1.23701
0.758081 1.2368
0.758455 1.2367
0.758829 1.23709
0.759202 1.23638
0.759576 1.23658
0.75995 1.23666
0.760323 1.2368
0.760697 1.23693
0.76107 1.23683
0.761444 1.23665
0.761818 1.23682
0.762191 1.23674
0.762565 1.23677
0.762939 1.23658
0.763312 1.23669
0.763686 1.23727
0.764059 1.23678
0.764433 1.23676
0.764807 1.23676
0.76518 1.23688
0.765554 1.23661
0.765928 1.2369
0.766301 1.23712
0.766675 1.23749
0.767048 1.23768
0.767422 1.23735
0.767796 1.23765
0.768169 1.23801
0.768543 1.23757
0.768917 1.23758
0.76929 1.23774
0.769664 1.23781
0.770037 1.23788
0.770411 1.23789
0.770785 1.23814
0.771158 1.23833
0.771532 1.23895
0.771906 1.23816
0.772279 1.23841
0.772653 1.23807
0.773026 1.23791
0.7734 1.23809
0.773774 1.23815
0.774147 1.23861
0.774521 1.23847
0.774895 1.2377
0.775268 1.23824
0.775642 1.23784
0.776015 1.238
0.776389 1.23838
0.776763 1.239
0.777136 1.23885
0.77751 1.23811
0.777883 1.23758
0.778257 1.23718
0.778631 1.23733
0.779004 1.23677
0.779378 1.23678
0.779752 1.23642
0.780125 1.23641
0.780499 1.23602
0.780872 1.23536
0.781246 1.23506
0.78162 1.23504
0.781993 1.23543
0.782367 1.2353
0.782741 1.23573
0.783114 1.23582
0.783488 1.23575
0.783861 1.23639
0.784235 1.23623
0.784609 1.23643
0.784982 1.23694
0.785356 1.23722
0.78573 1.23689
0.786103 1.23679
0.786477 1.23688
0.78685 1.23625
0.787224 1.23663
0.787598 1.23679
0.787971 1.23649
0.788345 1.2367
0.788719 1.23677
0.789092 1.23703
0.789466 1.23756
0.789839 1.23793
0.790213 1.23744
0.790587 1.23789
0.79096 1.23782
0.791334 1.23773
0.791708 1.23782
0.792081 1.23832
0.792455 1.23783
0.792828 1.23795
0.793202 1.23826
0.793576 1.23777
0.793949 1.2382
0.794323 1.23839
0.794697 1.23722
0.79507 1.23735
0.795444 1.23769
0.795817 1.23762
0.796191 1.23769
0.796565 1.23735
0.796938 1.23728
0.797312 1.2376
0.797686 1.23775
0.798059 1.23799
0.798433 1.23801
0.798806 1.2374
0.79918 1.23738
0.799554 1.2365
0.799927 1.23745
0.800301 1.23724
0.800675 1.23702
0.801048 1.23687
0.801422 1.23663
0.801795 1.23647
0.802169 1.23701
0.802543 1.23702
0.802916 1.23713
0.80329 1.23715
0.803664 1.23718
0.804037 1.23712
0.804411 1.23768
0.804784 1.23821
0.805158 1.23858
0.805532 1.23807
0.805905 1.23853
0.806279 1.23849
0.806652 1.23867
0.807026 1.23813
0.8074 1.23855
0.807773 1.23868
0.808147 1.23931
0.808521 1.24014
0.808894 1.24033
0.809268 1.24067
0.809641 1.24101
0.810015 1.24118
0.810389 1.24185
0.810762 1.24232
0.811136 1.24169
0.81151 1.24189
0.811883 1.24192
0.812257 1.24229
0.81263 1.24316
0.813004 1.24388
0.813378 1.24377
0.813751 1.24342
0.814125 1.24345
0.814499 1.24215
0.814872 1.24192
0.815246 1.24162
0.815619 1.24139
0.815993 1.24208
0.816367 1.24233
0.81674 1.24298
0.817114 1.24343
0.817488 1.24339
0.817861 1.24391
0.818235 1.24409
0.818608 1.24365
0.818982 1.24289
0.819356 1.24243
0.819729 1.24277
0.820103 1.24282
0.820477 1.24322
0.82085 1.24329
0.821224 1.2432
0.821597 1.24286
0.821971 1.24341
0.822345 1.24334
0.822718 1.24344
0.823092 1.24362
0.823466 1.24302
0.823839 1.24294
0.824213 1.24397
0.824586 1.24367
0.82496 1.24374
0.825334 1.24271
0.825707 1.24317
0.826081 1.24285
0.826455 1.24139
0.826828 1.24067
0.827202 1.24086
0.827575 1.24069
0.827949 1.24064
0.828323 1.24014
0.828696 1.24023
0.82907 1.24035
0.829444 1.24075
0.829817 1.24101
0.830191 1.24069
0.830564 1.24161
0.830938 1.24161
0.831312 1.24108
0.831685 1.24088
0.832059 1.24079
0.832432 1.24067
0.832806 1.24106
0.83318 1.24162
0.833553 1.24129
0.833927 1.24097
0.834301 1.24117
0.834674 1.23992
0.835048 1.23963
0.835421 1.23814
0.835795 1.23868
0.836169 1.2391
0.836542 1.23896
0.836916 1.23985
0.83729 1.23944
0.837663 1.23952
0.838037 1.23988
0.83841 1.24012
0.838784 1.24076
0.839158 1.24029
0.839531 1.24117
0.839905 1.24182
0.840279 1.24168
0.840652 1.24147
0.841026 1.24242
0.841399 1.24264
0.841773 1.24292
0.842147 1.24182
0.84252 1.2412
0.842894 1.2403
0.843268 1.24065
0.843641 1.24138
0.844015 1.2417
0.844388 1.24097
0.844762 1.24133
0.845136 1.24133
0.845509 1.24205
0.845883 1.24113
0.846257 1.24038
0.84663 1.2405
0.847004 1.2409
0.847377 1.23964
0.847751 1.23972
0.848125 1.23991
0.848498 1.23892
0.848872 1.23947
0.849246 1.24029
0.849619 1.2405
0.849993 1.24153
0.850366 1.24148
0.85074 1.2414
0.851114 1.24071
0.851487 1.24046
0.851861 1.2402
0.852235 1.24092
0.852608 1.2411
0.852982 1.24147
0.853355 1.24131
0.853729 1.24006
0.854103 1.2406
0.854476 1.24028
0.85485 1.24001
0.855224 1.23956
0.855597 1.23989
0.855971 1.23925
0.856344 1.23996
0.856718 1.23983
0.857092 1.24046
0.857465 1.2393
0.857839 1.23941
0.858212 1.24047
0.858586 1.23896
0.85896 1.23912
0.859333 1.23897
0.859707 1.23866
0.860081 1.2379
0.860454 1.23564
0.860828 1.23505
0.861201 1.23595
0.861575 1.23688
0.861949 1.23654
0.862322 1.23686
0.862696 1.23654
0.86307 1.23707
0.863443 1.23609
0.863817 1.23543
0.86419 1.23537
0.864564 1.23593
0.864938 1.23641
0.865311 1.23566
0.865685 1.23411
0.866059 1.23425
0.866432 1.23518
0.866806 1.23542
0.867179 1.23423
0.867553 1.23568
0.867927 1.23575
0.8683 1.2364
0.868674 1.23566
0.869048 1.23661
0.869421 1.23883
0.869795 1.23956
0.870168 1.2398
0.870542 1.23854
0.870916 1.23888
0.871289 1.23828
0.871663 1.23872
0.872037 1.23987
0.87241 1.24041
0.872784 1.24168
0.873157 1.24218
0.873531 1.24265
0.873905 1.24313
0.874278 1.24327
0.874652 1.24235
0.875026 1.24206
0.875399 1.24217
0.875773 1.24177
0.876146 1.24152
0.87652 1.24197
0.876894 1.24195
0.877267 1.24325
0.877641 1.24374
0.878015 1.24392
0.878388 1.24445
0.878762 1.24401
0.879135 1.24366
0.879509 1.24392
0.879883 1.24388
0.880256 1.24299
0.88063 1.24233
0.881004 1.24222
0.881377 1.24174
0.881751 1.24215
0.882124 1.24071
0.882498 1.24074
0.882872 1.24045
0.883245 1.24042
0.883619 1.23955
0.883992 1.23969
0.884366 1.23896
0.88474 1.23981
0.885113 1.23764
0.885487 1.23729
0.885861 1.2371
0.886234 1.23696
0.886608 1.23792
0.886981 1.2388
0.887355 1.23972
0.887729 1.2396
0.888102 1.24063
0.888476 1.23976
0.88885 1.24044
0.889223 1.24142
0.889597 1.24
0.88997 1.23854
0.890344 1.23963
0.890718 1.24119
0.891091 1.24159
0.891465 1.24176
0.891839 1.24277
0.892212 1.24291
0.892586 1.24383
0.892959 1.24308
0.893333 1.24207
0.893707 1.24093
0.89408 1.24132
0.894454 1.24099
0.894828 1.24066
0.895201 1.24154
0.895575 1.24066
0.895948 1.23805
0.896322 1.23556
0.896696 1.23544
0.897069 1.23523
0.897443 1.2363
0.897817 1.23818
0.89819 1.23836
0.898564 1.23796
0.898937 1.23916
0.899311 1.23987
0.899685 1.23809
0.900058 1.23961
0.900432 1.24068
0.900806 1.24189
0.901179 1.24216
0.901553 1.24256
0.901926 1.24305
0.9023 1.24429
0.902674 1.24267
0.903047 1.24283
0.903421 1.24243
0.903795 1.24212
0.904168 1.2416
0.904542 1.24285
0.904915 1.2433
0.905289 1.24407
0.905663 1.24431
0.906036 1.2442
0.90641 1.24516
0.906784 1.24573
0.907157 1.24594
0.907531 1.24614
0.907904 1.24323
0.908278 1.24416
0.908652 1.24474
0.909025 1.24558
0.909399 1.24711
0.909772 1.24893
0.910146 1.2449
0.91052 1.24438
0.910893 1.24545
0.911267 1.24717
0.911641 1.24206
0.912014 1.24262
0.912388 1.24022
0.912761 1.2392
0.913135 1.24027
0.913509 1.23732
0.913882 1.23846
0.914256 1.23911
0.91463 1.23961
0.915003 1.24054
0.915377 1.24043
0.91575 1.2408
0.916124 1.24213
0.916498 1.24304
0.916871 1.24467
0.917245 1.24294
0.917619 1.2441
0.917992 1.24292
0.918366 1.24182
0.918739 1.24247
0.919113 1.24303
0.919487 1.24383
0.91986 1.24329
0.920234 1.24443
0.920608 1.24638
0.920981 1.24743
0.921355 1.24821
0.921728 1.24719
0.922102 1.24704
0.922476 1.24619
0.922849 1.24507
0.923223 1.24635
0.923597 1.24749
0.92397 1.24732
0.924344 1.24671
0.924717 1.24655
0.925091 1.24755
0.925465 1.24705
0.925838 1.24733
0.926212 1.24781
0.926586 1.24856
0.926959 1.25091
0.927333 1.24874
0.927706 1.25056
0.92808 1.25245
0.928454 1.25179
0.928827 1.25317
0.929201 1.25411
0.929575 1.25458
0.929948 1.253
0.930322 1.25382
0.930695 1.25402
0.931069 1.25379
0.931443 1.25193
0.931816 1.25262
0.93219 1.24792
0.932564 1.24366
0.932937 1.23873
0.933311 1.23488
0.933684 1.23603
0.934058 1.23823
0.934432 1.23734
0.934805 1.23593
0.935179 1.2339
0.935552 1.23375
0.935926 1.23522
0.9363 1.23512
0.936673 1.23875
0.937047 1.24115
0.937421 1.23919
0.937794 1.23729
0.938168 1.23585
0.938541 1.23474
0.938915 1.23639
0.939289 1.2384
0.939662 1.23927
0.940036 1.24084
0.94041 1.23875
0.940783 1.23698
0.941157 1.23737
0.94153 1.23473
0.941904 1.23464
0.942278 1.23243
0.942651 1.23253
0.943025 1.23504
0.943399 1.23794
0.943772 1.23913
0.944146 1.23891
0.944519 1.24163
0.944893 1.24174
0.945267 1.24157
0.94564 1.24363
0.946014 1.24622
0.946388 1.2485
0.946761 1.25078
0.947135 1.25221
0.947508 1.25244
0.947882 1.25048
0.948256 1.25259
0.948629 1.25428
0.949003 1.25443
0.949377 1.25444
0.94975 1.25434
0.950124 1.25056
0.950497 1.25157
0.950871 1.24907
0.951245 1.25273
0.951618 1.25669
0.951992 1.25734
0.952366 1.26052
0.952739 1.25684
0.953113 1.25516
0.953486 1.25713
0.95386 1.25765
0.954234 1.25829
0.954607 1.26124
0.954981 1.26283
0.955355 1.26168
0.955728 1.2621
0.956102 1.26123
0.956475 1.25968
0.956849 1.26007
0.957223 1.26148
0.957596 1.25941
0.95797 1.26131
0.958344 1.26296
0.958717 1.26464
0.959091 1.25471
0.959464 1.25772
0.959838 1.25807
0.960212 1.26012
0.960585 1.26412
0.960959 1.25727
0.961332 1.26037
0.961706 1.26152
0.96208 1.26072
0.962453 1.26265
0.962827 1.26525
0.963201 1.26731
0.963574 1.26491
0.963948 1.25204
0.964321 1.25549
0.964695 1.25471
0.965069 1.25855
0.965442 1.24833
0.965816 1.24611
0.96619 1.24698
0.966563 1.24923
0.966937 1.24929
0.96731 1.24708
0.967684 1.24919
0.968058 1.25059
0.968431 1.25283
0.968805 1.25741
0.969179 1.26148
0.969552 1.2671
0.969926 1.26862
0.970299 1.26825
0.970673 1.27337
0.971047 1.27685
0.97142 1.27666
0.971794 1.27931
0.972168 1.27583
0.972541 1.28154
0.972915 1.26077
0.973288 1.25433
0.973662 1.26049
0.974036 1.2663
0.974409 1.2676
0.974783 1.2635
0.975157 1.26776
0.97553 1.27758
0.975904 1.2333
0.976277 1.22936
0.976651 1.2394
0.977025 1.25049
0.977398 1.24243
0.977772 1.23912
0.978146 1.24403
0.978519 1.24816
0.978893 1.25926
0.979266 1.25561
0.97964 1.19912
0.980014 1.19051
0.980387 1.19945
0.980761 1.20276
0.981135 1.18856
0.981508 1.18333
0.981882 1.18997
0.982255 1.17363
0.982629 1.16064
0.983003 1.15802
0.983376 1.14869
0.98375 1.15674
0.984124 1.15028
0.984497 1.15182
0.984871 1.15598
0.985244 1.18131
0.985618 1.18577
0.985992 1.17009
0.986365 1.15303
0.986739 1.12222
0.987112 1.12222
0.987486 1.12569
0.98786 1.10055
0.988233 1.10953
0.988607 1.10953
0.988981 1.11181
0.989354 1.11507
0.989728 1.11954
0.990101 1.12321
0.990475 1.12917
0.990849 1.09028
0.991222 1.09943
0.991596 1.1039
0.99197 1.09127
0.992343 1.1125
0.992717 1.1125
0.99309 1.1125
0.993464 1.1125
0.993838 1.125
0.994211 1.125
0.994585 1.125
0.994959 1.0625
0.995332 1.0625
0.995706 -nan
0.996079 -nan
0.996453 -nan
0.996827 -nan
0.9972 -nan
0.997574 -nan
0.997948 -nan
0.998321 -nan
0.998695 -nan
0.999068 -nan
0.999442 -nan
0.999816 -nan
