1 316208
2 122295
3 33479.8
4 17095.9
5 9221.5
6 5743.6
7 3787.6
8 2596
9 1887.2
10 1427.8
11 1075.5
12 846.3
13 671.7
14 540.2
15 433.2
16 358.5
17 294.2
18 254.3
19 210.3
20 189.6
21 152.6
22 134.6
23 118.9
24 106.5
25 87.7
26 82.3
27 70.3
28 61.7
29 53.9
30 52.5
31 41
32 37.1
33 31.9
34 32.7
35 30.6
36 25
37 22.7
38 20.9
39 19.9
40 16.8
41 15.6
42 14.2
43 12.1
44 11.8
45 9.5
46 10.3
47 9.9
48 7.4
49 8
50 6.5
51 6.5
52 5.6
53 5.4
54 5.7
55 4.7
56 4.7
57 3.6
58 4.9
59 3.6
60 3.9
61 3.625
62 2.5
63 2.44444
64 3.1
65 2.88889
66 2.28571
67 1.875
68 1.88889
69 2.25
70 1.22222
71 1.625
72 2
73 1.57143
74 1.75
75 2
76 1.71429
77 2.125
78 1.875
79 1.16667
80 1.5
81 1.28571
82 1
83 1.5
84 1.6
85 1.2
86 1.4
87 2
88 1.4
89 1
90 1.2
91 1
92 1
93 1.25
94 1
95 1.2
96 1.5
97 1
98 2
99 1
100 1
101 1.33333
102 1
103 2
104 1.33333
105 1
106 1
107 1
108 1
109 1
110 1
112 1
113 1
115 1
117 1
118 1
119 1
123 1
124 1
126 2
127 1
129 1
131 1
136 1
138 1
156 1
159 1
160 1
164 1
167 2
172 1
200 1
