1 248454
2 97314.7
3 27923.2
4 14572
5 8132.1
6 5192.1
7 3544.2
8 2529.3
9 1882.8
10 1482.1
11 1156.6
12 905.5
13 756.6
14 627.9
15 538.6
16 449.5
17 385.8
18 346.9
19 295.2
20 253.9
21 233.7
22 205
23 170.7
24 164.6
25 150.8
26 127.2
27 118.7
28 110.6
29 105.9
30 93.5
31 86.7
32 88.1
33 75.8
34 70.2
35 59.2
36 57.3
37 59.5
38 50.7
39 52
40 45.3
41 42.2
42 42
43 35.9
44 38.4
45 35.2
46 29.5
47 30.3
48 27
49 23.6
50 26.8
51 26.1
52 22.8
53 22.3
54 19.7
55 19.8
56 19.8
57 16.9
58 18.3
59 17.8
60 15.3
61 15.2
62 13.6
63 14.1
64 16.2
65 16.7
66 12.9
67 11.7
68 12.3
69 13.3
70 11.7
71 10.8
72 11.6
73 11.4
74 8.6
75 9.3
76 9.9
77 9.2
78 6.4
79 7.7
80 7.5
81 7.1
82 7.8
83 7
84 8.2
85 7
86 6.1
87 6.5
88 6
89 5.8
90 6.6
91 5.8
92 5.4
93 5.6
94 6
95 6.2
96 5.9
97 5.4
98 4.6
99 4.3
100 4.4
101 5
102 4.6
103 3.1
104 3.5
105 4.3
106 3.8
107 3.6
108 3.4
109 4.8
110 2.55556
111 3.8
112 3.4
113 2.88889
114 4.5
115 3.8
116 3.33333
117 3.1
118 3.11111
119 2.55556
120 3.4
121 3
122 3
123 3.33333
124 2.66667
125 2.22222
126 2.4
127 2.66667
128 2.4
129 2.55556
130 2.44444
131 1.9
132 1.83333
133 2.75
134 3.1
135 2.44444
136 2.25
137 1.5
138 2.5
139 1.83333
140 1.77778
141 2.44444
142 1.75
143 2.55556
144 1.83333
145 2.11111
146 2.55556
147 2.75
148 2
149 2.88889
150 2.3
151 1.16667
152 1.57143
153 2.625
154 1.88889
155 1.66667
156 2.14286
157 1.75
158 2
159 2.28571
160 1.75
161 1.375
162 2.14286
163 1.71429
164 1.875
165 1.125
166 1
167 1.25
168 2.28571
169 2.66667
170 2.16667
171 1.55556
172 1.57143
173 1.2
174 2.14286
175 1.57143
176 2.33333
177 1.8
178 1.6
179 1.33333
180 1.5
181 1.875
182 1.66667
183 2
184 1.66667
185 1.33333
186 1.25
187 1.33333
188 1.625
189 2.4
190 1.66667
191 1.33333
192 1.42857
193 2
194 2.4
195 3
196 1.66667
197 1.66667
198 1.4
199 1.6
200 1.2
201 1.16667
202 1
203 1
204 1.33333
205 1.33333
206 1
207 1.33333
208 2
209 1.5
210 1.4
211 1.4
212 1
213 1.5
214 1
215 1.33333
216 1.6
217 2
218 1.25
219 1
220 1.33333
221 1.33333
222 1
223 1
225 1.5
226 1
227 1.2
228 1.4
229 1.33333
230 1
231 1
232 1.33333
233 1.2
234 1
235 1
236 1
237 1.2
238 1.33333
239 1.25
240 1
241 1.33333
242 1
243 1
244 1
245 1.6
246 1.25
247 2.33333
248 1.2
249 1
250 1
251 1
252 1.2
253 1.4
254 1.2
255 1.33333
256 1.8
257 1
258 1
259 1
261 1
262 1.33333
263 1
264 1.66667
265 1
266 1.5
267 1.4
268 1.14286
269 1
270 1.4
271 1
272 1
273 1.5
274 1.33333
275 1.2
276 1.25
277 1.33333
278 1.33333
279 1.4
280 1.25
281 1
282 1
283 1
284 1
285 1.5
286 1
287 1
288 1
289 1
290 1
291 2
292 1
293 1
295 1
296 1.66667
297 1.66667
298 1.33333
299 1
300 1
301 1.33333
302 1.25
303 1
304 1
305 1
306 1
307 1
308 1.5
309 1
310 1
311 1
312 1
313 2
314 1.4
315 1
316 1.5
317 1
318 1.33333
319 1.33333
320 1
321 1
322 1
323 1
324 1
325 1
326 1
327 1
328 1.5
329 1.5
330 1
331 1
332 1
333 1
334 1
335 1
336 1.2
337 1
339 1.5
340 1
342 1
343 1
344 1
346 2
347 1
348 1.5
349 1
351 1
352 1
353 1
354 1
355 1
356 1
357 1
358 1
359 1
360 1
361 1
362 1
363 1
364 1
365 1
368 1
369 1
370 1
371 1
372 1
373 1
374 1
375 1
377 1
378 1
379 1
380 1
381 1
382 1
383 1
385 1
386 1
387 1
390 1.33333
391 1
392 1.66667
395 1
396 1
397 1.33333
398 1
399 2
400 1
401 1
402 1
403 1.33333
404 1
406 1
407 1.33333
408 1
409 1
412 1
413 1
415 1
417 1
418 1
419 1
420 1
421 1
422 1
423 1
424 1
426 1
427 1
430 1
431 1
432 2
434 1
435 1
436 1
437 1
438 1
441 1
442 1
445 1.5
446 1
447 1
450 1
451 1
452 1
453 1
455 1
456 1
458 1
460 1
461 1
463 2
464 1
465 1
468 1
469 1
470 1
471 1
473 1
475 1
476 1
481 1
482 1
483 1
488 1
493 1
495 1
500 1
501 1
502 1
504 1
506 1
510 1
511 1
512 1
513 1
517 1
522 1
523 1
524 1
526 1
528 1
530 1
533 1
536 1
538 1
541 1
542 1
543 1
545 1
547 1
555 1
557 1
558 1
561 1
563 1
567 1
574 1
575 1
579 1
581 1
583 1
585 1
589 1
591 1
592 1
593 1
594 1
595 1
596 1
602 1
603 1
604 1
605 1
607 1
610 1
611 1
614 1
617 1
621 1
622 1
627 1
634 1
638 1
639 1
641 1
642 1
643 1
659 1
662 1
668 1
669 1
673 1
675 1
676 1
679 2
683 1
685 1
689 1
697 1
698 1
700 1
701 1
703 1
704 1
707 1
710 1
718 1
720 1
729 1
731 1
732 1
734 1
736 1
738 1
741 1
746 1
747 1
753 1
762 1
767 1
768 1
769 1
773 1
776 1
777 1
785 1
786 1
790 1
795 1
804 1
806 1
809 1
821 2
824 1
825 1
827 1
836 1
837 1
842 1
848 1
866 1
868 1
870 1
874 1
875 1
891 1
896 1
900 1
904 1
906 1
912 1
923 2
930 1
932 1
939 1
948 1
959 1
964 1
966 1
971 1
973 1
982 1
988 1
990 1
1004 1
1014 1
1015 1
1020 1
1040 1
1045 1
1047 1
1064 1
1072 1
1075 1
1092 1
1097 1
1099 1
1100 1
1112 1
1114 1
1115 1
1125 1
1129 1
1151 1
1164 1
1169 1
1199 1
1200 1
1202 1
1207 1
1213 1
1219 1
1238 1
1247 1
1248 1
1250 1
1255 1
1259 1
1261 1
1262 1
1268 1
1283 1
1294 1
1325 1
1326 1
1331 1
1344 1
1345 1
1374 1
1394 1
1485 1
1525 1
1643 1
1644 1
1684 1
1688 1
1720 1
1844 1
1852 1
1864 1
1893 1
1897 1
1954 1
1978 1
2021 1
2160 1
2301 1
2405 1
2410 1
2421 1
2433 1
2499 1
2523 1
2741 1
2828 1
3032 1
3499 1
3571 1
4642 1
5593 1
6228 1
10382 1
