1 196573
2 74359
3 21073.5
4 10772.9
5 5999.5
6 3787.6
7 2505.5
8 1754.5
9 1300.7
10 977.5
11 763
12 611.6
13 492.9
14 409.3
15 322.6
16 269.2
17 221.7
18 192.7
19 170.1
20 145.9
21 124.6
22 110
23 103
24 85.9
25 77.1
26 68.3
27 60.5
28 54.4
29 50.8
30 41.8
31 37.7
32 36.6
33 31.2
34 31.5
35 29.5
36 23.8
37 23.9
38 22.2
39 20.2
40 16.5
41 17.3
42 15.9
43 14.8
44 13.2
45 11.8
46 11.1
47 11.6
48 12.2
49 9.4
50 10.4
51 7.9
52 7.2
53 8
54 7.1
55 7.2
56 5.6
57 5.9
58 6.4
59 4.9
60 5
61 3.9
62 5
63 3.4
64 4
65 4
66 3.1
67 3.44444
68 3.33333
69 3.9
70 2.2
71 2.77778
72 3
73 2.44444
74 2.6
75 1.88889
76 3.375
77 2
78 2.42857
79 2
80 2
81 1.5
82 1.85714
83 1.83333
84 1.4
85 1.75
86 2.16667
87 1.5
88 2
89 1.28571
90 2
91 2.14286
92 1.42857
93 1.5
94 2.2
95 1.2
96 1.5
97 2
98 1.85714
99 1.25
100 1.6
101 1
102 1.5
103 1.6
104 1
105 1
106 1
107 1
108 1.5
109 1
110 1
111 1
112 1.33333
113 1.5
114 1
115 1.2
116 1
117 1
118 1.5
119 1
120 1
121 2
122 1
123 1
124 1
125 1
126 1.25
127 1
128 1.25
130 1.33333
131 1.5
132 1
133 1
134 1
135 1
136 1
137 1
138 1
139 1
140 1
142 1
143 1
144 1
147 1
148 1
150 1
151 1.33333
152 1
154 1
155 1
158 1
159 1
168 1
169 2
171 1
174 2
175 1
176 1
179 3
185 1
188 1
189 1
190 1
192 1
193 1
209 1
214 1
220 1
224 1
230 1
244 1
250 1
273 1
294 1
344118 1
345401 1
345436 1
345666 1
345780 1
345953 1
346460 1
346531 1
348700 1
349802 1
