1 156392
2 55366.1
3 15082.7
4 7342.2
5 3845.1
6 2285.3
7 1458.2
8 988.8
9 684.7
10 487.2
11 355.9
12 271.1
13 212.3
14 157.3
15 121.3
16 100
17 79.6
18 64.1
19 53.6
20 40
21 33
22 32.3
23 25.9
24 20.5
25 16.6
26 12.7
27 14.6
28 11.7
29 11.4
30 8.3
31 8.2
32 5.2
33 4.7
34 4
35 4
36 4.66667
37 4.22222
38 3.33333
39 3.5
40 2.5
41 2.57143
42 2.75
43 2.42857
44 1.71429
45 1.42857
46 1.14286
47 1
48 1.8
49 1.33333
50 1.5
51 1.16667
52 1.6
53 1.28571
54 1
55 1
56 1.5
57 1
58 1
59 1
60 1
61 1.5
62 1
63 1
64 1
65 1
69 1
71 1
74 1
76 1
83 1
90 1
101 1
113 1
567290 1
567571 1
569251 1
569504 1
569526 1
569587 1
569789 1
570023 1
570311 1
571272 1
