1 367936
2 67722.7
3 24914.9
4 12159.2
5 7006.1
6 4469.8
7 3036.1
8 2186
9 1614
10 1272.4
11 977.6
12 779.4
13 628.2
14 540.8
15 461.5
16 377.2
17 333.6
18 293.2
19 251.9
20 225.1
21 196.1
22 174.8
23 149.8
24 144.9
25 126.5
26 115.7
27 108.6
28 94.9
29 86
30 82.5
31 72.9
32 67.4
33 63.3
34 57.3
35 57.9
36 55.4
37 44.5
38 43.4
39 38.1
40 37.1
41 39.1
42 35
43 30.4
44 29.8
45 29.1
46 27.3
47 27.3
48 24.5
49 23.8
50 21.9
51 20.6
52 20.1
53 18.8
54 18
55 18.9
56 17.5
57 13.7
58 13.1
59 13.9
60 12.6
61 12
62 13.7
63 13.4
64 12.7
65 12.9
66 10.2
67 11
68 9.6
69 11.1
70 9.3
71 10
72 8.8
73 8.9
74 10.1
75 8.1
76 8.8
77 8.3
78 8.2
79 7.8
80 8
81 7.5
82 7
83 6.1
84 6.8
85 7
86 6.9
87 5.1
88 5
89 6.4
90 4.4
91 4.2
92 5
93 5.11111
94 4.6
95 4.1
96 5.6
97 4.9
98 3.3
99 4.3
100 4.11111
101 3.7
102 4.7
103 4
104 3.6
105 3.375
106 3.77778
107 3.77778
108 4.4
109 3.8
110 2.1
111 3.3
112 3.4
113 3.1
114 3.7
115 2.22222
116 3.75
117 2.88889
118 2.8
119 2.2
120 3.5
121 2.22222
122 2.66667
123 2.6
124 2.5
125 2.8
126 2
127 2.5
128 2.11111
129 3
130 2.75
131 2.375
132 2.25
133 2.5
134 2.75
135 3.25
136 2
137 1.57143
138 2
139 2
140 2.1
141 1.77778
142 1.88889
143 1.83333
144 1.625
145 2.125
146 1.85714
147 1.875
148 2.42857
149 1.66667
150 2.11111
151 1.28571
152 2.14286
153 2.375
154 2
155 1.83333
156 1.25
157 2.125
158 1.85714
159 1.57143
160 1.71429
161 1.71429
162 1.66667
163 1.14286
164 1.85714
165 1.85714
166 2
167 1.85714
168 1.375
169 1.28571
170 1.6
171 1
172 1.42857
173 1.42857
174 1.66667
175 1.33333
176 1.375
177 1.2
178 1.42857
179 1.5
180 1.33333
181 1.33333
182 1.66667
183 1
184 1.2
185 1.5
186 2.5
187 2.14286
188 1.6
189 1
190 2
191 1.4
192 1.42857
193 1
194 2
195 1.28571
196 1.5
197 1.2
198 1.83333
199 1.4
200 1.375
201 1.25
202 1.28571
203 1.16667
204 1.66667
205 1
206 1.33333
207 1.16667
208 1
209 1.25
210 1.75
211 1.4
212 1.4
213 1
214 1.14286
215 1.66667
216 1.4
217 1
218 1.16667
219 1
220 1
221 1.33333
222 1.66667
223 1.33333
224 1
225 1.25
226 1
227 1
228 1.25
229 1.66667
230 1
231 2
232 1.5
233 1
234 1.75
235 1
236 2
237 1.5
238 1
239 1.33333
240 1
241 1.16667
242 1.33333
243 1
244 1
245 1
246 1.33333
247 1
248 2
249 1
250 1.5
251 1.25
252 1
253 1.2
254 1.33333
255 1.4
256 1
257 1
258 1
259 1
260 1.25
261 1.33333
262 1
263 1.25
264 1
265 1
266 1
267 1.2
268 1
269 1.33333
270 1.5
272 1
273 1.33333
274 1
275 1
276 1
277 1
278 1
279 1.33333
281 1
282 1
283 1
284 1
285 1.33333
286 1.5
287 1
288 1
291 1
292 1.2
294 1.2
295 1
296 1.5
297 1
298 1
299 1
300 1
301 1
303 1.5
304 1
305 1
306 1
307 1
308 1
309 1
310 1
311 1
312 1.66667
313 1
314 1
315 1.33333
316 1.5
317 1
318 1
319 1
320 1
321 1
322 1.33333
325 2
327 1
329 1.33333
330 1
331 1
332 1
333 1
334 2
335 1
337 1
338 1
339 1.5
340 1
341 1
342 1
343 1
344 1
345 1
346 1
347 1
348 1
349 1
350 1
351 1
352 1
353 1.33333
354 1
356 1
357 1
358 1.2
359 1
360 1
361 1
362 1
363 1
364 1
365 1
366 1
367 1
368 2
369 1
370 1
371 1
372 1
374 1
375 1
377 1
379 1
381 1.5
382 1
383 1
384 1
385 1
386 1
388 1.33333
389 1
391 1
393 1
397 1
398 1
399 1
400 1
401 1
402 1
403 1
404 1
408 1
409 1
410 1.33333
411 1
415 1
416 1
418 2
419 1.5
420 1
421 1.5
423 1
424 1
426 1
427 1
428 1
429 1
430 1
432 1
433 1
434 1
436 1
438 1
439 1
441 1
442 1
444 1
446 1
447 1
448 1
449 1
450 1
451 1
452 1
455 1.5
456 1
459 1
460 1
461 1
462 1
464 1
465 1
466 1
467 1
468 1
469 1
471 1
472 1
477 1
481 1
483 1
486 1
487 1
491 1
492 1
493 1
494 1
496 1
497 1
499 1
500 1
502 1
503 1
507 1
508 1
509 1
510 1
511 1
513 1
514 1
515 1
516 1
517 1
518 1
519 1
521 1
523 1
524 1
525 1
528 1
532 1
534 2
535 1
536 1
542 1
543 1
548 1
549 1
550 1
553 1
559 1
561 1
562 1
566 1
571 1
573 1
575 1
578 2
583 1
585 1
587 1
588 1
589 1
590 1
596 1.25
597 1
598 1
601 1
604 1
605 1
608 1
609 1
613 1
618 1
619 1
621 1.5
625 1
626 1
631 1
633 1
642 1
647 1
649 2
650 1
657 1
659 1
660 1
664 1
666 1
667 1
669 1
680 1
689 1
692 1
694 1
699 1
702 1
703 1
710 1
715 1
716 1
717 1
719 1
728 1
730 1
732 1
735 1
738 1
739 1
741 1
743 1
746 1
750 1
757 1
761 1
763 1
764 1
767 1
770 1
772 1
779 1
783 1
792 2
796 1
800 1
809 1
818 1
819 1
822 1
836 1
837 1
861 1
862 1
863 1
868 1
878 1
900 1
909 1
913 1
918 1
925 1
926 1
939 1
940 1
961 1
967 1
974 1
993 1
1006 1
1007 1
1010 1
1020 1
1029 1
1035 1
1044 1
1048 1
1053 1
1062 1
1078 1
1091 1
1097 1
1100 1
1105 1
1112 1
1119 1
1143 1
1147 1
1154 1
1155 1
1169 1
1183 1
1192 1
1202 1
1231 1
1282 1
1356 1
1380 1
1431 1
1445 1
1471 1
1506 1
1521 1
1549 1
1577 1
1611 1
1671 1
1694 1
1736 1
1759 1
1773 1
1790 1
1872 1
1943 1
1957 1
1981 1
2006 1
2026 1
2039 1
2053 1
2080 1
2081 1
2090 1
2103 1
2199 1
2379 1
2599 1
2613 1
2630 1
2663 1
2792 1
3008 1
4108 1
5042 1
5096 1
5125 1
5233 1
5337 1
5623 1
5776 1
6261 1
8448 1
9343 1
9357 1
11971 1
12818 1
15012 1
17908 1
19316 1
