1 301135
2 54478.2
3 19690.3
4 9502.1
5 5367.1
6 3362
7 2239.1
8 1569.4
9 1166.7
10 877.9
11 663.6
12 548.3
13 430.3
14 346
15 298.3
16 240.9
17 203.2
18 175.8
19 143.8
20 126.9
21 115.4
22 101.7
23 87.8
24 76.7
25 68.3
26 61.6
27 53.5
28 50.2
29 42.5
30 38.2
31 36.3
32 31.6
33 29
34 28.9
35 25.8
36 20.9
37 20.9
38 19.1
39 15.8
40 14.4
41 15.8
42 14.8
43 12.4
44 10.4
45 10.3
46 9.2
47 9.7
48 11
49 7.7
50 7.4
51 5.8
52 7
53 8.4
54 6.7
55 5
56 4.7
57 5.6
58 5.3
59 4.2
60 3.7
61 4
62 3
63 3.4
64 3.1
65 3.2
66 3.4
67 3.22222
68 3.375
69 2.66667
70 2.88889
71 2
72 2.44444
73 2.66667
74 2.25
75 2.625
76 2
77 2.5
78 1.875
79 1.5
80 1.625
81 1.28571
82 1.25
83 1.5
84 2.42857
85 2
86 1.66667
87 1.5
88 1.25
89 2.8
90 1
91 1.33333
92 1.66667
93 1.75
94 1.83333
95 1.5
96 1
97 1
98 1.33333
99 1.4
100 1.5
101 1.5
102 1
103 1.16667
104 1
105 2.33333
106 1.5
108 1
109 1
110 1.33333
111 1.25
112 1
113 1
114 1
115 1
116 1
117 1
118 1
119 1
120 1
121 1
122 1
123 1
124 1
126 1
127 1
128 1
129 1
130 1
131 1
132 2
133 1
135 1
136 1
138 1
139 1
142 1
143 1
144 1
146 1
147 1
148 1
149 1
153 1
154 1.5
155 1
156 1
157 1
158 1
159 1
162 1
166 2
167 1
171 1
172 1
174 1
175 1
179 1
187 1
188 1.5
190 1
198 1
199 1
200 1
204 1
205 1
216 1
228 1
253 1
259 1
282 1
310 1
311236 1
311285 1
311476 1
312757 1
313048 1
313232 1
314087 1
315543 1
315933 1
316458 1
