1 246651
2 42576.4
3 14656.3
4 6765.8
5 3657
6 2186.2
7 1391.3
8 932.3
9 661.6
10 473.6
11 345
12 258.7
13 200.9
14 152.9
15 125.8
16 101.7
17 83.1
18 65.8
19 55.9
20 47.6
21 36.9
22 34
23 23.8
24 24.3
25 17.4
26 14.1
27 14.7
28 11
29 10.4
30 9.9
31 6.6
32 6.8
33 6
34 5.1
35 4.5
36 4.1
37 3.6
38 4.25
39 2.6
40 3.1
41 2.44444
42 1.375
43 2.33333
44 1.6
45 1.875
46 1.42857
47 1.42857
48 1.25
49 1
50 1.66667
51 1
52 1.25
53 1.33333
54 1
55 1
56 1
57 1
58 1
59 1
60 1
61 1
62 1
63 1
64 1
65 1
66 1
67 1
68 1.5
69 1
70 1
73 1
74 1
78 1
83 1
86 1
95 1
96 1
509227 1
510436 1
510484 1
510628 1
511118 1
511158 1
511177 1
511401 1
511501 1
511502 1
