1 71125.8
2 15185
3 6435.5
4 3508.5
5 2170.8
6 1489.5
7 1068.3
8 807.8
9 618.2
10 488.6
11 408
12 332.9
13 264.8
14 236.5
15 202.8
16 181.6
17 152.8
18 137.3
19 123.8
20 105.5
21 94.9
22 91.2
23 81.2
24 72.3
25 66.5
26 57.2
27 60
28 51.2
29 46.3
30 43.9
31 37.8
32 38.8
33 32.9
34 32
35 29.5
36 27.6
37 27.9
38 25.5
39 25.1
40 22.1
41 20.7
42 18
43 19.3
44 16.8
45 18.3
46 16.5
47 13.9
48 12.8
49 14.1
50 14.2
51 12.8
52 10.7
53 12.5
54 11
55 9.9
56 11.3
57 7.8
58 10.2
59 10.7
60 9.5
61 9
62 7.9
63 8.4
64 7.1
65 8.6
66 8.5
67 6.2
68 6.3
69 5.9
70 7.6
71 5.3
72 5.5
73 5.1
74 6.9
75 5.9
76 6.4
77 5.1
78 4.8
79 4.5
80 2.6
81 4.2
82 4.4
83 3.3
84 3
85 4.44444
86 3.5
87 2.8
88 3
89 3.5
90 2.9
91 4.3
92 3.77778
93 2.9
94 3.33333
95 4.2
96 2.625
97 2.5
98 2.9
99 3.25
100 3
101 3.2
102 3.77778
103 3
104 2.77778
105 2.88889
106 1.9
107 2
108 2.33333
109 1.8
110 2.75
111 1.8
112 1.55556
113 2.11111
114 2.42857
115 2.11111
116 1.66667
117 1.66667
118 2.77778
119 1.77778
120 1.2
121 2.55556
122 2.8
123 1.88889
124 2
125 2.25
126 2.25
127 1.33333
128 2.5
129 2.6
130 2.125
131 2.6
132 2
133 1.55556
134 1
135 1.66667
136 2
137 1.25
138 1.28571
139 2.66667
140 1.66667
141 1.66667
142 1.75
143 1.375
144 1.5
145 1
146 1.28571
147 2.2
148 1.33333
149 1.25
150 1.42857
151 1.5
152 1.4
153 1.375
154 1.625
155 1
156 1.5
157 1.14286
158 1.66667
159 1.42857
160 1.6
161 1.14286
162 1.16667
163 1.25
164 1.75
165 1.25
166 1.28571
167 1.66667
168 1.28571
169 1
170 1.66667
171 1.33333
172 1
173 1.2
174 1.8
175 2
176 1.8
177 1.66667
178 1.125
179 1.5
180 1
181 1
182 1
183 1
184 1.5
185 1.25
186 1
187 1.83333
188 1.16667
189 1
190 1.33333
191 1.25
192 1.2
193 1.4
194 1
195 1
196 1.28571
197 1.25
198 1
199 1.25
200 1.5
201 1
202 1
203 1
204 1.5
205 1.75
206 1
207 1
208 1.25
209 1
210 1
211 1.25
212 1
213 1
214 1.2
215 1.5
216 1.5
217 1
218 1.5
219 1.33333
220 1.33333
221 1.33333
222 1.4
223 1.33333
224 1.66667
225 1
226 1.5
227 1
228 1
229 1
230 1
231 1
232 1.5
233 1
234 1.25
235 1
236 1
237 1
238 1.66667
239 1.2
240 1
241 2
242 1
243 1
244 1.5
245 1
246 1
247 1
248 1
249 1.25
250 1
251 1
252 1
253 2
254 1.25
255 1.5
256 1.33333
257 1
258 1
259 1
260 1
261 1
262 1
264 1
265 1
266 1
267 1
268 1
270 2
271 1
272 1.25
273 1
274 1
275 1
277 1
279 1
280 1
281 1
282 1
283 1
286 1
287 1
288 2
289 1.33333
290 1
291 1
292 1
293 1
294 2
296 1
297 1
299 1
300 1
301 1
302 1
303 1
304 1
306 1
307 1
308 1
309 1.5
310 1
312 1
314 1
315 1.5
316 1
318 1
319 1
320 1
324 1
326 1
327 1
328 1
329 1
330 1
331 1
332 1
333 1
335 1
336 1.2
337 1
341 1
342 1
343 1
344 1.33333
346 1.33333
347 1
348 1
349 1
350 1
351 1
352 1
354 1
357 1
358 1
359 1
360 1
362 1
364 1
365 1
369 1
370 1
371 1
377 1
379 1
381 2
382 1
383 1
385 1
387 1
388 1
390 1
396 1
397 1
398 1
401 1
403 1
406 1
407 1
414 1
415 1
418 1
419 1
420 1
421 1
422 1
425 1
426 1
427 1
431 1
432 1
437 1
438 1
442 1
443 1
444 1
450 1
454 1
455 1
458 1
459 1
460 1
462 1
463 1
464 1
466 1
469 1
470 1
474 1
476 1
479 1
480 1
483 1
484 1
486 1
493 1
494 1
495 1
496 1
497 1
506 1
507 1
508 1
513 1
515 1
516 1
517 2
518 1
525 1
526 1
527 1
532 1
533 1
544 1
549 1
552 1
555 1
556 1
559 1
561 1
567 1
568 1
575 1
585 1
590 1
601 1
605 1
606 1
611 1
612 1
614 1
632 1
636 1
637 1
638 1
648 1
650 1
651 1
654 1
657 1
665 1
676 1
677 1
679 1
681 1
686 1
689 1
696 1
698 1
704 1
705 1
720 1
722 1
730 1
733 1
740 2
754 1
762 1
771 1
787 1
790 1
791 1
807 1
809 1
812 1
822 1
848 1
868 1
875 1
876 1
879 1
880 1
913 1
920 1
951 1
955 1
967 1
975 1
1018 1
1030 1
1031 1
1034 1
1042 1
1056 1
1076 1
1082 1
1106 1
1157 1
1169 1
1199 1
1228 1
1263 1
1268 1
1446 1
1447 1
1452 1
1483 1
1547 1
1614 1
1641 1
1652 1
1684 1
1798 1
1929 1
1943 1
1953 1
2030 1
2207 1
2282 1
2427 1
2484 1
2868 1
2869 1
3007 1
3058 1
3059 1
3395 1
686329 1
689438 1
692191 1
692728 1
693100 1
695464 1
695881 1
696396 1
698358 1
704838 1
