1 97929
2 20652.4
3 8560.6
4 4685.3
5 2897.2
6 1980.9
7 1456.3
8 1110.5
9 866.7
10 705.4
11 591.7
12 499.1
13 428.4
14 369.7
15 313.8
16 283.3
17 258.2
18 227
19 209.6
20 190.5
21 171.9
22 156.6
23 140.9
24 137
25 120.5
26 112.4
27 110.3
28 102
29 94.9
30 91.7
31 85.5
32 79.3
33 73.8
34 70.7
35 71.7
36 67.8
37 61.1
38 60.9
39 61.3
40 54
41 55.9
42 52.1
43 49.6
44 51.3
45 45.1
46 45
47 41
48 42.4
49 43
50 40
51 36.3
52 39.1
53 33.1
54 35.9
55 34
56 34.4
57 35.5
58 30.7
59 31.2
60 30.1
61 26
62 26.9
63 28.4
64 26.9
65 27.1
66 26.6
67 23.5
68 21
69 26.9
70 22.6
71 26.3
72 25.1
73 21.8
74 24.7
75 22.9
76 22.1
77 20.2
78 20.4
79 21.1
80 21.5
81 21.7
82 21.5
83 19.4
84 17.3
85 20
86 17.2
87 19.1
88 16
89 17
90 17.2
91 19.3
92 17.5
93 18.9
94 15.2
95 18
96 16.5
97 18
98 17.2
99 17.2
100 14.8
101 17.3
102 16.8
103 13.5
104 16.6
105 12.7
106 14.2
107 16.4
108 14.8
109 10.6
110 15
111 17.2
112 13.5
113 13.1
114 13.2
115 13.8
116 12.3
117 13.3
118 13.5
119 13.4
120 15.1
121 11.6
122 15.4
123 13.2
124 13.3
125 12.4
126 12.6
127 14.1
128 11.2
129 12.3
130 11.3
131 11.9
132 12.4
133 10.5
134 12.1
135 12
136 10.7
137 11.4
138 9.8
139 9.2
140 11.8
141 10.6
142 10.6
143 10.6
144 10.2
145 11.9
146 10.8
147 10.7
148 10.7
149 9.7
150 9.9
151 8.8
152 12.5
153 8.8
154 9
155 10.9
156 9.2
157 9.5
158 8.7
159 8.2
160 9.8
161 9.2
162 8.6
163 9
164 8.8
165 7.8
166 10.6
167 11.6
168 10.6
169 10.1
170 7.8
171 9
172 7.8
173 8.5
174 8.2
175 7.8
176 8.4
177 7.9
178 7.5
179 8.2
180 7.4
181 6.1
182 9.6
183 7.7
184 7.7
185 9.2
186 7.8
187 6
188 7.7
189 8.4
190 9
191 8.4
192 7.2
193 6.7
194 6.3
195 8.6
196 7.4
197 7.7
198 8
199 7.2
200 7.3
201 6.9
202 8.7
203 6.7
204 9.8
205 6.5
206 6.9
207 6.8
208 7.1
209 6.4
210 6.2
211 7
212 8
213 6
214 7.5
215 7
216 5
217 6.3
218 6
219 6.7
220 7.2
221 6.1
222 5.4
223 5
224 8.1
225 5.8
226 7.5
227 8.1
228 7.5
229 6.7
230 6.2
231 8.2
232 5.5
233 7.5
234 6.8
235 6.8
236 6
237 6
238 6.7
239 6.2
240 5.5
241 7.4
242 7.1
243 5.4
244 5.3
245 6.1
246 6.9
247 7.6
248 6
249 7.2
250 4.7
251 5.2
252 5.6
253 5.3
254 6.5
255 5.2
256 5.3
257 5.3
258 5.9
259 6.1
260 5.3
261 4.77778
262 5.4
263 4.6
264 5.1
265 5.6
266 4.4
267 5.3
268 5.3
269 6.2
270 5.5
271 6.3
272 4.5
273 5.22222
274 4.9
275 5.4
276 5.22222
277 5.8
278 4.1
279 5.9
280 4.8
281 4.4
282 5
283 5.2
284 5.4
285 5.5
286 4.9
287 5.9
288 5.3
289 3.88889
290 4
291 5.1
292 5.6
293 4.8
294 4.5
295 5.6
296 4.7
297 4.8
298 5.3
299 5.7
300 6.3
301 4.7
302 3.9
303 3.7
304 4.9
305 5.5
306 4.88889
307 4.8
308 3.6
309 4.6
310 3.7
311 4.7
312 4.4
313 3.4
314 3.6
315 3.6
316 3.33333
317 4
318 4.1
319 3.8
320 3.5
321 4.3
322 5.7
323 3.9
324 3.6
325 6
326 3.3
327 4.4
328 3.2
329 3.4
330 2.7
331 3.3
332 3.4
333 4
334 3.9
335 4.8
336 3.2
337 3
338 4.8
339 2.88889
340 3.44444
341 3.55556
342 3.8
343 3.66667
344 2.44444
345 3.6
346 3.7
347 3.3
348 3.5
349 3.6
350 3.55556
351 3.625
352 4.5
353 3.66667
354 3
355 2.8
356 4.11111
357 3
358 2.33333
359 3.6
360 2.8
361 3.1
362 2.9
363 3.33333
364 2.8
365 3
366 2.7
367 3.3
368 3
369 3.66667
370 4
371 3
372 2.9
373 3.7
374 2.6
375 3.2
376 2.66667
377 2.7
378 2.9
379 2.7
380 2.7
381 3.11111
382 3.44444
383 3.1
384 2.4
385 3.22222
386 3
387 1.77778
388 2.42857
389 2.4
390 2
391 3.33333
392 3.44444
393 2.22222
394 2.88889
395 3.1
396 2.75
397 2.88889
398 2.44444
399 2.8
400 2.2
401 2.2
402 1.9
403 2.5
404 1.9
405 2.125
406 2.75
407 2
408 3.4
409 1.9
410 2.66667
411 2.5
412 2.66667
413 2
414 1.66667
415 2.5
416 2.5
417 2.44444
418 2
419 2.1
420 2.66667
421 2.83333
422 2.11111
423 2.25
424 2.88889
425 2.14286
426 1.9
427 2.1
428 2
429 2.4
430 3.25
431 2.5
432 2.28571
433 1.66667
434 1.66667
435 2.375
436 3
437 2.6
438 1.5
439 2
440 1.8
441 2.375
442 1.625
443 2.88889
444 1.5
445 2.11111
446 2
447 1.5
448 2.375
449 2.16667
450 1.625
451 1.625
452 2.33333
453 2.14286
454 1.71429
455 2.33333
456 2.625
457 1.66667
458 2.71429
459 2.25
460 1.625
461 1.5
462 2.125
463 2
464 2
465 1.4
466 1.5
467 2.33333
468 1.375
469 1.6
470 1.57143
471 2
472 2.66667
473 1.77778
474 1.6
475 2.28571
476 1.6
477 1.71429
478 2.14286
479 1.85714
480 1.2
481 2.22222
482 2
483 2.16667
484 1.625
485 1.33333
486 1.55556
487 1.75
488 2.33333
489 1.4
490 1.33333
491 1.4
492 1.5
493 2
494 1.6
495 1.66667
496 1.5
497 1.75
498 1.5
499 2.8
500 1.5
501 1.33333
502 1.5
503 1.5
504 1.85714
505 2
506 1
507 1.5
508 1.5
509 1.2
510 1.66667
511 1.85714
512 1.25
513 2
514 2.28571
515 2
516 1.14286
517 1.6
518 2.4
519 1.71429
520 1.8
521 1.8
522 1
523 1.66667
524 1.77778
525 1.14286
526 2.25
527 1.16667
528 1.5
529 1.4
530 1.83333
531 2.28571
532 1.4
533 1.6
534 1.16667
535 1.66667
536 1.57143
537 1
538 1.66667
539 1.625
540 1.25
541 1
542 1.5
543 1.4
544 1
545 1.6
546 1.25
547 1.8
548 1.5
549 1.375
550 1.2
551 1.4
552 1.4
553 2
554 1.33333
555 1.2
556 1.25
557 1
558 1.2
559 1.8
560 1.33333
561 1.2
562 1.5
563 1.33333
564 1.14286
566 1.66667
567 1
568 1
569 1.2
570 1.66667
571 1
572 1
573 1
574 1.33333
575 1.2
576 1
577 1
578 1.33333
579 1.16667
580 1
581 1.33333
582 1
583 1.66667
584 1.71429
585 1
586 1
587 1
588 1.2
589 2.25
590 1.5
591 1.66667
592 1
593 1
594 1.2
595 1.25
596 1.33333
597 1
598 1
599 1
600 1
601 1.33333
602 1
603 1.33333
604 1
605 1
606 1.66667
607 1.5
608 1.5
609 1
610 1
611 1.33333
613 1.5
614 1
616 1
617 1
618 1
619 1
620 1
622 1.66667
623 1
624 1.5
625 1
626 1
627 1
628 1
629 1
630 1
631 1
632 1
633 1
634 1.5
635 1
636 1.4
637 1.5
638 1
639 1
640 1
641 1
642 1
643 1
645 1
646 1.5
647 1
648 1.5
649 1
650 1.5
651 1
652 1.33333
653 1
654 1
655 1
656 2
657 2
658 1
659 1
661 1
662 1
664 1
666 1
667 1
668 1
669 1
670 1
672 1
673 1
674 1
675 1
677 1
678 1
679 1
680 1
681 1
683 1
686 1
688 1.33333
689 1
690 1
692 1
693 1
694 1
696 1
699 1
700 1
701 1
703 1
704 1.33333
706 1
708 1
709 1
711 1
712 1
714 1
715 1
716 1
718 1.5
720 1
721 1
722 1
724 1
725 1
727 1
728 1
729 1
731 1
732 1
733 1
734 1
735 1
736 1
738 1
739 2
740 1
741 1
743 1
744 1
745 1
746 1
747 1
749 1
750 1
751 1
753 2
759 1
762 1
763 1
764 1
766 1
768 1
770 1
771 2
775 1
777 1
779 1
781 1
782 1
784 1
785 1
786 1
789 1
790 1
792 1
796 1
799 1
800 1
801 1
812 1
818 1
827 1
829 1
837 1
846 1
852 1
854 1
858 1
870 2
877 1
884 1
923 1
924 1
925 1
926 1
949 1
958 1
967 1
984 1
1315 1
