"from" "to"
137 511
210 89
87 257
63 323
267 553
270 267
149 543
149 148
518 445
339 104
377 282
583 423
524 85
617 379
599 180
160 445
88 517
527 517
548 42
432 58
262 384
186 388
116 34
160 448
263 449
102 306
267 243
273 153
486 273
379 114
107 555
110 353
285 110
160 116
160 262
140 136
346 414
233 420
609 610
388 352
547 548
531 24
96 397
335 420
550 211
199 466
609 590
92 432
396 397
383 482
98 569
591 610
300 301
132 609
396 324
522 388
53 170
324 569
547 602
129 300
301 503
264 79
342 79
410 113
410 522
291 415
415 414
408 291
129 482
211 264
92 73
323 290
439 424
348 346
413 161
105 321
108 105
403 425
480 528
213 553
449 518
594 213
311 275
104 166
281 257
19 568
277 476
17 475
488 282
161 182
356 297
371 436
402 499
164 309
332 382
544 198
375 376
581 457
173 430
349 350
545 212
545 490
334 180
406 32
464 379
212 4
185 216
250 450
277 258
475 616
373 292
551 554
581 167
72 93
556 557
401 496
230 319
91 320
409 425
86 392
60 507
18 274
375 84
296 179
209 285
209 8
310 275
18 483
259 521
508 428
62 101
310 384
269 427
398 77
77 305
144 443
303 348
75 36
349 348
348 350
348 349
369 566
383 271
461 593
561 599
421 420
230 375
384 265
338 618
163 367
35 460
522 186
88 27
428 91
197 23
318 308
121 14
271 269
185 504
299 24
499 479
420 335
492 550
606 304
83 419
76 295
600 601
139 600
123 175
303 21
53 344
384 310
411 501
595 560
312 75
244 347
559 558
319 320
479 499
255 256
42 214
205 115
354 604
150 299
510 229
359 430
120 504
532 169
522 205
261 495
574 121
521 522
75 312
347 350
253 395
193 228
333 168
217 284
591 244
462 156
144 481
47 249
348 325
252 418
559 492
151 285
430 259
532 173
27 175
232 97
493 591
226 224
372 601
283 459
551 103
592 183
376 593
76 304
472 587
155 352
434 221
593 465
334 289
15 293
405 555
542 203
524 411
320 508
513 171
455 281
467 276
391 10
536 86
383 269
189 357
125 330
246 144
497 130
183 332
603 177
436 405
451 276
280 171
238 49
317 28
496 332
576 319
416 380
158 389
474 12
12 374
523 374
431 4
3 101
580 471
59 592
576 91
8 468
598 44
369 500
598 91
453 198
259 564
575 613
401 322
508 320
283 203
66 317
552 604
202 534
35 124
354 548
608 225
341 588
370 289
55 165
210 431
1 57
147 16
225 511
297 196
19 507
67 33
382 183
226 519
171 513
232 486
541 475
302 541
5 483
275 86
596 247
246 297
596 194
327 444
428 62
64 444
459 604
317 191
276 451
587 118
95 33
67 171
62 314
528 147
485 147
125 32
534 537
467 528
16 508
13 143
190 357
367 143
496 183
561 465
84 389
124 265
23 177
3 41
468 362
151 41
552 283
481 461
46 80
516 381
556 241
187 229
422 386
134 133
469 4
133 361
340 318
367 122
93 537
268 21
500 369
360 248
295 515
598 209
196 288
541 238
513 225
78 146
355 446
119 615
115 120
501 411
132 550
433 184
333 516
462 611
127 39
611 256
261 181
245 440
592 130
370 465
596 474
352 14
61 454
217 141
585 125
316 475
500 288
610 134
236 519
320 319
422 127
395 201
228 462
443 566
561 369
543 401
564 584
289 45
83 540
510 584
561 180
427 39
249 252
29 391
12 585
365 563
378 370
249 248
471 580
37 255
359 57
210 296
154 143
492 211
271 383
159 224
57 143
439 427
127 516
181 120
442 475
607 201
242 383
167 554
307 558
75 150
302 49
559 61
529 146
420 127
201 578
275 451
187 115
427 46
2 337
305 11
272 92
80 47
169 261
274 78
597 37
559 454
162 269
379 464
452 427
381 245
17 484
141 168
22 50
60 483
156 189
269 454
386 607
456 455
387 578
387 96
392 528
199 540
560 595
597 601
411 434
2 352
162 312
15 136
214 426
274 19
487 618
452 520
574 308
476 358
147 528
474 194
307 418
468 598
310 140
610 591
231 72
272 485
11 426
138 325
47 440
36 75
322 557
37 407
122 309
599 465
156 193
551 174
479 220
66 97
600 407
356 10
251 422
491 327
419 268
472 31
284 22
330 123
491 412
130 183
122 430
390 258
515 253
197 608
604 164
91 44
189 446
409 165
330 125
112 431
138 433
50 83
361 360
198 355
487 202
402 63
287 398
190 406
272 314
16 314
82 483
126 230
128 254
32 74
161 354
579 402
331 391
254 523
405 436
15 310
88 190
143 163
175 123
473 575
123 125
48 112
125 293
413 355
355 152
218 461
593 461
580 371
158 219
175 27
51 486
238 174
2 437
473 453
382 441
306 519
65 368
501 221
178 224
469 545
81 191
571 270
450 345
437 589
450 250
279 413
595 221
58 343
577 135
398 417
20 70
441 570
118 459
309 605
246 44
560 471
577 279
117 56
585 374
236 51
6 28
530 363
207 331
239 328
111 525
363 250
55 69
125 585
207 546
385 429
254 374
68 385
511 54
280 488
565 283
475 17
494 266
594 206
526 206
541 616
100 70
509 390
49 28
292 373
238 28
131 399
103 111
400 97
6 13
97 315
487 338
581 234
174 28
188 557
457 484
557 556
556 71
441 487
66 400
616 541
616 475
519 236
6 154
543 188
617 148
506 69
506 237
444 327
512 464
389 45
364 109
108 151
498 471
247 126
596 84
52 613
313 105
3 343
7 119
287 435
261 435
235 567
90 221
119 5
305 77
303 349
360 142
620 53
279 354
59 368
379 59
65 172
548 279
602 548
185 261
613 497
24 185
157 24
96 208
134 610
123 330
155 240
523 254
538 152
586 180
180 411
221 222
405 48
112 530
478 273
48 555
438 16
524 595
89 7
58 92
458 123
619 94
251 336
549 133
94 413
199 583
152 94
570 382
192 63
318 340
312 36
588 341
77 477
495 520
393 578
579 588
522 521
37 600
154 163
32 406
374 12
530 4
527 184
549 360
596 406
227 498
31 338
309 602
182 118
208 135
42 286
40 287
186 155
447 521
308 318
539 255
139 614
278 458
200 603
573 493
200 493
294 538
505 460
56 172
438 128
520 216
82 586
498 615
227 179
593 378
394 293
514 25
562 25
195 620
31 567
40 520
308 589
337 2
180 204
394 330
586 524
12 74
56 327
435 495
384 262
475 316
334 82
580 560
323 99
234 111
399 154
382 332
533 332
612 293
38 490
266 38
456 328
51 26
9 23
323 23
57 13
407 303
30 612
327 82
570 52
118 441
117 334
525 565
354 459
432 365
606 470
151 109
469 363
313 385
526 339
281 377
239 43
99 54
494 571
195 373
358 106
438 392
542 459
507 60
26 486
535 24
53 479
218 144
326 235
130 575
33 280
308 603
364 3
436 371
334 599
118 613
226 306
546 68
392 276
43 582
565 131
234 203
131 565
317 236
541 484
167 457
85 615
254 536
15 536
366 219
179 227
227 119
410 447
599 82
445 95
470 413
479 57
389 378
366 198
615 85
445 582
570 130
413 453
192 588
487 533
563 329
1 191
306 81
326 472
293 9
595 222
101 109
399 6
103 167
412 60
523 293
380 502
329 425
441 618
354 164
165 409
563 502
618 472
220 410
113 410
159 519
48 562
133 134
215 435
439 452
305 208
483 5
271 312
539 184
619 372
362 68
537 533
139 76
408 415
368 59
71 241
316 486
442 17
460 33
460 30
172 327
350 414
524 586
304 606
407 600
479 344
315 302
251 614
601 372
583 142
91 101
463 489
95 505
64 65
294 355
374 523
514 363
615 498
600 76
180 561
414 415
223 309
240 157
316 404
344 53
554 167
578 477
304 96
71 556
316 442
304 295
222 463
273 316
335 417
356 362
208 298
535 337
176 286
36 145
287 176
92 272
182 459
27 408
180 599
76 94
255 37
338 567
268 199
159 178
139 336
562 29
351 234
241 72
232 404
56 289
260 555
368 64
154 164
586 501
520 421
234 351
340 341
48 29
151 380
516 422
4 469
298 305
174 551
232 541
490 345
260 112
573 278
215 605
164 154
223 605
535 242
393 304
106 476
258 277
20 104
100 509
490 545
412 82
90 204
452 145
618 441
500 489
542 326
13 1
327 172
165 365
478 572
241 93
576 481
210 471
438 508
289 544
56 130
356 44
