0 4e-06
0.000222917 4e-06
0.000445833 4e-06
0.00066875 4e-06
0.000891667 4e-06
0.00111458 4e-06
0.0013375 4e-06
0.00156042 4e-06
0.00178333 4e-06
0.00200625 4e-06
0.00222917 4e-06
0.00245208 4e-06
0.002675 4e-06
0.00289792 4e-06
0.00312083 4e-06
0.00334375 4e-06
0.00356667 4e-06
0.00378958 4e-06
0.0040125 4e-06
0.00423542 6e-06
0.00445833 6e-06
0.00468125 6e-06
0.00490417 6e-06
0.00512708 6e-06
0.00535 6e-06
0.00557292 6e-06
0.00579584 6e-06
0.00601875 6e-06
0.00624167 6e-06
0.00646459 6e-06
0.0066875 6e-06
0.00691042 6e-06
0.00713334 6e-06
0.00735625 6e-06
0.00757917 6e-06
0.00780209 6e-06
0.008025 6e-06
0.00824792 6e-06
0.00847084 6e-06
0.00869375 6e-06
0.00891667 6e-06
0.00913959 6e-06
0.0093625 6e-06
0.00958542 6e-06
0.00980834 6e-06
0.0100313 6e-06
0.0102542 6e-06
0.0104771 6e-06
0.0107 6e-06
0.0109229 6e-06
0.0111458 6e-06
0.0113688 6e-06
0.0115917 6e-06
0.0118146 6e-06
0.0120375 6e-06
0.0122604 6e-06
0.0124833 6e-06
0.0127063 6e-06
0.0129292 6e-06
0.0131521 6e-06
0.013375 6e-06
0.0135979 6e-06
0.0138208 6e-06
0.0140438 6e-06
0.0142667 6e-06
0.0144896 6e-06
0.0147125 6e-06
0.0149354 6e-06
0.0151583 6e-06
0.0153813 6e-06
0.0156042 6e-06
0.0158271 6e-06
0.01605 6e-06
0.0162729 6e-06
0.0164958 6e-06
0.0167188 6e-06
0.0169417 6e-06
0.0171646 6e-06
0.0173875 6e-06
0.0176104 6e-06
0.0178333 6e-06
0.0180563 6e-06
0.0182792 6e-06
0.0185021 6e-06
0.018725 6e-06
0.0189479 6e-06
0.0191708 6e-06
0.0193938 6e-06
0.0196167 6e-06
0.0198396 6e-06
0.0200625 6e-06
0.0202854 6e-06
0.0205083 6e-06
0.0207313 6e-06
0.0209542 6e-06
0.0211771 6e-06
0.0214 6e-06
0.0216229 6e-06
0.0218458 6e-06
0.0220688 6e-06
0.0222917 6e-06
0.0225146 6e-06
0.0227375 6e-06
0.0229604 6e-06
0.0231833 6e-06
0.0234063 6e-06
0.0236292 6e-06
0.0238521 6e-06
0.024075 6e-06
0.0242979 6e-06
0.0245208 6e-06
0.0247438 6e-06
0.0249667 6e-06
0.0251896 6e-06
0.0254125 6e-06
0.0256354 6e-06
0.0258583 6e-06
0.0260813 6e-06
0.0263042 6e-06
0.0265271 6e-06
0.02675 6e-06
0.0269729 6e-06
0.0271958 6e-06
0.0274188 6e-06
0.0276417 6e-06
0.0278646 6e-06
0.0280875 6e-06
0.0283104 6e-06
0.0285333 6e-06
0.0287563 6e-06
0.0289792 6e-06
0.0292021 6e-06
0.029425 6e-06
0.0296479 6e-06
0.0298708 6e-06
0.0300938 6e-06
0.0303167 6e-06
0.0305396 6e-06
0.0307625 6e-06
0.0309854 6e-06
0.0312083 6e-06
0.0314313 6e-06
0.0316542 6e-06
0.0318771 6e-06
0.0321 6e-06
0.0323229 6e-06
0.0325458 6e-06
0.0327688 6e-06
0.0329917 6e-06
0.0332146 6e-06
0.0334375 6e-06
0.0336604 6e-06
0.0338833 6e-06
0.0341063 6e-06
0.0343292 6e-06
0.0345521 6e-06
0.034775 6e-06
0.0349979 6e-06
0.0352208 6e-06
0.0354438 6e-06
0.0356667 6e-06
0.0358896 6e-06
0.0361125 6e-06
0.0363354 6e-06
0.0365583 6e-06
0.0367813 6e-06
0.0370042 6e-06
0.0372271 6e-06
0.03745 6e-06
0.0376729 6e-06
0.0378958 8e-06
0.0381188 8e-06
0.0383417 8e-06
0.0385646 8e-06
0.0387875 8e-06
0.0390104 8e-06
0.0392333 8e-06
0.0394563 8e-06
0.0396792 8e-06
0.0399021 8e-06
0.040125 8e-06
0.0403479 8e-06
0.0405708 8e-06
0.0407938 8e-06
0.0410167 8e-06
0.0412396 8e-06
0.0414625 8e-06
0.0416854 8e-06
0.0419083 8e-06
0.0421313 8e-06
0.0423542 8e-06
0.0425771 8e-06
0.0428 8e-06
0.0430229 8e-06
0.0432458 8e-06
0.0434688 8e-06
0.0436917 8e-06
0.0439146 8e-06
0.0441375 8e-06
0.0443604 8e-06
0.0445833 8e-06
0.0448063 8e-06
0.0450292 8e-06
0.0452521 8e-06
0.045475 8e-06
0.0456979 8e-06
0.0459208 8e-06
0.0461438 8e-06
0.0463667 8e-06
0.0465896 8e-06
0.0468125 8e-06
0.0470354 8e-06
0.0472583 8e-06
0.0474813 8e-06
0.0477042 8e-06
0.0479271 8e-06
0.04815 8e-06
0.0483729 8e-06
0.0485958 8e-06
0.0488188 8e-06
0.0490417 8e-06
0.0492646 8e-06
0.0494875 8e-06
0.0497104 8e-06
0.0499333 8e-06
0.0501563 8e-06
0.0503792 8e-06
0.0506021 8e-06
0.050825 8e-06
0.0510479 8e-06
0.0512708 8e-06
0.0514938 8e-06
0.0517167 8e-06
0.0519396 8e-06
0.0521625 8e-06
0.0523854 8e-06
0.0526083 8e-06
0.0528313 8e-06
0.0530542 8e-06
0.0532771 8e-06
0.0535 8e-06
0.0537229 8e-06
0.0539458 8e-06
0.0541688 8e-06
0.0543917 8e-06
0.0546146 8e-06
0.0548375 8e-06
0.0550604 8e-06
0.0552833 8e-06
0.0555063 8e-06
0.0557292 8e-06
0.0559521 8e-06
0.056175 8e-06
0.0563979 8e-06
0.0566208 8e-06
0.0568438 8e-06
0.0570667 8e-06
0.0572896 8e-06
0.0575125 8e-06
0.0577354 8e-06
0.0579584 8e-06
0.0581813 8e-06
0.0584042 8e-06
0.0586271 8e-06
0.05885 8e-06
0.0590729 8e-06
0.0592959 8e-06
0.0595188 8e-06
0.0597417 8e-06
0.0599646 8e-06
0.0601875 8e-06
0.0604104 8e-06
0.0606334 8e-06
0.0608563 8e-06
0.0610792 8e-06
0.0613021 8e-06
0.061525 8e-06
0.0617479 8e-06
0.0619709 8e-06
0.0621938 8e-06
0.0624167 8e-06
0.0626396 8e-06
0.0628625 8e-06
0.0630854 8e-06
0.0633084 8e-06
0.0635313 8e-06
0.0637542 8e-06
0.0639771 1e-05
0.0642 1e-05
0.0644229 1e-05
0.0646459 1e-05
0.0648688 1e-05
0.0650917 1e-05
0.0653146 1e-05
0.0655375 1e-05
0.0657604 1e-05
0.0659834 1e-05
0.0662063 1e-05
0.0664292 1e-05
0.0666521 1e-05
0.066875 1e-05
0.0670979 1e-05
0.0673209 1e-05
0.0675438 1e-05
0.0677667 1e-05
0.0679896 1e-05
0.0682125 1e-05
0.0684354 1e-05
0.0686584 1e-05
0.0688813 1e-05
0.0691042 1e-05
0.0693271 1e-05
0.06955 1e-05
0.0697729 1e-05
0.0699959 1e-05
0.0702188 1e-05
0.0704417 1e-05
0.0706646 1e-05
0.0708875 1e-05
0.0711104 1e-05
0.0713334 1e-05
0.0715563 1e-05
0.0717792 1e-05
0.0720021 1e-05
0.072225 1e-05
0.0724479 1e-05
0.0726709 1e-05
0.0728938 1e-05
0.0731167 1e-05
0.0733396 1e-05
0.0735625 1e-05
0.0737854 1e-05
0.0740084 1e-05
0.0742313 1e-05
0.0744542 1e-05
0.0746771 1e-05
0.0749 1e-05
0.0751229 1e-05
0.0753459 1e-05
0.0755688 1e-05
0.0757917 1e-05
0.0760146 1e-05
0.0762375 1e-05
0.0764604 1e-05
0.0766834 1e-05
0.0769063 1e-05
0.0771292 1e-05
0.0773521 1e-05
0.077575 1e-05
0.0777979 1e-05
0.0780209 1e-05
0.0782438 1e-05
0.0784667 1e-05
0.0786896 1e-05
0.0789125 1e-05
0.0791354 1e-05
0.0793584 1e-05
0.0795813 1e-05
0.0798042 1e-05
0.0800271 1e-05
0.08025 1e-05
0.0804729 1e-05
0.0806959 1e-05
0.0809188 1e-05
0.0811417 1e-05
0.0813646 1e-05
0.0815875 1e-05
0.0818104 1e-05
0.0820334 1e-05
0.0822563 1e-05
0.0824792 1e-05
0.0827021 1e-05
0.082925 1e-05
0.0831479 1e-05
0.0833709 1e-05
0.0835938 1e-05
0.0838167 1e-05
0.0840396 1e-05
0.0842625 1e-05
0.0844854 1e-05
0.0847084 1e-05
0.0849313 1e-05
0.0851542 1e-05
0.0853771 1e-05
0.0856 1e-05
0.0858229 1e-05
0.0860459 1e-05
0.0862688 1e-05
0.0864917 1e-05
0.0867146 1e-05
0.0869375 1e-05
0.0871604 1e-05
0.0873834 1e-05
0.0876063 1e-05
0.0878292 1e-05
0.0880521 1e-05
0.088275 1e-05
0.0884979 1e-05
0.0887209 1e-05
0.0889438 1e-05
0.0891667 1e-05
0.0893896 1e-05
0.0896125 1e-05
0.0898354 1e-05
0.0900584 1e-05
0.0902813 1e-05
0.0905042 1e-05
0.0907271 1e-05
0.09095 1e-05
0.0911729 1e-05
0.0913959 1e-05
0.0916188 1e-05
0.0918417 1e-05
0.0920646 1e-05
0.0922875 1e-05
0.0925104 1e-05
0.0927334 1e-05
0.0929563 1e-05
0.0931792 1e-05
0.0934021 1e-05
0.093625 1e-05
0.0938479 1e-05
0.0940709 1e-05
0.0942938 1e-05
0.0945167 1e-05
0.0947396 1e-05
0.0949625 1e-05
0.0951854 1e-05
0.0954084 1e-05
0.0956313 1e-05
0.0958542 1e-05
0.0960771 1e-05
0.0963 1e-05
0.0965229 1e-05
0.0967459 1e-05
0.0969688 1e-05
0.0971917 1e-05
0.0974146 1e-05
0.0976375 1e-05
0.0978604 1e-05
0.0980834 1e-05
0.0983063 1e-05
0.0985292 1e-05
0.0987521 1e-05
0.098975 1e-05
0.0991979 1e-05
0.0994209 1e-05
0.0996438 1e-05
0.0998667 1e-05
0.10009 1e-05
0.100313 1e-05
0.100535 1e-05
0.100758 1e-05
0.100981 1e-05
0.101204 1e-05
0.101427 1e-05
0.10165 1e-05
0.101873 1e-05
0.102096 1e-05
0.102319 1.2e-05
0.102542 1.2e-05
0.102765 1.2e-05
0.102988 1.2e-05
0.10321 1.2e-05
0.103433 1.2e-05
0.103656 1.2e-05
0.103879 1.2e-05
0.104102 1.2e-05
0.104325 1.2e-05
0.104548 1.2e-05
0.104771 1.2e-05
0.104994 1.2e-05
0.105217 1.2e-05
0.10544 1.2e-05
0.105663 1.2e-05
0.105885 1.2e-05
0.106108 1.2e-05
0.106331 1.2e-05
0.106554 1.2e-05
0.106777 1.2e-05
0.107 1.2e-05
0.107223 1.2e-05
0.107446 1.2e-05
0.107669 1.2e-05
0.107892 1.2e-05
0.108115 1.2e-05
0.108338 1.2e-05
0.10856 1.2e-05
0.108783 1.2e-05
0.109006 1.2e-05
0.109229 1.2e-05
0.109452 1.2e-05
0.109675 1.2e-05
0.109898 1.2e-05
0.110121 1.2e-05
0.110344 1.2e-05
0.110567 1.2e-05
0.11079 1.2e-05
0.111013 1.2e-05
0.111235 1.2e-05
0.111458 1.2e-05
0.111681 1.2e-05
0.111904 1.2e-05
0.112127 1.2e-05
0.11235 1.2e-05
0.112573 1.2e-05
0.112796 1.2e-05
0.113019 1.2e-05
0.113242 1.2e-05
0.113465 1.2e-05
0.113688 1.2e-05
0.11391 1.2e-05
0.114133 1.2e-05
0.114356 1.2e-05
0.114579 1.2e-05
0.114802 1.2e-05
0.115025 1.2e-05
0.115248 1.2e-05
0.115471 1.2e-05
0.115694 1.2e-05
0.115917 1.2e-05
0.11614 1.2e-05
0.116363 1.2e-05
0.116585 1.2e-05
0.116808 1.2e-05
0.117031 1.2e-05
0.117254 1.2e-05
0.117477 1.2e-05
0.1177 1.2e-05
0.117923 1.2e-05
0.118146 1.2e-05
0.118369 1.2e-05
0.118592 1.2e-05
0.118815 1.2e-05
0.119038 1.2e-05
0.11926 1.2e-05
0.119483 1.2e-05
0.119706 1.2e-05
0.119929 1.2e-05
0.120152 1.2e-05
0.120375 1.2e-05
0.120598 1.2e-05
0.120821 1.2e-05
0.121044 1.2e-05
0.121267 1.2e-05
0.12149 1.2e-05
0.121713 1.2e-05
0.121935 1.2e-05
0.122158 1.2e-05
0.122381 1.2e-05
0.122604 1.2e-05
0.122827 1.2e-05
0.12305 1.2e-05
0.123273 1.2e-05
0.123496 1.2e-05
0.123719 1.2e-05
0.123942 1.2e-05
0.124165 1.2e-05
0.124388 1.2e-05
0.12461 1.2e-05
0.124833 1.2e-05
0.125056 1.2e-05
0.125279 1.2e-05
0.125502 1.2e-05
0.125725 1.2e-05
0.125948 1.2e-05
0.126171 1.2e-05
0.126394 1.2e-05
0.126617 1.2e-05
0.12684 1.2e-05
0.127063 1.2e-05
0.127285 1.2e-05
0.127508 1.2e-05
0.127731 1.2e-05
0.127954 1.2e-05
0.128177 1.2e-05
0.1284 1.2e-05
0.128623 1.2e-05
0.128846 1.2e-05
0.129069 1.2e-05
0.129292 1.2e-05
0.129515 1.2e-05
0.129738 1.2e-05
0.12996 1.2e-05
0.130183 1.2e-05
0.130406 1.2e-05
0.130629 1.2e-05
0.130852 1.2e-05
0.131075 1.2e-05
0.131298 1.2e-05
0.131521 1.2e-05
0.131744 1.2e-05
0.131967 1.2e-05
0.13219 1.2e-05
0.132413 1.2e-05
0.132635 1.2e-05
0.132858 1.2e-05
0.133081 1.2e-05
0.133304 1.2e-05
0.133527 1.2e-05
0.13375 1.2e-05
0.133973 1.2e-05
0.134196 1.2e-05
0.134419 1.2e-05
0.134642 1.2e-05
0.134865 1.2e-05
0.135088 1.2e-05
0.13531 1.2e-05
0.135533 1.2e-05
0.135756 1.2e-05
0.135979 1.2e-05
0.136202 1.2e-05
0.136425 1.2e-05
0.136648 1.2e-05
0.136871 1.2e-05
0.137094 1.2e-05
0.137317 1.2e-05
0.13754 1.2e-05
0.137763 1.2e-05
0.137985 1.2e-05
0.138208 1.2e-05
0.138431 1.2e-05
0.138654 1.2e-05
0.138877 1.2e-05
0.1391 1.2e-05
0.139323 1.2e-05
0.139546 1.2e-05
0.139769 1.2e-05
0.139992 1.2e-05
0.140215 1.2e-05
0.140438 1.2e-05
0.14066 1.2e-05
0.140883 1.2e-05
0.141106 1.2e-05
0.141329 1.2e-05
0.141552 1.2e-05
0.141775 1.2e-05
0.141998 1.2e-05
0.142221 1.2e-05
0.142444 1.2e-05
0.142667 1.2e-05
0.14289 1.2e-05
0.143113 1.2e-05
0.143335 1.2e-05
0.143558 1.2e-05
0.143781 1.2e-05
0.144004 1.2e-05
0.144227 1.2e-05
0.14445 1.2e-05
0.144673 1.2e-05
0.144896 1.2e-05
0.145119 1.2e-05
0.145342 1.2e-05
0.145565 1.2e-05
0.145788 1.2e-05
0.14601 1.2e-05
0.146233 1.2e-05
0.146456 1.2e-05
0.146679 1.2e-05
0.146902 1.2e-05
0.147125 1.2e-05
0.147348 1.2e-05
0.147571 1.2e-05
0.147794 1.2e-05
0.148017 1.2e-05
0.14824 1.2e-05
0.148463 1.2e-05
0.148685 1.2e-05
0.148908 1.2e-05
0.149131 1.2e-05
0.149354 1.2e-05
0.149577 1.2e-05
0.1498 1.2e-05
0.150023 1.2e-05
0.150246 1.2e-05
0.150469 1.2e-05
0.150692 1.2e-05
0.150915 1.2e-05
0.151138 1.2e-05
0.15136 1.2e-05
0.151583 1.2e-05
0.151806 1.2e-05
0.152029 1.2e-05
0.152252 1.2e-05
0.152475 1.2e-05
0.152698 1.2e-05
0.152921 1.2e-05
0.153144 1.2e-05
0.153367 1.2e-05
0.15359 1.2e-05
0.153813 1.2e-05
0.154035 1.2e-05
0.154258 1.2e-05
0.154481 1.2e-05
0.154704 1.2e-05
0.154927 1.2e-05
0.15515 1.2e-05
0.155373 1.2e-05
0.155596 1.2e-05
0.155819 1.2e-05
0.156042 1.2e-05
0.156265 1.2e-05
0.156488 1.2e-05
0.15671 1.2e-05
0.156933 1.2e-05
0.157156 1.2e-05
0.157379 1.2e-05
0.157602 1.2e-05
0.157825 1.2e-05
0.158048 1.2e-05
0.158271 1.2e-05
0.158494 1.2e-05
0.158717 1.2e-05
0.15894 1.2e-05
0.159163 1.2e-05
0.159385 1.2e-05
0.159608 1.2e-05
0.159831 1.2e-05
0.160054 1.2e-05
0.160277 1.2e-05
0.1605 1.2e-05
0.160723 1.2e-05
0.160946 1.2e-05
0.161169 1.2e-05
0.161392 1.2e-05
0.161615 1.2e-05
0.161838 1.2e-05
0.16206 1.2e-05
0.162283 1.2e-05
0.162506 1.2e-05
0.162729 1.2e-05
0.162952 1.2e-05
0.163175 1.2e-05
0.163398 1.2e-05
0.163621 1.2e-05
0.163844 1.2e-05
0.164067 1.2e-05
0.16429 1.2e-05
0.164513 1.2e-05
0.164735 1.2e-05
0.164958 1.2e-05
0.165181 1.2e-05
0.165404 1.2e-05
0.165627 1.2e-05
0.16585 1.2e-05
0.166073 1.2e-05
0.166296 1.2e-05
0.166519 1.2e-05
0.166742 1.2e-05
0.166965 1.2e-05
0.167188 1.2e-05
0.16741 1.2e-05
0.167633 1.2e-05
0.167856 1.2e-05
0.168079 1.2e-05
0.168302 1.2e-05
0.168525 1.2e-05
0.168748 1.2e-05
0.168971 1.2e-05
0.169194 1.2e-05
0.169417 1.2e-05
0.16964 1.2e-05
0.169863 1.2e-05
0.170085 1.2e-05
0.170308 1.2e-05
0.170531 1.2e-05
0.170754 1.2e-05
0.170977 1.2e-05
0.1712 1.2e-05
0.171423 1.2e-05
0.171646 1.2e-05
0.171869 1.2e-05
0.172092 1.4e-05
0.172315 1.4e-05
0.172538 1.4e-05
0.17276 1.4e-05
0.172983 1.4e-05
0.173206 1.4e-05
0.173429 1.4e-05
0.173652 1.4e-05
0.173875 1.4e-05
0.174098 1.4e-05
0.174321 1.4e-05
0.174544 1.4e-05
0.174767 1.4e-05
0.17499 1.4e-05
0.175213 1.4e-05
0.175435 1.4e-05
0.175658 1.4e-05
0.175881 1.4e-05
0.176104 1.4e-05
0.176327 1.4e-05
0.17655 1.4e-05
0.176773 1.4e-05
0.176996 1.4e-05
0.177219 1.4e-05
0.177442 1.4e-05
0.177665 1.4e-05
0.177888 1.4e-05
0.17811 1.4e-05
0.178333 1.4e-05
0.178556 1.4e-05
0.178779 1.4e-05
0.179002 1.4e-05
0.179225 1.4e-05
0.179448 1.4e-05
0.179671 1.4e-05
0.179894 1.4e-05
0.180117 1.4e-05
0.18034 1.4e-05
0.180563 1.4e-05
0.180785 1.4e-05
0.181008 1.4e-05
0.181231 1.4e-05
0.181454 1.4e-05
0.181677 1.4e-05
0.1819 1.4e-05
0.182123 1.4e-05
0.182346 1.4e-05
0.182569 1.4e-05
0.182792 1.4e-05
0.183015 1.4e-05
0.183238 1.4e-05
0.18346 1.4e-05
0.183683 1.4e-05
0.183906 1.4e-05
0.184129 1.4e-05
0.184352 1.4e-05
0.184575 1.4e-05
0.184798 1.4e-05
0.185021 1.4e-05
0.185244 1.4e-05
0.185467 1.4e-05
0.18569 1.4e-05
0.185913 1.4e-05
0.186135 1.4e-05
0.186358 1.4e-05
0.186581 1.4e-05
0.186804 1.4e-05
0.187027 1.4e-05
0.18725 1.4e-05
0.187473 1.4e-05
0.187696 1.4e-05
0.187919 1.4e-05
0.188142 1.4e-05
0.188365 1.4e-05
0.188588 1.4e-05
0.18881 1.4e-05
0.189033 1.4e-05
0.189256 1.4e-05
0.189479 1.4e-05
0.189702 1.4e-05
0.189925 1.4e-05
0.190148 1.4e-05
0.190371 1.4e-05
0.190594 1.4e-05
0.190817 1.4e-05
0.19104 1.4e-05
0.191263 1.4e-05
0.191485 1.4e-05
0.191708 1.4e-05
0.191931 1.4e-05
0.192154 1.4e-05
0.192377 1.4e-05
0.1926 1.4e-05
0.192823 1.4e-05
0.193046 1.4e-05
0.193269 1.4e-05
0.193492 1.4e-05
0.193715 1.4e-05
0.193938 1.4e-05
0.19416 1.4e-05
0.194383 1.4e-05
0.194606 1.4e-05
0.194829 1.4e-05
0.195052 1.4e-05
0.195275 1.4e-05
0.195498 1.4e-05
0.195721 1.4e-05
0.195944 1.4e-05
0.196167 1.4e-05
0.19639 1.4e-05
0.196613 1.4e-05
0.196835 1.4e-05
0.197058 1.4e-05
0.197281 1.4e-05
0.197504 1.4e-05
0.197727 1.4e-05
0.19795 1.4e-05
0.198173 1.4e-05
0.198396 1.4e-05
0.198619 1.4e-05
0.198842 1.4e-05
0.199065 1.4e-05
0.199288 1.4e-05
0.19951 1.4e-05
0.199733 1.4e-05
0.199956 1.4e-05
0.200179 1.4e-05
0.200402 1.4e-05
0.200625 1.4e-05
0.200848 1.4e-05
0.201071 1.4e-05
0.201294 1.4e-05
0.201517 1.4e-05
0.20174 1.4e-05
0.201963 1.4e-05
0.202185 1.4e-05
0.202408 1.4e-05
0.202631 1.4e-05
0.202854 1.4e-05
0.203077 1.4e-05
0.2033 1.4e-05
0.203523 1.4e-05
0.203746 1.4e-05
0.203969 1.4e-05
0.204192 1.4e-05
0.204415 1.4e-05
0.204638 1.4e-05
0.20486 1.4e-05
0.205083 1.4e-05
0.205306 1.4e-05
0.205529 1.4e-05
0.205752 1.4e-05
0.205975 1.4e-05
0.206198 1.4e-05
0.206421 1.4e-05
0.206644 1.4e-05
0.206867 1.4e-05
0.20709 1.4e-05
0.207313 1.4e-05
0.207535 1.4e-05
0.207758 1.4e-05
0.207981 1.4e-05
0.208204 1.4e-05
0.208427 1.4e-05
0.20865 1.4e-05
0.208873 1.4e-05
0.209096 1.4e-05
0.209319 1.4e-05
0.209542 1.4e-05
0.209765 1.4e-05
0.209988 1.4e-05
0.21021 1.4e-05
0.210433 1.4e-05
0.210656 1.4e-05
0.210879 1.4e-05
0.211102 1.4e-05
0.211325 1.4e-05
0.211548 1.4e-05
0.211771 1.4e-05
0.211994 1.4e-05
0.212217 1.4e-05
0.21244 1.4e-05
0.212663 1.4e-05
0.212885 1.4e-05
0.213108 1.4e-05
0.213331 1.4e-05
0.213554 1.4e-05
0.213777 1.4e-05
0.214 1.4e-05
0.214223 1.4e-05
0.214446 1.6e-05
0.214669 1.6e-05
0.214892 1.6e-05
0.215115 1.6e-05
0.215338 1.6e-05
0.21556 1.6e-05
0.215783 1.6e-05
0.216006 1.6e-05
0.216229 1.6e-05
0.216452 1.6e-05
0.216675 1.6e-05
0.216898 1.6e-05
0.217121 1.6e-05
0.217344 1.6e-05
0.217567 1.6e-05
0.21779 1.6e-05
0.218013 1.6e-05
0.218235 1.6e-05
0.218458 1.6e-05
0.218681 1.6e-05
0.218904 1.6e-05
0.219127 1.6e-05
0.21935 1.6e-05
0.219573 1.6e-05
0.219796 1.6e-05
0.220019 1.6e-05
0.220242 1.6e-05
0.220465 1.6e-05
0.220688 1.6e-05
0.22091 1.6e-05
0.221133 1.6e-05
0.221356 1.6e-05
0.221579 1.6e-05
0.221802 1.6e-05
0.222025 1.6e-05
0.222248 1.6e-05
0.222471 1.6e-05
0.222694 1.6e-05
0.222917 1.6e-05
0.22314 1.6e-05
0.223363 1.6e-05
0.223585 1.6e-05
0.223808 1.6e-05
0.224031 1.6e-05
0.224254 1.6e-05
0.224477 1.6e-05
0.2247 1.6e-05
0.224923 1.6e-05
0.225146 1.6e-05
0.225369 1.6e-05
0.225592 1.6e-05
0.225815 1.6e-05
0.226038 1.6e-05
0.22626 1.6e-05
0.226483 1.6e-05
0.226706 1.6e-05
0.226929 1.6e-05
0.227152 1.6e-05
0.227375 1.8e-05
0.227598 1.8e-05
0.227821 1.8e-05
0.228044 1.8e-05
0.228267 1.8e-05
0.22849 1.8e-05
0.228713 1.8e-05
0.228935 1.8e-05
0.229158 1.8e-05
0.229381 1.8e-05
0.229604 1.8e-05
0.229827 1.8e-05
0.23005 1.8e-05
0.230273 1.8e-05
0.230496 1.8e-05
0.230719 1.8e-05
0.230942 1.8e-05
0.231165 1.8e-05
0.231388 1.8e-05
0.23161 1.8e-05
0.231833 1.8e-05
0.232056 1.8e-05
0.232279 1.8e-05
0.232502 1.8e-05
0.232725 1.8e-05
0.232948 1.8e-05
0.233171 1.8e-05
0.233394 1.8e-05
0.233617 1.8e-05
0.23384 1.8e-05
0.234063 1.8e-05
0.234285 1.8e-05
0.234508 1.8e-05
0.234731 1.8e-05
0.234954 1.8e-05
0.235177 1.8e-05
0.2354 1.8e-05
0.235623 1.8e-05
0.235846 1.8e-05
0.236069 1.8e-05
0.236292 1.8e-05
0.236515 1.8e-05
0.236738 1.8e-05
0.23696 1.8e-05
0.237183 1.8e-05
0.237406 1.8e-05
0.237629 1.8e-05
0.237852 1.8e-05
0.238075 1.8e-05
0.238298 1.8e-05
0.238521 1.8e-05
0.238744 1.8e-05
0.238967 1.8e-05
0.23919 1.8e-05
0.239413 1.8e-05
0.239635 1.8e-05
0.239858 1.8e-05
0.240081 1.8e-05
0.240304 1.8e-05
0.240527 1.8e-05
0.24075 1.8e-05
0.240973 1.8e-05
0.241196 1.8e-05
0.241419 1.8e-05
0.241642 1.8e-05
0.241865 1.8e-05
0.242088 1.8e-05
0.24231 1.8e-05
0.242533 1.8e-05
0.242756 1.8e-05
0.242979 1.8e-05
0.243202 1.8e-05
0.243425 1.8e-05
0.243648 1.8e-05
0.243871 1.8e-05
0.244094 1.8e-05
0.244317 1.8e-05
0.24454 1.8e-05
0.244763 1.8e-05
0.244985 1.8e-05
0.245208 1.8e-05
0.245431 1.8e-05
0.245654 1.8e-05
0.245877 1.8e-05
0.2461 1.8e-05
0.246323 1.8e-05
0.246546 1.8e-05
0.246769 1.8e-05
0.246992 1.8e-05
0.247215 1.8e-05
0.247438 1.8e-05
0.24766 1.8e-05
0.247883 1.8e-05
0.248106 1.8e-05
0.248329 1.8e-05
0.248552 1.8e-05
0.248775 1.8e-05
0.248998 1.8e-05
0.249221 1.8e-05
0.249444 1.8e-05
0.249667 1.8e-05
0.24989 1.8e-05
0.250113 1.8e-05
0.250335 1.8e-05
0.250558 1.8e-05
0.250781 1.8e-05
0.251004 1.8e-05
0.251227 1.8e-05
0.25145 1.8e-05
0.251673 1.8e-05
0.251896 1.8e-05
0.252119 1.8e-05
0.252342 1.8e-05
0.252565 1.8e-05
0.252788 1.8e-05
0.25301 1.8e-05
0.253233 1.8e-05
0.253456 1.8e-05
0.253679 1.8e-05
0.253902 1.8e-05
0.254125 1.8e-05
0.254348 1.8e-05
0.254571 1.8e-05
0.254794 1.8e-05
0.255017 1.8e-05
0.25524 1.8e-05
0.255463 1.8e-05
0.255685 1.8e-05
0.255908 1.8e-05
0.256131 1.8e-05
0.256354 1.8e-05
0.256577 1.8e-05
0.2568 1.8e-05
0.257023 1.8e-05
0.257246 1.8e-05
0.257469 1.8e-05
0.257692 1.8e-05
0.257915 1.8e-05
0.258138 1.8e-05
0.25836 2e-05
0.258583 2e-05
0.258806 2e-05
0.259029 2e-05
0.259252 2e-05
0.259475 2e-05
0.259698 2e-05
0.259921 2e-05
0.260144 2e-05
0.260367 2e-05
0.26059 2e-05
0.260813 2e-05
0.261035 2e-05
0.261258 2e-05
0.261481 2e-05
0.261704 2e-05
0.261927 2e-05
0.26215 2e-05
0.262373 2e-05
0.262596 2e-05
0.262819 2e-05
0.263042 2e-05
0.263265 2e-05
0.263488 2e-05
0.26371 2e-05
0.263933 2e-05
0.264156 2e-05
0.264379 2e-05
0.264602 2e-05
0.264825 2e-05
0.265048 2e-05
0.265271 2e-05
0.265494 2e-05
0.265717 2e-05
0.26594 2e-05
0.266163 2e-05
0.266385 2e-05
0.266608 2e-05
0.266831 2e-05
0.267054 2e-05
0.267277 2e-05
0.2675 2e-05
0.267723 2e-05
0.267946 2e-05
0.268169 2e-05
0.268392 2e-05
0.268615 2e-05
0.268838 2e-05
0.26906 2e-05
0.269283 2e-05
0.269506 2e-05
0.269729 2e-05
0.269952 2e-05
0.270175 2e-05
0.270398 2e-05
0.270621 2e-05
0.270844 2e-05
0.271067 2e-05
0.27129 2e-05
0.271513 2e-05
0.271735 2e-05
0.271958 2e-05
0.272181 2e-05
0.272404 2e-05
0.272627 2e-05
0.27285 2e-05
0.273073 2e-05
0.273296 2e-05
0.273519 2e-05
0.273742 2e-05
0.273965 2e-05
0.274188 2e-05
0.27441 2e-05
0.274633 2e-05
0.274856 2e-05
0.275079 2e-05
0.275302 2e-05
0.275525 2e-05
0.275748 2e-05
0.275971 2e-05
0.276194 2e-05
0.276417 2e-05
0.27664 2e-05
0.276863 2e-05
0.277085 2e-05
0.277308 2e-05
0.277531 2e-05
0.277754 2.2e-05
0.277977 2.2e-05
0.2782 2.2e-05
0.278423 2.2e-05
0.278646 2.2e-05
0.278869 2.2e-05
0.279092 2.2e-05
0.279315 2.2e-05
0.279538 2.2e-05
0.27976 2.2e-05
0.279983 2.2e-05
0.280206 2.2e-05
0.280429 2.2e-05
0.280652 2.2e-05
0.280875 2.2e-05
0.281098 2.2e-05
0.281321 2.2e-05
0.281544 2.2e-05
0.281767 2.2e-05
0.28199 2.2e-05
0.282213 2.2e-05
0.282435 2.2e-05
0.282658 2.2e-05
0.282881 2.2e-05
0.283104 2.2e-05
0.283327 2.2e-05
0.28355 2.2e-05
0.283773 2.2e-05
0.283996 2.2e-05
0.284219 2.2e-05
0.284442 2.2e-05
0.284665 2.2e-05
0.284888 2.2e-05
0.28511 2.2e-05
0.285333 2.2e-05
0.285556 2.2e-05
0.285779 2.2e-05
0.286002 2.2e-05
0.286225 2.2e-05
0.286448 2.2e-05
0.286671 2.2e-05
0.286894 2.2e-05
0.287117 2.2e-05
0.28734 2.2e-05
0.287563 2.2e-05
0.287786 2.2e-05
0.288008 2.2e-05
0.288231 2.2e-05
0.288454 2.2e-05
0.288677 2.2e-05
0.2889 2.2e-05
0.289123 2.2e-05
0.289346 2.2e-05
0.289569 2.2e-05
0.289792 2.2e-05
0.290015 2.2e-05
0.290238 2.2e-05
0.290461 2.2e-05
0.290683 2.2e-05
0.290906 2.2e-05
0.291129 2.2e-05
0.291352 2.2e-05
0.291575 2.2e-05
0.291798 2.2e-05
0.292021 2.2e-05
0.292244 2.2e-05
0.292467 2.2e-05
0.29269 2.2e-05
0.292913 2.2e-05
0.293136 2.2e-05
0.293358 2.2e-05
0.293581 2.2e-05
0.293804 2.2e-05
0.294027 2.2e-05
0.29425 2.2e-05
0.294473 2.2e-05
0.294696 2.2e-05
0.294919 2.2e-05
0.295142 2.2e-05
0.295365 2.2e-05
0.295588 2.2e-05
0.295811 2.2e-05
0.296033 2.2e-05
0.296256 2.2e-05
0.296479 2.2e-05
0.296702 2.2e-05
0.296925 2.2e-05
0.297148 2.2e-05
0.297371 2.2e-05
0.297594 2.2e-05
0.297817 2.2e-05
0.29804 2.2e-05
0.298263 2.2e-05
0.298486 2.2e-05
0.298708 2.2e-05
0.298931 2.2e-05
0.299154 2.2e-05
0.299377 2.2e-05
0.2996 2.2e-05
0.299823 2.2e-05
0.300046 2.2e-05
0.300269 2.2e-05
0.300492 2.2e-05
0.300715 2.2e-05
0.300938 2.2e-05
0.301161 2.2e-05
0.301383 2.2e-05
0.301606 2.2e-05
0.301829 2.2e-05
0.302052 2.2e-05
0.302275 2.2e-05
0.302498 2.2e-05
0.302721 2.2e-05
0.302944 2.2e-05
0.303167 2.2e-05
0.30339 2.2e-05
0.303613 2.2e-05
0.303836 2.2e-05
0.304058 2.2e-05
0.304281 2.2e-05
0.304504 2.2e-05
0.304727 2.2e-05
0.30495 2.2e-05
0.305173 2.2e-05
0.305396 2.2e-05
0.305619 2.2e-05
0.305842 2.2e-05
0.306065 2.2e-05
0.306288 2.2e-05
0.306511 2.2e-05
0.306733 2.2e-05
0.306956 2.2e-05
0.307179 2.2e-05
0.307402 2.2e-05
0.307625 2.2e-05
0.307848 2.2e-05
0.308071 2.2e-05
0.308294 2.2e-05
0.308517 2.2e-05
0.30874 2.2e-05
0.308963 2.2e-05
0.309186 2.2e-05
0.309408 2.2e-05
0.309631 2.2e-05
0.309854 2.2e-05
0.310077 2.2e-05
0.3103 2.2e-05
0.310523 2.2e-05
0.310746 2.2e-05
0.310969 2.2e-05
0.311192 2.2e-05
0.311415 2.2e-05
0.311638 2.4e-05
0.311861 2.4e-05
0.312083 2.4e-05
0.312306 2.4e-05
0.312529 2.4e-05
0.312752 2.4e-05
0.312975 2.4e-05
0.313198 2.4e-05
0.313421 2.4e-05
0.313644 2.4e-05
0.313867 2.4e-05
0.31409 2.4e-05
0.314313 2.4e-05
0.314536 2.4e-05
0.314758 2.4e-05
0.314981 2.4e-05
0.315204 2.4e-05
0.315427 2.4e-05
0.31565 2.4e-05
0.315873 2.4e-05
0.316096 2.4e-05
0.316319 2.4e-05
0.316542 2.4e-05
0.316765 2.4e-05
0.316988 2.4e-05
0.317211 2.4e-05
0.317433 2.4e-05
0.317656 2.4e-05
0.317879 2.4e-05
0.318102 2.4e-05
0.318325 2.4e-05
0.318548 2.4e-05
0.318771 2.4e-05
0.318994 2.4e-05
0.319217 2.4e-05
0.31944 2.4e-05
0.319663 2.4e-05
0.319886 2.6e-05
0.320108 2.6e-05
0.320331 2.6e-05
0.320554 2.6e-05
0.320777 2.6e-05
0.321 2.6e-05
0.321223 2.6e-05
0.321446 2.6e-05
0.321669 2.6e-05
0.321892 2.6e-05
0.322115 2.6e-05
0.322338 2.6e-05
0.322561 2.6e-05
0.322783 2.6e-05
0.323006 2.6e-05
0.323229 2.6e-05
0.323452 2.6e-05
0.323675 2.6e-05
0.323898 2.6e-05
0.324121 2.6e-05
0.324344 2.6e-05
0.324567 2.6e-05
0.32479 2.6e-05
0.325013 2.6e-05
0.325236 3e-05
0.325458 3e-05
0.325681 3e-05
0.325904 3e-05
0.326127 3e-05
0.32635 3e-05
0.326573 3e-05
0.326796 3e-05
0.327019 3e-05
0.327242 3.2e-05
0.327465 3.2e-05
0.327688 3.2e-05
0.327911 3.2e-05
0.328133 3.2e-05
0.328356 3.2e-05
0.328579 3.2e-05
0.328802 3.2e-05
0.329025 3.2e-05
0.329248 3.2e-05
0.329471 3.2e-05
0.329694 3.2e-05
0.329917 3.2e-05
0.33014 3.2e-05
0.330363 3.2e-05
0.330586 3.2e-05
0.330808 3.2e-05
0.331031 3.2e-05
0.331254 3.2e-05
0.331477 3.2e-05
0.3317 3.2e-05
0.331923 3.2e-05
0.332146 3.2e-05
0.332369 3.2e-05
0.332592 3.2e-05
0.332815 3.2e-05
0.333038 3.2e-05
0.333261 3.2e-05
0.333483 3.2e-05
0.333706 3.2e-05
0.333929 3.2e-05
0.334152 3.2e-05
0.334375 3.2e-05
0.334598 3.2e-05
0.334821 3.2e-05
0.335044 3.2e-05
0.335267 3.2e-05
0.33549 3.2e-05
0.335713 3.2e-05
0.335936 3.2e-05
0.336158 3.2e-05
0.336381 3.2e-05
0.336604 3.2e-05
0.336827 3.2e-05
0.33705 3.2e-05
0.337273 3.2e-05
0.337496 3.2e-05
0.337719 3.2e-05
0.337942 3.2e-05
0.338165 3.2e-05
0.338388 3.2e-05
0.338611 3.2e-05
0.338833 3.2e-05
0.339056 3.2e-05
0.339279 3.2e-05
0.339502 3.2e-05
0.339725 3.2e-05
0.339948 3.2e-05
0.340171 3.2e-05
0.340394 3.2e-05
0.340617 3.2e-05
0.34084 3.2e-05
0.341063 3.2e-05
0.341286 3.2e-05
0.341508 3.2e-05
0.341731 3.2e-05
0.341954 3.2e-05
0.342177 3.2e-05
0.3424 3.2e-05
0.342623 3.2e-05
0.342846 3.2e-05
0.343069 3.2e-05
0.343292 3.2e-05
0.343515 3.2e-05
0.343738 3.2e-05
0.343961 3.2e-05
0.344183 3.2e-05
0.344406 3.2e-05
0.344629 3.2e-05
0.344852 3.2e-05
0.345075 3.2e-05
0.345298 3.2e-05
0.345521 3.2e-05
0.345744 3.2e-05
0.345967 3.2e-05
0.34619 3.2e-05
0.346413 3.2e-05
0.346636 3.2e-05
0.346858 3.2e-05
0.347081 3.2e-05
0.347304 3.2e-05
0.347527 3.2e-05
0.34775 3.2e-05
0.347973 3.2e-05
0.348196 3.2e-05
0.348419 3.2e-05
0.348642 3.2e-05
0.348865 3.2e-05
0.349088 3.6e-05
0.349311 3.6e-05
0.349533 3.6e-05
0.349756 3.6e-05
0.349979 3.6e-05
0.350202 3.6e-05
0.350425 3.6e-05
0.350648 3.6e-05
0.350871 3.6e-05
0.351094 3.6e-05
0.351317 3.6e-05
0.35154 3.6e-05
0.351763 3.6e-05
0.351986 3.6e-05
0.352208 3.6e-05
0.352431 3.6e-05
0.352654 3.6e-05
0.352877 3.6e-05
0.3531 3.6e-05
0.353323 3.6e-05
0.353546 3.6e-05
0.353769 3.6e-05
0.353992 3.6e-05
0.354215 3.6e-05
0.354438 3.6e-05
0.354661 3.6e-05
0.354883 3.6e-05
0.355106 3.6e-05
0.355329 3.6e-05
0.355552 3.6e-05
0.355775 3.6e-05
0.355998 3.6e-05
0.356221 3.6e-05
0.356444 3.6e-05
0.356667 3.6e-05
0.35689 3.6e-05
0.357113 3.6e-05
0.357336 3.6e-05
0.357558 3.6e-05
0.357781 3.6e-05
0.358004 3.6e-05
0.358227 3.6e-05
0.35845 3.6e-05
0.358673 3.6e-05
0.358896 3.6e-05
0.359119 3.6e-05
0.359342 3.6e-05
0.359565 3.6e-05
0.359788 3.6e-05
0.360011 3.6e-05
0.360233 3.6e-05
0.360456 3.6e-05
0.360679 3.6e-05
0.360902 3.6e-05
0.361125 3.6e-05
0.361348 3.6e-05
0.361571 3.6e-05
0.361794 3.6e-05
0.362017 3.6e-05
0.36224 3.6e-05
0.362463 3.6e-05
0.362686 3.6e-05
0.362908 3.6e-05
0.363131 3.6e-05
0.363354 3.6e-05
0.363577 3.6e-05
0.3638 3.6e-05
0.364023 3.6e-05
0.364246 3.6e-05
0.364469 3.6e-05
0.364692 3.6e-05
0.364915 3.6e-05
0.365138 3.6e-05
0.365361 3.6e-05
0.365583 4e-05
0.365806 4e-05
0.366029 4e-05
0.366252 4e-05
0.366475 4e-05
0.366698 4e-05
0.366921 4e-05
0.367144 4e-05
0.367367 4e-05
0.36759 4e-05
0.367813 4e-05
0.368036 4e-05
0.368258 4e-05
0.368481 4e-05
0.368704 4e-05
0.368927 4e-05
0.36915 4e-05
0.369373 4e-05
0.369596 4e-05
0.369819 4e-05
0.370042 4e-05
0.370265 4e-05
0.370488 4e-05
0.370711 4e-05
0.370933 4e-05
0.371156 4e-05
0.371379 4e-05
0.371602 4e-05
0.371825 4e-05
0.372048 4e-05
0.372271 4e-05
0.372494 4e-05
0.372717 4e-05
0.37294 4e-05
0.373163 4e-05
0.373386 4e-05
0.373608 4e-05
0.373831 4e-05
0.374054 4e-05
0.374277 4e-05
0.3745 4e-05
0.374723 4e-05
0.374946 4e-05
0.375169 4e-05
0.375392 4e-05
0.375615 4e-05
0.375838 4e-05
0.376061 4e-05
0.376283 4e-05
0.376506 4e-05
0.376729 4e-05
0.376952 4e-05
0.377175 4e-05
0.377398 4e-05
0.377621 4e-05
0.377844 4e-05
0.378067 4e-05
0.37829 4e-05
0.378513 4e-05
0.378736 4e-05
0.378958 4e-05
0.379181 4e-05
0.379404 4e-05
0.379627 4e-05
0.37985 4e-05
0.380073 4e-05
0.380296 4e-05
0.380519 4e-05
0.380742 4e-05
0.380965 4e-05
0.381188 4e-05
0.381411 4e-05
0.381633 4e-05
0.381856 4e-05
0.382079 4e-05
0.382302 4e-05
0.382525 4e-05
0.382748 4e-05
0.382971 4e-05
0.383194 4e-05
0.383417 4e-05
0.38364 4e-05
0.383863 4e-05
0.384086 4e-05
0.384308 4e-05
0.384531 4e-05
0.384754 4e-05
0.384977 4e-05
0.3852 4e-05
0.385423 4e-05
0.385646 4e-05
0.385869 4.2e-05
0.386092 4.2e-05
0.386315 4.2e-05
0.386538 4.2e-05
0.386761 4.2e-05
0.386983 4.2e-05
0.387206 4.2e-05
0.387429 4.2e-05
0.387652 4.2e-05
0.387875 4.2e-05
0.388098 4.2e-05
0.388321 4.2e-05
0.388544 4.2e-05
0.388767 4.2e-05
0.38899 4.2e-05
0.389213 4.2e-05
0.389436 4.2e-05
0.389658 4.2e-05
0.389881 4.2e-05
0.390104 4.2e-05
0.390327 4.2e-05
0.39055 4.2e-05
0.390773 4.2e-05
0.390996 4.2e-05
0.391219 4.2e-05
0.391442 4.2e-05
0.391665 4.2e-05
0.391888 4.2e-05
0.392111 4.2e-05
0.392333 4.2e-05
0.392556 4.2e-05
0.392779 4.2e-05
0.393002 4.2e-05
0.393225 4.2e-05
0.393448 4.2e-05
0.393671 4.2e-05
0.393894 4.6e-05
0.394117 4.6e-05
0.39434 4.6e-05
0.394563 4.6e-05
0.394786 4.6e-05
0.395008 4.6e-05
0.395231 4.6e-05
0.395454 4.6e-05
0.395677 4.6e-05
0.3959 4.6e-05
0.396123 4.6e-05
0.396346 4.6e-05
0.396569 4.6e-05
0.396792 4.6e-05
0.397015 4.6e-05
0.397238 4.6e-05
0.397461 4.6e-05
0.397683 4.6e-05
0.397906 4.6e-05
0.398129 4.6e-05
0.398352 4.6e-05
0.398575 4.6e-05
0.398798 4.6e-05
0.399021 4.6e-05
0.399244 4.6e-05
0.399467 4.6e-05
0.39969 4.6e-05
0.399913 4.6e-05
0.400136 4.6e-05
0.400358 4.6e-05
0.400581 4.6e-05
0.400804 4.6e-05
0.401027 4.6e-05
0.40125 4.6e-05
0.401473 4.6e-05
0.401696 4.6e-05
0.401919 4.6e-05
0.402142 4.6e-05
0.402365 4.6e-05
0.402588 4.6e-05
0.402811 4.6e-05
0.403033 4.6e-05
0.403256 4.6e-05
0.403479 4.6e-05
0.403702 4.6e-05
0.403925 4.6e-05
0.404148 4.6e-05
0.404371 4.6e-05
0.404594 4.6e-05
0.404817 4.6e-05
0.40504 4.6e-05
0.405263 4.6e-05
0.405486 4.6e-05
0.405708 4.6e-05
0.405931 4.6e-05
0.406154 4.6e-05
0.406377 4.6e-05
0.4066 4.6e-05
0.406823 4.6e-05
0.407046 4.6e-05
0.407269 4.6e-05
0.407492 4.6e-05
0.407715 4.6e-05
0.407938 4.6e-05
0.408161 4.6e-05
0.408383 4.6e-05
0.408606 4.6e-05
0.408829 4.6e-05
0.409052 4.6e-05
0.409275 4.6e-05
0.409498 4.6e-05
0.409721 4.6e-05
0.409944 4.6e-05
0.410167 4.6e-05
0.41039 4.6e-05
0.410613 4.6e-05
0.410836 4.6e-05
0.411058 4.6e-05
0.411281 4.6e-05
0.411504 4.6e-05
0.411727 4.6e-05
0.41195 4.6e-05
0.412173 4.6e-05
0.412396 4.6e-05
0.412619 4.6e-05
0.412842 4.6e-05
0.413065 4.6e-05
0.413288 4.6e-05
0.413511 4.6e-05
0.413733 4.6e-05
0.413956 4.6e-05
0.414179 4.6e-05
0.414402 4.6e-05
0.414625 4.6e-05
0.414848 4.6e-05
0.415071 4.6e-05
0.415294 4.6e-05
0.415517 4.6e-05
0.41574 4.6e-05
0.415963 4.6e-05
0.416186 4.6e-05
0.416408 4.6e-05
0.416631 4.6e-05
0.416854 4.6e-05
0.417077 4.6e-05
0.4173 4.6e-05
0.417523 4.6e-05
0.417746 4.6e-05
0.417969 4.6e-05
0.418192 4.6e-05
0.418415 4.6e-05
0.418638 4.6e-05
0.418861 4.6e-05
0.419083 4.6e-05
0.419306 4.6e-05
0.419529 4.6e-05
0.419752 4.6e-05
0.419975 4.6e-05
0.420198 4.6e-05
0.420421 4.6e-05
0.420644 4.6e-05
0.420867 4.6e-05
0.42109 4.6e-05
0.421313 4.6e-05
0.421536 4.6e-05
0.421758 4.8e-05
0.421981 4.8e-05
0.422204 4.8e-05
0.422427 4.8e-05
0.42265 4.8e-05
0.422873 4.8e-05
0.423096 4.8e-05
0.423319 4.8e-05
0.423542 4.8e-05
0.423765 4.8e-05
0.423988 4.8e-05
0.424211 4.8e-05
0.424433 4.8e-05
0.424656 5e-05
0.424879 5e-05
0.425102 5e-05
0.425325 5e-05
0.425548 5e-05
0.425771 5e-05
0.425994 5e-05
0.426217 5e-05
0.42644 5e-05
0.426663 5e-05
0.426886 5e-05
0.427108 5e-05
0.427331 5e-05
0.427554 5e-05
0.427777 5e-05
0.428 5e-05
0.428223 5e-05
0.428446 5e-05
0.428669 5e-05
0.428892 5e-05
0.429115 5e-05
0.429338 5e-05
0.429561 5e-05
0.429783 5e-05
0.430006 5e-05
0.430229 5e-05
0.430452 5e-05
0.430675 5e-05
0.430898 5e-05
0.431121 5e-05
0.431344 5e-05
0.431567 5e-05
0.43179 5e-05
0.432013 5e-05
0.432236 5e-05
0.432458 5e-05
0.432681 5e-05
0.432904 5e-05
0.433127 5e-05
0.43335 5e-05
0.433573 5e-05
0.433796 5e-05
0.434019 5e-05
0.434242 5e-05
0.434465 5e-05
0.434688 5e-05
0.434911 5e-05
0.435133 5e-05
0.435356 5e-05
0.435579 5e-05
0.435802 5e-05
0.436025 5e-05
0.436248 5e-05
0.436471 5e-05
0.436694 5e-05
0.436917 5e-05
0.43714 5e-05
0.437363 5e-05
0.437586 5e-05
0.437808 5e-05
0.438031 5e-05
0.438254 5e-05
0.438477 5e-05
0.4387 5e-05
0.438923 5e-05
0.439146 5e-05
0.439369 5e-05
0.439592 5e-05
0.439815 5e-05
0.440038 5e-05
0.440261 5e-05
0.440483 5e-05
0.440706 5e-05
0.440929 5e-05
0.441152 5e-05
0.441375 5e-05
0.441598 5e-05
0.441821 5e-05
0.442044 5e-05
0.442267 5e-05
0.44249 5e-05
0.442713 5e-05
0.442936 5e-05
0.443158 5e-05
0.443381 5e-05
0.443604 5e-05
0.443827 5e-05
0.44405 5e-05
0.444273 5e-05
0.444496 5e-05
0.444719 5e-05
0.444942 5e-05
0.445165 5e-05
0.445388 5e-05
0.445611 5e-05
0.445833 5e-05
0.446056 5e-05
0.446279 5e-05
0.446502 5e-05
0.446725 5e-05
0.446948 5e-05
0.447171 5e-05
0.447394 5e-05
0.447617 5e-05
0.44784 5e-05
0.448063 5e-05
0.448286 5e-05
0.448508 5e-05
0.448731 5e-05
0.448954 5e-05
0.449177 5e-05
0.4494 5e-05
0.449623 5e-05
0.449846 5e-05
0.450069 5e-05
0.450292 5e-05
0.450515 5e-05
0.450738 5e-05
0.450961 5.2e-05
0.451183 5.2e-05
0.451406 5.2e-05
0.451629 5.2e-05
0.451852 5.2e-05
0.452075 5.2e-05
0.452298 5.2e-05
0.452521 5.2e-05
0.452744 5.2e-05
0.452967 5.2e-05
0.45319 5.2e-05
0.453413 5.2e-05
0.453636 5.2e-05
0.453858 5.4e-05
0.454081 5.4e-05
0.454304 5.4e-05
0.454527 5.4e-05
0.45475 5.4e-05
0.454973 5.4e-05
0.455196 5.4e-05
0.455419 5.4e-05
0.455642 5.4e-05
0.455865 5.4e-05
0.456088 5.4e-05
0.456311 5.4e-05
0.456533 5.4e-05
0.456756 5.4e-05
0.456979 5.4e-05
0.457202 5.4e-05
0.457425 5.4e-05
0.457648 5.4e-05
0.457871 5.4e-05
0.458094 5.4e-05
0.458317 5.4e-05
0.45854 5.4e-05
0.458763 5.4e-05
0.458986 5.4e-05
0.459208 5.4e-05
0.459431 5.4e-05
0.459654 5.4e-05
0.459877 5.4e-05
0.4601 5.4e-05
0.460323 5.4e-05
0.460546 5.4e-05
0.460769 5.4e-05
0.460992 5.4e-05
0.461215 5.4e-05
0.461438 5.4e-05
0.461661 5.4e-05
0.461883 5.8e-05
0.462106 5.8e-05
0.462329 5.8e-05
0.462552 5.8e-05
0.462775 5.8e-05
0.462998 5.8e-05
0.463221 5.8e-05
0.463444 5.8e-05
0.463667 5.8e-05
0.46389 5.8e-05
0.464113 5.8e-05
0.464336 5.8e-05
0.464558 5.8e-05
0.464781 5.8e-05
0.465004 5.8e-05
0.465227 5.8e-05
0.46545 5.8e-05
0.465673 5.8e-05
0.465896 5.8e-05
0.466119 5.8e-05
0.466342 5.8e-05
0.466565 5.8e-05
0.466788 5.8e-05
0.467011 5.8e-05
0.467233 5.8e-05
0.467456 5.8e-05
0.467679 5.8e-05
0.467902 5.8e-05
0.468125 5.8e-05
0.468348 5.8e-05
0.468571 5.8e-05
0.468794 5.8e-05
0.469017 5.8e-05
0.46924 5.8e-05
0.469463 5.8e-05
0.469686 5.8e-05
0.469908 5.8e-05
0.470131 5.8e-05
0.470354 5.8e-05
0.470577 5.8e-05
0.4708 5.8e-05
0.471023 5.8e-05
0.471246 5.8e-05
0.471469 5.8e-05
0.471692 5.8e-05
0.471915 5.8e-05
0.472138 5.8e-05
0.472361 5.8e-05
0.472583 5.8e-05
0.472806 5.8e-05
0.473029 5.8e-05
0.473252 5.8e-05
0.473475 5.8e-05
0.473698 5.8e-05
0.473921 5.8e-05
0.474144 5.8e-05
0.474367 5.8e-05
0.47459 5.8e-05
0.474813 5.8e-05
0.475036 5.8e-05
0.475258 5.8e-05
0.475481 5.8e-05
0.475704 5.8e-05
0.475927 5.8e-05
0.47615 5.8e-05
0.476373 5.8e-05
0.476596 5.8e-05
0.476819 5.8e-05
0.477042 5.8e-05
0.477265 5.8e-05
0.477488 5.8e-05
0.477711 5.8e-05
0.477933 5.8e-05
0.478156 5.8e-05
0.478379 5.8e-05
0.478602 5.8e-05
0.478825 5.8e-05
0.479048 5.8e-05
0.479271 5.8e-05
0.479494 5.8e-05
0.479717 5.8e-05
0.47994 5.8e-05
0.480163 5.8e-05
0.480386 5.8e-05
0.480608 5.8e-05
0.480831 5.8e-05
0.481054 5.8e-05
0.481277 5.8e-05
0.4815 5.8e-05
0.481723 5.8e-05
0.481946 5.8e-05
0.482169 5.8e-05
0.482392 5.8e-05
0.482615 5.8e-05
0.482838 5.8e-05
0.483061 5.8e-05
0.483283 5.8e-05
0.483506 5.8e-05
0.483729 5.8e-05
0.483952 5.8e-05
0.484175 5.8e-05
0.484398 5.8e-05
0.484621 5.8e-05
0.484844 5.8e-05
0.485067 5.8e-05
0.48529 5.8e-05
0.485513 5.8e-05
0.485736 5.8e-05
0.485958 5.8e-05
0.486181 5.8e-05
0.486404 5.8e-05
0.486627 5.8e-05
0.48685 5.8e-05
0.487073 5.8e-05
0.487296 5.8e-05
0.487519 5.8e-05
0.487742 5.8e-05
0.487965 5.8e-05
0.488188 5.8e-05
0.488411 5.8e-05
0.488633 5.8e-05
0.488856 5.8e-05
0.489079 5.8e-05
0.489302 5.8e-05
0.489525 5.8e-05
0.489748 5.8e-05
0.489971 5.8e-05
0.490194 5.8e-05
0.490417 5.8e-05
0.49064 5.8e-05
0.490863 5.8e-05
0.491086 5.8e-05
0.491308 5.8e-05
0.491531 5.8e-05
0.491754 5.8e-05
0.491977 5.8e-05
0.4922 5.8e-05
0.492423 5.8e-05
0.492646 5.8e-05
0.492869 5.8e-05
0.493092 5.8e-05
0.493315 5.8e-05
0.493538 5.8e-05
0.493761 6e-05
0.493983 6.2e-05
0.494206 6.2e-05
0.494429 6.2e-05
0.494652 6.4e-05
0.494875 6.4e-05
0.495098 6.4e-05
0.495321 6.4e-05
0.495544 6.4e-05
0.495767 6.4e-05
0.49599 6.4e-05
0.496213 6.4e-05
0.496436 6.4e-05
0.496658 6.4e-05
0.496881 6.4e-05
0.497104 6.4e-05
0.497327 6.4e-05
0.49755 6.4e-05
0.497773 6.4e-05
0.497996 6.4e-05
0.498219 6.4e-05
0.498442 6.4e-05
0.498665 6.4e-05
0.498888 6.4e-05
0.499111 6.4e-05
0.499333 6.4e-05
0.499556 6.4e-05
0.499779 6.6e-05
0.500002 6.6e-05
0.500225 6.6e-05
0.500448 6.6e-05
0.500671 6.6e-05
0.500894 6.6e-05
0.501117 6.6e-05
0.50134 6.6e-05
0.501563 6.6e-05
0.501786 6.6e-05
0.502008 6.6e-05
0.502231 6.6e-05
0.502454 6.6e-05
0.502677 6.6e-05
0.5029 6.6e-05
0.503123 6.6e-05
0.503346 6.6e-05
0.503569 6.6e-05
0.503792 6.6e-05
0.504015 6.6e-05
0.504238 6.6e-05
0.504461 6.6e-05
0.504683 6.6e-05
0.504906 6.6e-05
0.505129 6.6e-05
0.505352 6.6e-05
0.505575 6.8e-05
0.505798 6.8e-05
0.506021 6.8e-05
0.506244 6.8e-05
0.506467 6.8e-05
0.50669 6.8e-05
0.506913 6.8e-05
0.507136 6.8e-05
0.507358 6.8e-05
0.507581 6.8e-05
0.507804 6.8e-05
0.508027 6.8e-05
0.50825 7.2e-05
0.508473 7.2e-05
0.508696 7.2e-05
0.508919 7.2e-05
0.509142 7.2e-05
0.509365 7.2e-05
0.509588 7.2e-05
0.509811 7.2e-05
0.510033 7.2e-05
0.510256 7.2e-05
0.510479 7.2e-05
0.510702 7.2e-05
0.510925 7.2e-05
0.511148 7.2e-05
0.511371 7.2e-05
0.511594 7.2e-05
0.511817 7.2e-05
0.51204 7.2e-05
0.512263 7.2e-05
0.512486 7.2e-05
0.512708 7.2e-05
0.512931 7.2e-05
0.513154 7.2e-05
0.513377 7.2e-05
0.5136 7.2e-05
0.513823 7.2e-05
0.514046 7.2e-05
0.514269 7.2e-05
0.514492 7.4e-05
0.514715 7.4e-05
0.514938 7.4e-05
0.515161 7.4e-05
0.515383 7.4e-05
0.515606 7.4e-05
0.515829 7.4e-05
0.516052 7.4e-05
0.516275 7.4e-05
0.516498 7.4e-05
0.516721 7.4e-05
0.516944 7.4e-05
0.517167 7.4e-05
0.51739 7.4e-05
0.517613 7.4e-05
0.517836 7.4e-05
0.518058 7.4e-05
0.518281 7.4e-05
0.518504 7.4e-05
0.518727 7.4e-05
0.51895 7.4e-05
0.519173 7.4e-05
0.519396 7.4e-05
0.519619 7.4e-05
0.519842 7.4e-05
0.520065 7.4e-05
0.520288 7.4e-05
0.520511 7.4e-05
0.520733 7.4e-05
0.520956 7.4e-05
0.521179 7.4e-05
0.521402 7.4e-05
0.521625 7.4e-05
0.521848 7.4e-05
0.522071 7.6e-05
0.522294 7.6e-05
0.522517 7.6e-05
0.52274 7.6e-05
0.522963 7.6e-05
0.523186 7.6e-05
0.523408 7.6e-05
0.523631 7.6e-05
0.523854 7.6e-05
0.524077 7.6e-05
0.5243 7.6e-05
0.524523 7.8e-05
0.524746 7.8e-05
0.524969 7.8e-05
0.525192 7.8e-05
0.525415 7.8e-05
0.525638 7.8e-05
0.525861 7.8e-05
0.526083 7.8e-05
0.526306 7.8e-05
0.526529 8.8e-05
0.526752 8.8e-05
0.526975 8.8e-05
0.527198 8.8e-05
0.527421 8.8e-05
0.527644 8.8e-05
0.527867 8.8e-05
0.52809 8.8e-05
0.528313 8.8e-05
0.528536 8.8e-05
0.528758 8.8e-05
0.528981 8.8e-05
0.529204 8.8e-05
0.529427 8.8e-05
0.52965 8.8e-05
0.529873 8.8e-05
0.530096 8.8e-05
0.530319 8.8e-05
0.530542 8.8e-05
0.530765 8.8e-05
0.530988 8.8e-05
0.531211 8.8e-05
0.531433 8.8e-05
0.531656 8.8e-05
0.531879 8.8e-05
0.532102 8.8e-05
0.532325 8.8e-05
0.532548 8.8e-05
0.532771 8.8e-05
0.532994 8.8e-05
0.533217 8.8e-05
0.53344 8.8e-05
0.533663 8.8e-05
0.533886 8.8e-05
0.534108 8.8e-05
0.534331 8.8e-05
0.534554 8.8e-05
0.534777 8.8e-05
0.535 8.8e-05
0.535223 8.8e-05
0.535446 8.8e-05
0.535669 8.8e-05
0.535892 8.8e-05
0.536115 8.8e-05
0.536338 9e-05
0.536561 9e-05
0.536783 9e-05
0.537006 9e-05
0.537229 9e-05
0.537452 9e-05
0.537675 9e-05
0.537898 9e-05
0.538121 9e-05
0.538344 9.2e-05
0.538567 9.2e-05
0.53879 9.2e-05
0.539013 9.2e-05
0.539236 9.2e-05
0.539458 9.4e-05
0.539681 9.4e-05
0.539904 9.4e-05
0.540127 9.4e-05
0.54035 9.4e-05
0.540573 9.4e-05
0.540796 9.4e-05
0.541019 9.4e-05
0.541242 9.4e-05
0.541465 9.4e-05
0.541688 9.4e-05
0.541911 9.4e-05
0.542133 9.4e-05
0.542356 9.4e-05
0.542579 9.4e-05
0.542802 9.4e-05
0.543025 9.4e-05
0.543248 9.4e-05
0.543471 9.4e-05
0.543694 9.4e-05
0.543917 9.4e-05
0.54414 9.4e-05
0.544363 9.4e-05
0.544586 9.4e-05
0.544808 9.4e-05
0.545031 9.4e-05
0.545254 9.4e-05
0.545477 9.4e-05
0.5457 9.4e-05
0.545923 9.4e-05
0.546146 9.4e-05
0.546369 9.4e-05
0.546592 0.000102
0.546815 0.000102
0.547038 0.000102
0.547261 0.000102
0.547483 0.000102
0.547706 0.000102
0.547929 0.000102
0.548152 0.000102
0.548375 0.000102
0.548598 0.000102
0.548821 0.000102
0.549044 0.000102
0.549267 0.000102
0.54949 0.000102
0.549713 0.000102
0.549936 0.000102
0.550158 0.000102
0.550381 0.000102
0.550604 0.000102
0.550827 0.000102
0.55105 0.000102
0.551273 0.000102
0.551496 0.000102
0.551719 0.000102
0.551942 0.000102
0.552165 0.000102
0.552388 0.000102
0.552611 0.000102
0.552833 0.000102
0.553056 0.000102
0.553279 0.000102
0.553502 0.000102
0.553725 0.000102
0.553948 0.000102
0.554171 0.000102
0.554394 0.000102
0.554617 0.000102
0.55484 0.000102
0.555063 0.000102
0.555286 0.000102
0.555508 0.000102
0.555731 0.000102
0.555954 0.000102
0.556177 0.000104
0.5564 0.000104
0.556623 0.000104
0.556846 0.000104
0.557069 0.000104
0.557292 0.000104
0.557515 0.000104
0.557738 0.000104
0.557961 0.000104
0.558183 0.000104
0.558406 0.000104
0.558629 0.000104
0.558852 0.000104
0.559075 0.000104
0.559298 0.000104
0.559521 0.000104
0.559744 0.000104
0.559967 0.000104
0.56019 0.000104
0.560413 0.000104
0.560636 0.000104
0.560858 0.000104
0.561081 0.000104
0.561304 0.000104
0.561527 0.000104
0.56175 0.000112
0.561973 0.000112
0.562196 0.000112
0.562419 0.000112
0.562642 0.000112
0.562865 0.000112
0.563088 0.000112
0.563311 0.000112
0.563533 0.000112
0.563756 0.000112
0.563979 0.000112
0.564202 0.000112
0.564425 0.000112
0.564648 0.000112
0.564871 0.000112
0.565094 0.000112
0.565317 0.000112
0.56554 0.000112
0.565763 0.000112
0.565986 0.000112
0.566208 0.000112
0.566431 0.000112
0.566654 0.000112
0.566877 0.000112
0.5671 0.000112
0.567323 0.000112
0.567546 0.000112
0.567769 0.000112
0.567992 0.000114
0.568215 0.000116
0.568438 0.000116
0.568661 0.000116
0.568883 0.000116
0.569106 0.000116
0.569329 0.000116
0.569552 0.000126
0.569775 0.000126
0.569998 0.000126
0.570221 0.000126
0.570444 0.000126
0.570667 0.000126
0.57089 0.000126
0.571113 0.000126
0.571336 0.000126
0.571559 0.000126
0.571781 0.000126
0.572004 0.000126
0.572227 0.000126
0.57245 0.000126
0.572673 0.000126
0.572896 0.000126
0.573119 0.000126
0.573342 0.000126
0.573565 0.000126
0.573788 0.000126
0.574011 0.000126
0.574234 0.000126
0.574456 0.000126
0.574679 0.000126
0.574902 0.000126
0.575125 0.000126
0.575348 0.000126
0.575571 0.000126
0.575794 0.000126
0.576017 0.000126
0.57624 0.000146
0.576463 0.000146
0.576686 0.000146
0.576909 0.000146
0.577131 0.000146
0.577354 0.000146
0.577577 0.000146
0.5778 0.000146
0.578023 0.000146
0.578246 0.000146
0.578469 0.000146
0.578692 0.000146
0.578915 0.000146
0.579138 0.000146
0.579361 0.000146
0.579584 0.000146
0.579806 0.000146
0.580029 0.000146
0.580252 0.000146
0.580475 0.000146
0.580698 0.000146
0.580921 0.000146
0.581144 0.000146
0.581367 0.000146
0.58159 0.000146
0.581813 0.000146
0.582036 0.000146
0.582259 0.000146
0.582481 0.000146
0.582704 0.000146
0.582927 0.000146
0.58315 0.000146
0.583373 0.000146
0.583596 0.000146
0.583819 0.000146
0.584042 0.000146
0.584265 0.000146
0.584488 0.000146
0.584711 0.000146
0.584934 0.000146
0.585156 0.000146
0.585379 0.000146
0.585602 0.000146
0.585825 0.000146
0.586048 0.000146
0.586271 0.000146
0.586494 0.000146
0.586717 0.000146
0.58694 0.000146
0.587163 0.000152
0.587386 0.000166
0.587609 0.000166
0.587831 0.000166
0.588054 0.000166
0.588277 0.000166
0.5885 0.000166
0.588723 0.000166
0.588946 0.000166
0.589169 0.000166
0.589392 0.000166
0.589615 0.000166
0.589838 0.000166
0.590061 0.000166
0.590284 0.000166
0.590506 0.000166
0.590729 0.000166
0.590952 0.000166
0.591175 0.000166
0.591398 0.000166
0.591621 0.000166
0.591844 0.000166
0.592067 0.000166
0.59229 0.000166
0.592513 0.000166
0.592736 0.000166
0.592959 0.000166
0.593181 0.000172
0.593404 0.000172
0.593627 0.000172
0.59385 0.000172
0.594073 0.000172
0.594296 0.000172
0.594519 0.000172
0.594742 0.000172
0.594965 0.000172
0.595188 0.00019
0.595411 0.00019
0.595634 0.00019
0.595856 0.00019
0.596079 0.00019
0.596302 0.00019
0.596525 0.00019
0.596748 0.00019
0.596971 0.00019
0.597194 0.00019
0.597417 0.00019
0.59764 0.00019
0.597863 0.00019
0.598086 0.00019
0.598309 0.00019
0.598531 0.00019
0.598754 0.00019
0.598977 0.00019
0.5992 0.00019
0.599423 0.00019
0.599646 0.00019
0.599869 0.00019
0.600092 0.00019
0.600315 0.00019
0.600538 0.00019
0.600761 0.00019
0.600984 0.00019
0.601206 0.00019
0.601429 0.00019
0.601652 0.000204
0.601875 0.000204
0.602098 0.000204
0.602321 0.000204
0.602544 0.000204
0.602767 0.000204
0.60299 0.000204
0.603213 0.000204
0.603436 0.000204
0.603659 0.000204
0.603881 0.000204
0.604104 0.000204
0.604327 0.000204
0.60455 0.000204
0.604773 0.000204
0.604996 0.000204
0.605219 0.000204
0.605442 0.000204
0.605665 0.000204
0.605888 0.000204
0.606111 0.000204
0.606334 0.000204
0.606556 0.000204
0.606779 0.000204
0.607002 0.000204
0.607225 0.000204
0.607448 0.000204
0.607671 0.000204
0.607894 0.000204
0.608117 0.000204
0.60834 0.000204
0.608563 0.000204
0.608786 0.000204
0.609009 0.000204
0.609231 0.000204
0.609454 0.000204
0.609677 0.000204
0.6099 0.000204
0.610123 0.000222
0.610346 0.000222
0.610569 0.000222
0.610792 0.000222
0.611015 0.000222
0.611238 0.000222
0.611461 0.000222
0.611684 0.000222
0.611906 0.000222
0.612129 0.000222
0.612352 0.000222
0.612575 0.000222
0.612798 0.000222
0.613021 0.000222
0.613244 0.000222
0.613467 0.000222
0.61369 0.000222
0.613913 0.000222
0.614136 0.000222
0.614359 0.000222
0.614581 0.000222
0.614804 0.000222
0.615027 0.000222
0.61525 0.000222
0.615473 0.000222
0.615696 0.000222
0.615919 0.000224
0.616142 0.000224
0.616365 0.000242
0.616588 0.000242
0.616811 0.000242
0.617034 0.000242
0.617256 0.000246
0.617479 0.000246
0.617702 0.000246
0.617925 0.000246
0.618148 0.000246
0.618371 0.000246
0.618594 0.000246
0.618817 0.000246
0.61904 0.000246
0.619263 0.000246
0.619486 0.000246
0.619709 0.000246
0.619931 0.000246
0.620154 0.000246
0.620377 0.000246
0.6206 0.000246
0.620823 0.000264
0.621046 0.000264
0.621269 0.000264
0.621492 0.000264
0.621715 0.000264
0.621938 0.000264
0.622161 0.000264
0.622384 0.000264
0.622606 0.000264
0.622829 0.000264
0.623052 0.000264
0.623275 0.000264
0.623498 0.000264
0.623721 0.000264
0.623944 0.000264
0.624167 0.000276
0.62439 0.000276
0.624613 0.000276
0.624836 0.000276
0.625059 0.000294
0.625281 0.000294
0.625504 0.000294
0.625727 0.000294
0.62595 0.000294
0.626173 0.000294
0.626396 0.000294
0.626619 0.000294
0.626842 0.000294
0.627065 0.000294
0.627288 0.000294
0.627511 0.000294
0.627734 0.000348
0.627956 0.000348
0.628179 0.000348
0.628402 0.000348
0.628625 0.000348
0.628848 0.000348
0.629071 0.000348
0.629294 0.000348
0.629517 0.000348
0.62974 0.000348
0.629963 0.000348
0.630186 0.000348
0.630409 0.000348
0.630631 0.000348
0.630854 0.000348
0.631077 0.000348
0.6313 0.000348
0.631523 0.000348
0.631746 0.000348
0.631969 0.000348
0.632192 0.000348
0.632415 0.000356
0.632638 0.000356
0.632861 0.000356
0.633084 0.000356
0.633306 0.000356
0.633529 0.000356
0.633752 0.000356
0.633975 0.000356
0.634198 0.000356
0.634421 0.000356
0.634644 0.000356
0.634867 0.000356
0.63509 0.000356
0.635313 0.000356
0.635536 0.00036
0.635759 0.000368
0.635981 0.000368
0.636204 0.000368
0.636427 0.000368
0.63665 0.000368
0.636873 0.000378
0.637096 0.000378
0.637319 0.000378
0.637542 0.000378
0.637765 0.000388
0.637988 0.000388
0.638211 0.000388
0.638434 0.000388
0.638656 0.000398
0.638879 0.000398
0.639102 0.000398
0.639325 0.000398
0.639548 0.000398
0.639771 0.000398
0.639994 0.000398
0.640217 0.000398
0.64044 0.000432
0.640663 0.000432
0.640886 0.000432
0.641109 0.000432
0.641331 0.000432
0.641554 0.000432
0.641777 0.000432
0.642 0.000432
0.642223 0.00047
0.642446 0.00047
0.642669 0.00047
0.642892 0.00047
0.643115 0.00047
0.643338 0.00047
0.643561 0.00047
0.643784 0.00047
0.644006 0.00047
0.644229 0.00047
0.644452 0.00047
0.644675 0.00047
0.644898 0.00048
0.645121 0.00048
0.645344 0.00048
0.645567 0.00048
0.64579 0.00048
0.646013 0.00048
0.646236 0.00048
0.646459 0.00048
0.646681 0.00048
0.646904 0.00048
0.647127 0.00048
0.64735 0.00048
0.647573 0.00048
0.647796 0.000484
0.648019 0.000484
0.648242 0.000518
0.648465 0.000518
0.648688 0.000518
0.648911 0.000518
0.649134 0.000518
0.649356 0.000518
0.649579 0.000518
0.649802 0.000518
0.650025 0.000518
0.650248 0.000518
0.650471 0.000518
0.650694 0.000518
0.650917 0.000518
0.65114 0.000518
0.651363 0.000518
0.651586 0.000518
0.651809 0.000526
0.652031 0.000526
0.652254 0.000526
0.652477 0.000624
0.6527 0.000624
0.652923 0.000624
0.653146 0.000624
0.653369 0.00068
0.653592 0.00068
0.653815 0.00068
0.654038 0.00068
0.654261 0.00068
0.654484 0.00068
0.654706 0.00068
0.654929 0.00068
0.655152 0.000816
0.655375 0.000816
0.655598 0.000818
0.655821 0.000818
0.656044 0.000818
0.656267 0.000818
0.65649 0.000818
0.656713 0.000818
0.656936 0.000818
0.657159 0.000818
0.657381 0.00085
0.657604 0.00085
0.657827 0.00085
0.65805 0.000864
0.658273 0.000864
0.658496 0.000864
0.658719 0.000864
0.658942 0.000864
0.659165 0.000864
0.659388 0.000864
0.659611 0.000864
0.659834 0.001024
0.660056 0.001024
0.660279 0.001032
0.660502 0.001032
0.660725 0.001032
0.660948 0.001032
0.661171 0.001032
0.661394 0.001032
0.661617 0.001032
0.66184 0.001032
0.662063 0.001032
0.662286 0.001032
0.662509 0.001202
0.662731 0.001202
0.662954 0.001202
0.663177 0.001206
0.6634 0.001206
0.663623 0.001206
0.663846 0.001206
0.664069 0.001206
0.664292 0.001212
0.664515 0.001212
0.664738 0.001216
0.664961 0.001216
0.665184 0.001216
0.665406 0.001244
0.665629 0.001394
0.665852 0.001394
0.666075 0.001394
0.666298 0.00142
0.666521 0.00143
0.666744 0.00143
0.666967 0.00143
0.66719 0.001444
0.667413 0.001444
0.667636 0.001444
0.667859 0.001444
0.668081 0.001484
0.668304 0.001484
0.668527 0.001484
0.66875 0.001512
0.668973 0.001512
0.669196 0.001514
0.669419 0.001516
0.669642 0.001728
0.669865 0.001728
0.670088 0.001728
0.670311 0.001728
0.670534 0.001728
0.670756 0.001728
0.670979 0.001728
0.671202 0.001898
0.671425 0.001902
0.671648 0.001902
0.671871 0.001902
0.672094 0.001902
0.672317 0.001902
0.67254 0.001902
0.672763 0.001906
0.672986 0.001984
0.673209 0.002124
0.673431 0.002136
0.673654 0.002478
0.673877 0.002488
0.6741 0.002488
0.674323 0.002576
0.674546 0.003382
0.674769 0.00344
0.674992 0.00344
0.675215 0.003798
0.675438 0.00382
0.675661 0.00382
0.675884 0.00382
0.676106 0.00382
0.676329 0.004336
0.676552 0.004336
0.676775 0.00434
0.676998 0.004736
0.677221 0.00524
0.677444 0.005368
0.677667 0.005368
0.67789 0.005368
0.678113 0.006904
0.678336 0.006904
0.678559 0.006916
0.678781 0.010568
0.679004 0.010568
0.679227 0.010578
0.67945 0.010624
0.679673 0.010716
0.679896 0.010716
0.680119 0.01074
0.680342 0.01179
0.680565 0.017688
0.680788 0.019956
0.681011 0.025936
0.681234 0.026356
0.681456 0.02792
0.681679 0.036926
0.681902 0.084376
0.682125 0.268566
0.682348 0.406812
0.682571 0.410778
0.682794 0.414114
0.683017 0.426772
0.68324 0.434008
0.683463 0.488128
0.683686 0.491084
0.683909 0.498262
0.684131 0.520614
0.684354 0.534406
0.684577 0.5371
0.6848 0.552992
0.685023 0.554286
0.685246 0.5551
0.685469 0.555244
0.685692 0.55593
0.685915 0.564014
0.686138 0.56482
0.686361 0.56554
0.686584 0.567498
0.686806 0.567842
0.687029 0.57118
0.687252 0.579346
0.687475 0.57978
0.687698 0.580056
0.687921 0.58297
0.688144 0.583586
0.688367 0.584378
0.68859 0.58684
0.688813 0.594146
0.689036 0.596226
0.689259 0.597214
0.689481 0.600534
0.689704 0.60245
0.689927 0.6099
0.69015 0.610542
0.690373 0.610966
0.690596 0.611352
0.690819 0.612092
0.691042 0.612996
0.691265 0.61351
0.691488 0.622642
0.691711 0.62322
0.691934 0.625198
0.692156 0.625694
0.692379 0.626468
0.692602 0.626832
0.692825 0.630672
0.693048 0.63844
0.693271 0.639262
0.693494 0.63946
0.693717 0.6397
0.69394 0.64032
0.694163 0.640558
0.694386 0.645158
0.694609 0.648836
0.694831 0.649186
0.695054 0.649668
0.695277 0.650228
0.6955 0.650594
0.695723 0.650966
0.695946 0.65135
0.696169 0.651816
0.696392 0.652028
0.696615 0.652174
0.696838 0.652922
0.697061 0.653278
0.697284 0.653582
0.697506 0.6541
0.697729 0.654366
0.697952 0.65458
0.698175 0.654952
0.698398 0.655212
0.698621 0.658126
0.698844 0.66049
0.699067 0.66267
0.69929 0.674988
0.699513 0.67539
0.699736 0.675924
0.699959 0.676208
0.700181 0.676472
0.700404 0.676946
0.700627 0.677372
0.70085 0.677602
0.701073 0.677788
0.701296 0.678332
0.701519 0.678578
0.701742 0.678832
0.701965 0.679018
0.702188 0.679266
0.702411 0.679532
0.702634 0.679868
0.702856 0.680112
0.703079 0.680464
0.703302 0.680924
0.703525 0.68122
0.703748 0.683878
0.703971 0.686376
0.704194 0.68745
0.704417 0.687748
0.70464 0.688452
0.704863 0.688616
0.705086 0.688864
0.705309 0.689264
0.705531 0.689508
0.705754 0.68981
0.705977 0.689918
0.7062 0.690256
0.706423 0.690452
0.706646 0.690748
0.706869 0.691048
0.707092 0.691288
0.707315 0.691714
0.707538 0.691944
0.707761 0.692142
0.707984 0.692296
0.708206 0.692448
0.708429 0.692896
0.708652 0.69327
0.708875 0.694032
0.709098 0.698146
0.709321 0.699958
0.709544 0.700146
0.709767 0.700344
0.70999 0.700806
0.710213 0.701094
0.710436 0.701326
0.710659 0.701574
0.710881 0.701814
0.711104 0.702524
0.711327 0.702928
0.71155 0.70327
0.711773 0.703544
0.711996 0.703844
0.712219 0.704006
0.712442 0.704508
0.712665 0.705016
0.712888 0.705228
0.713111 0.705592
0.713334 0.706552
0.713556 0.709376
0.713779 0.711886
0.714002 0.712778
0.714225 0.712926
0.714448 0.713196
0.714671 0.713504
0.714894 0.713618
0.715117 0.714038
0.71534 0.714224
0.715563 0.714412
0.715786 0.71457
0.716009 0.714736
0.716231 0.715552
0.716454 0.71573
0.716677 0.715906
0.7169 0.716266
0.717123 0.71657
0.717346 0.716862
0.717569 0.717204
0.717792 0.71739
0.718015 0.717626
0.718238 0.717804
0.718461 0.719444
0.718684 0.722538
0.718906 0.723968
0.719129 0.724154
0.719352 0.724388
0.719575 0.724652
0.719798 0.724834
0.720021 0.725278
0.720244 0.725532
0.720467 0.725704
0.72069 0.726034
0.720913 0.726202
0.721136 0.726528
0.721359 0.726866
0.721581 0.727232
0.721804 0.727564
0.722027 0.727866
0.72225 0.728502
0.722473 0.728926
0.722696 0.729074
0.722919 0.729386
0.723142 0.729606
0.723365 0.730034
0.723588 0.731794
0.723811 0.734114
0.724034 0.73517
0.724256 0.735684
0.724479 0.735908
0.724702 0.73612
0.724925 0.736386
0.725148 0.736544
0.725371 0.736962
0.725594 0.737128
0.725817 0.737244
0.72604 0.737534
0.726263 0.737746
0.726486 0.737942
0.726709 0.738422
0.726931 0.738596
0.727154 0.738792
0.727377 0.73902
0.7276 0.739222
0.727823 0.73933
0.728046 0.739442
0.728269 0.739764
0.728492 0.740026
0.728715 0.740196
0.728938 0.740336
0.729161 0.740562
0.729384 0.740752
0.729606 0.74086
0.729829 0.741096
0.730052 0.741314
0.730275 0.742384
0.730498 0.745036
0.730721 0.747434
0.730944 0.747562
0.731167 0.74772
0.73139 0.747946
0.731613 0.748276
0.731836 0.74867
0.732059 0.748814
0.732281 0.748988
0.732504 0.749208
0.732727 0.749404
0.73295 0.74967
0.733173 0.749756
0.733396 0.749924
0.733619 0.750122
0.733842 0.750388
0.734065 0.750564
0.734288 0.75065
0.734511 0.75081
0.734734 0.750996
0.734956 0.751166
0.735179 0.751338
0.735402 0.75151
0.735625 0.75175
0.735848 0.751946
0.736071 0.752152
0.736294 0.75242
0.736517 0.752556
0.73674 0.752778
0.736963 0.75353
0.737186 0.755002
0.737409 0.757204
0.737631 0.758694
0.737854 0.758888
0.738077 0.758992
0.7383 0.75911
0.738523 0.759426
0.738746 0.759674
0.738969 0.759848
0.739192 0.75996
0.739415 0.76014
0.739638 0.7604
0.739861 0.760532
0.740084 0.76081
0.740306 0.760996
0.740529 0.761134
0.740752 0.762232
0.740975 0.762458
0.741198 0.762614
0.741421 0.762708
0.741644 0.76288
0.741867 0.763016
0.74209 0.763338
0.742313 0.763538
0.742536 0.76377
0.742759 0.763868
0.742981 0.764134
0.743204 0.764278
0.743427 0.766814
0.74365 0.768492
0.743873 0.769986
0.744096 0.770148
0.744319 0.770298
0.744542 0.770374
0.744765 0.770552
0.744988 0.770682
0.745211 0.770844
0.745434 0.771008
0.745656 0.771114
0.745879 0.771212
0.746102 0.77143
0.746325 0.771508
0.746548 0.771646
0.746771 0.771842
0.746994 0.772036
0.747217 0.772244
0.74744 0.772418
0.747663 0.772654
0.747886 0.772728
0.748109 0.772938
0.748331 0.773102
0.748554 0.77326
0.748777 0.773664
0.749 0.773824
0.749223 0.773902
0.749446 0.77408
0.749669 0.77449
0.749892 0.774628
0.750115 0.774826
0.750338 0.775056
0.750561 0.775342
0.750784 0.77697
0.751006 0.778848
0.751229 0.781038
0.751452 0.781146
0.751675 0.781234
0.751898 0.78136
0.752121 0.781446
0.752344 0.78159
0.752567 0.781754
0.75279 0.781934
0.753013 0.782034
0.753236 0.782258
0.753459 0.782406
0.753681 0.78252
0.753904 0.782612
0.754127 0.782734
0.75435 0.782876
0.754573 0.782992
0.754796 0.783166
0.755019 0.78342
0.755242 0.783558
0.755465 0.783732
0.755688 0.783822
0.755911 0.78404
0.756134 0.784128
0.756356 0.784306
0.756579 0.784454
0.756802 0.784674
0.757025 0.784866
0.757248 0.785026
0.757471 0.785376
0.757694 0.785616
0.757917 0.785766
0.75814 0.785894
0.758363 0.786054
0.758586 0.786196
0.758809 0.786268
0.759031 0.787114
0.759254 0.788676
0.759477 0.789988
0.7597 0.792016
0.759923 0.792188
0.760146 0.79228
0.760369 0.792464
0.760592 0.792566
0.760815 0.792718
0.761038 0.79289
0.761261 0.793182
0.761484 0.793342
0.761706 0.793596
0.761929 0.793836
0.762152 0.794108
0.762375 0.794258
0.762598 0.794388
0.762821 0.79452
0.763044 0.794628
0.763267 0.794764
0.76349 0.795026
0.763713 0.795126
0.763936 0.795228
0.764159 0.795318
0.764381 0.795554
0.764604 0.79579
0.764827 0.795972
0.76505 0.796116
0.765273 0.796264
0.765496 0.796476
0.765719 0.79666
0.765942 0.796936
0.766165 0.79747
0.766388 0.79949
0.766611 0.801606
0.766834 0.802738
0.767056 0.802838
0.767279 0.802986
0.767502 0.803054
0.767725 0.803202
0.767948 0.803438
0.768171 0.803654
0.768394 0.803792
0.768617 0.803966
0.76884 0.804146
0.769063 0.804288
0.769286 0.804486
0.769509 0.804636
0.769731 0.80486
0.769954 0.805068
0.770177 0.805372
0.7704 0.805494
0.770623 0.805632
0.770846 0.805752
0.771069 0.805852
0.771292 0.80606
0.771515 0.806204
0.771738 0.806372
0.771961 0.806562
0.772184 0.806646
0.772406 0.806734
0.772629 0.806946
0.772852 0.807142
0.773075 0.807326
0.773298 0.80757
0.773521 0.807656
0.773744 0.807832
0.773967 0.808326
0.77419 0.810894
0.774413 0.813006
0.774636 0.813492
0.774859 0.813692
0.775081 0.81403
0.775304 0.814188
0.775527 0.814266
0.77575 0.814468
0.775973 0.814554
0.776196 0.814668
0.776419 0.814742
0.776642 0.814946
0.776865 0.815008
0.777088 0.815144
0.777311 0.815288
0.777534 0.81546
0.777756 0.815522
0.777979 0.815596
0.778202 0.81571
0.778425 0.815846
0.778648 0.81602
0.778871 0.816136
0.779094 0.816238
0.779317 0.816354
0.77954 0.816502
0.779763 0.816698
0.779986 0.816904
0.780209 0.817102
0.780431 0.817236
0.780654 0.817398
0.780877 0.817546
0.7811 0.817752
0.781323 0.817842
0.781546 0.817918
0.781769 0.81807
0.781992 0.818202
0.782215 0.818304
0.782438 0.818456
0.782661 0.818562
0.782884 0.820464
0.783106 0.821898
0.783329 0.823638
0.783552 0.823908
0.783775 0.82412
0.783998 0.824186
0.784221 0.824334
0.784444 0.824446
0.784667 0.824638
0.78489 0.824782
0.785113 0.824904
0.785336 0.825186
0.785559 0.825384
0.785781 0.825592
0.786004 0.82578
0.786227 0.82584
0.78645 0.82599
0.786673 0.82606
0.786896 0.826136
0.787119 0.826374
0.787342 0.826484
0.787565 0.82659
0.787788 0.82678
0.788011 0.826844
0.788234 0.826944
0.788456 0.827008
0.788679 0.827232
0.788902 0.82738
0.789125 0.82758
0.789348 0.827688
0.789571 0.827806
0.789794 0.827958
0.790017 0.82802
0.79024 0.828192
0.790463 0.828348
0.790686 0.828434
0.790909 0.828518
0.791131 0.828626
0.791354 0.82871
0.791577 0.828814
0.7918 0.828902
0.792023 0.830104
0.792246 0.83135
0.792469 0.832416
0.792692 0.834136
0.792915 0.834228
0.793138 0.834358
0.793361 0.834432
0.793584 0.834538
0.793806 0.834724
0.794029 0.834862
0.794252 0.83501
0.794475 0.835248
0.794698 0.835336
0.794921 0.835454
0.795144 0.835576
0.795367 0.83567
0.79559 0.835746
0.795813 0.8359
0.796036 0.83608
0.796259 0.83618
0.796481 0.836322
0.796704 0.83639
0.796927 0.836498
0.79715 0.836582
0.797373 0.836756
0.797596 0.836868
0.797819 0.836992
0.798042 0.837064
0.798265 0.837198
0.798488 0.837284
0.798711 0.83739
0.798934 0.83749
0.799156 0.837722
0.799379 0.83798
0.799602 0.83811
0.799825 0.838234
0.800048 0.8383
0.800271 0.83846
0.800494 0.838648
0.800717 0.838828
0.80094 0.838976
0.801163 0.839202
0.801386 0.839658
0.801609 0.84103
0.801831 0.842118
0.802054 0.844024
0.802277 0.844448
0.8025 0.844588
0.802723 0.844744
0.802946 0.844866
0.803169 0.845016
0.803392 0.845096
0.803615 0.845226
0.803838 0.84538
0.804061 0.845526
0.804284 0.845698
0.804506 0.845784
0.804729 0.846022
0.804952 0.846116
0.805175 0.846264
0.805398 0.846388
0.805621 0.846464
0.805844 0.84664
0.806067 0.846764
0.80629 0.846966
0.806513 0.847026
0.806736 0.847144
0.806959 0.847228
0.807181 0.84738
0.807404 0.847488
0.807627 0.847672
0.80785 0.847772
0.808073 0.847844
0.808296 0.847998
0.808519 0.848126
0.808742 0.84824
0.808965 0.84837
0.809188 0.848416
0.809411 0.848582
0.809634 0.848676
0.809856 0.848774
0.810079 0.848876
0.810302 0.848962
0.810525 0.849082
0.810748 0.849208
0.810971 0.849726
0.811194 0.852222
0.811417 0.854114
0.81164 0.854516
0.811863 0.854626
0.812086 0.854656
0.812309 0.85479
0.812531 0.854904
0.812754 0.855074
0.812977 0.855202
0.8132 0.855338
0.813423 0.855434
0.813646 0.855552
0.813869 0.85568
0.814092 0.855764
0.814315 0.856072
0.814538 0.85618
0.814761 0.85635
0.814984 0.856618
0.815206 0.856718
0.815429 0.85681
0.815652 0.857014
0.815875 0.857118
0.816098 0.857186
0.816321 0.857344
0.816544 0.85744
0.816767 0.857504
0.81699 0.857576
0.817213 0.857654
0.817436 0.857768
0.817659 0.857832
0.817881 0.857916
0.818104 0.85799
0.818327 0.858142
0.81855 0.858306
0.818773 0.85837
0.818996 0.858544
0.819219 0.858622
0.819442 0.858694
0.819665 0.858794
0.819888 0.858888
0.820111 0.858976
0.820334 0.859156
0.820556 0.859282
0.820779 0.85936
0.821002 0.859474
0.821225 0.860172
0.821448 0.861092
0.821671 0.862538
0.821894 0.863514
0.822117 0.864488
0.82234 0.864582
0.822563 0.864708
0.822786 0.864878
0.823009 0.864988
0.823231 0.86511
0.823454 0.86519
0.823677 0.865264
0.8239 0.86534
0.824123 0.86543
0.824346 0.865566
0.824569 0.865672
0.824792 0.865776
0.825015 0.86588
0.825238 0.865976
0.825461 0.866062
0.825684 0.866138
0.825906 0.86631
0.826129 0.866416
0.826352 0.866478
0.826575 0.866564
0.826798 0.86665
0.827021 0.866752
0.827244 0.866808
0.827467 0.866944
0.82769 0.867066
0.827913 0.867246
0.828136 0.867434
0.828359 0.867538
0.828581 0.867694
0.828804 0.867766
0.829027 0.867914
0.82925 0.867974
0.829473 0.868108
0.829696 0.868208
0.829919 0.86839
0.830142 0.868454
0.830365 0.868628
0.830588 0.868726
0.830811 0.868826
0.831034 0.868936
0.831256 0.869044
0.831479 0.869192
0.831702 0.869282
0.831925 0.869658
0.832148 0.871116
0.832371 0.872536
0.832594 0.873926
0.832817 0.8744
0.83304 0.874544
0.833263 0.874634
0.833486 0.874744
0.833709 0.874864
0.833931 0.874974
0.834154 0.875046
0.834377 0.87519
0.8346 0.875332
0.834823 0.875444
0.835046 0.875576
0.835269 0.875604
0.835492 0.875686
0.835715 0.875836
0.835938 0.87595
0.836161 0.876056
0.836384 0.876124
0.836606 0.876192
0.836829 0.876302
0.837052 0.876384
0.837275 0.876514
0.837498 0.876602
0.837721 0.876774
0.837944 0.876864
0.838167 0.876942
0.83839 0.877022
0.838613 0.877144
0.838836 0.87724
0.839059 0.877414
0.839281 0.877462
0.839504 0.8776
0.839727 0.877666
0.83995 0.877774
0.840173 0.877824
0.840396 0.878094
0.840619 0.878192
0.840842 0.87833
0.841065 0.878396
0.841288 0.87847
0.841511 0.878576
0.841734 0.87888
0.841956 0.879012
0.842179 0.879144
0.842402 0.879232
0.842625 0.880094
0.842848 0.881398
0.843071 0.88252
0.843294 0.884088
0.843517 0.884374
0.84374 0.884472
0.843963 0.884554
0.844186 0.88466
0.844409 0.884804
0.844631 0.884858
0.844854 0.884982
0.845077 0.885068
0.8453 0.885142
0.845523 0.885234
0.845746 0.885358
0.845969 0.885472
0.846192 0.885576
0.846415 0.885608
0.846638 0.885686
0.846861 0.885778
0.847084 0.885906
0.847306 0.885978
0.847529 0.886036
0.847752 0.886172
0.847975 0.88635
0.848198 0.886434
0.848421 0.88651
0.848644 0.88656
0.848867 0.88664
0.84909 0.88676
0.849313 0.8868
0.849536 0.886914
0.849759 0.887094
0.849981 0.887276
0.850204 0.88736
0.850427 0.887444
0.85065 0.887548
0.850873 0.887696
0.851096 0.88776
0.851319 0.88784
0.851542 0.887964
0.851765 0.888062
0.851988 0.888158
0.852211 0.888322
0.852434 0.888446
0.852656 0.88856
0.852879 0.88866
0.853102 0.88877
0.853325 0.888852
0.853548 0.88897
0.853771 0.889908
0.853994 0.891444
0.854217 0.892688
0.85444 0.893816
0.854663 0.893902
0.854886 0.893952
0.855109 0.89403
0.855331 0.894096
0.855554 0.894184
0.855777 0.894256
0.856 0.89431
0.856223 0.894354
0.856446 0.894428
0.856669 0.894524
0.856892 0.894604
0.857115 0.894678
0.857338 0.894794
0.857561 0.894916
0.857784 0.89507
0.858007 0.895166
0.858229 0.895198
0.858452 0.895276
0.858675 0.895416
0.858898 0.895544
0.859121 0.895622
0.859344 0.895688
0.859567 0.895754
0.85979 0.895824
0.860013 0.895942
0.860236 0.896032
0.860459 0.896146
0.860682 0.896234
0.860904 0.896366
0.861127 0.896422
0.86135 0.89652
0.861573 0.896622
0.861796 0.896694
0.862019 0.89681
0.862242 0.89696
0.862465 0.897038
0.862688 0.89711
0.862911 0.897256
0.863134 0.897332
0.863357 0.897474
0.863579 0.897538
0.863802 0.897576
0.864025 0.897784
0.864248 0.897848
0.864471 0.89801
0.864694 0.898068
0.864917 0.898118
0.86514 0.898176
0.865363 0.898248
0.865586 0.898312
0.865809 0.898448
0.866032 0.898502
0.866254 0.898566
0.866477 0.899584
0.8667 0.90048
0.866923 0.901732
0.867146 0.90293
0.867369 0.903402
0.867592 0.903482
0.867815 0.903586
0.868038 0.90367
0.868261 0.90382
0.868484 0.903904
0.868707 0.904014
0.868929 0.904088
0.869152 0.904164
0.869375 0.904256
0.869598 0.90434
0.869821 0.90444
0.870044 0.904516
0.870267 0.904592
0.87049 0.90468
0.870713 0.904776
0.870936 0.90495
0.871159 0.905006
0.871382 0.90508
0.871604 0.905176
0.871827 0.905284
0.87205 0.905322
0.872273 0.905392
0.872496 0.905506
0.872719 0.905634
0.872942 0.905748
0.873165 0.905862
0.873388 0.906016
0.873611 0.906104
0.873834 0.906178
0.874057 0.906228
0.874279 0.906308
0.874502 0.90641
0.874725 0.906552
0.874948 0.906652
0.875171 0.90681
0.875394 0.906928
0.875617 0.907038
0.87584 0.907102
0.876063 0.907254
0.876286 0.907318
0.876509 0.907444
0.876732 0.907524
0.876954 0.907596
0.877177 0.907748
0.8774 0.907832
0.877623 0.907948
0.877846 0.908012
0.878069 0.908632
0.878292 0.909888
0.878515 0.911074
0.878738 0.911758
0.878961 0.912764
0.879184 0.912872
0.879407 0.912966
0.879629 0.913058
0.879852 0.913122
0.880075 0.913222
0.880298 0.913284
0.880521 0.913398
0.880744 0.913426
0.880967 0.913516
0.88119 0.91362
0.881413 0.91369
0.881636 0.913778
0.881859 0.91385
0.882082 0.913966
0.882304 0.914084
0.882527 0.91414
0.88275 0.91419
0.882973 0.914278
0.883196 0.914372
0.883419 0.914436
0.883642 0.914536
0.883865 0.914656
0.884088 0.914772
0.884311 0.914858
0.884534 0.914926
0.884757 0.915068
0.884979 0.915192
0.885202 0.915286
0.885425 0.91535
0.885648 0.915434
0.885871 0.91553
0.886094 0.915562
0.886317 0.91563
0.88654 0.915708
0.886763 0.915806
0.886986 0.915896
0.887209 0.915992
0.887432 0.916068
0.887654 0.916184
0.887877 0.916268
0.8881 0.916362
0.888323 0.916486
0.888546 0.916604
0.888769 0.916672
0.888992 0.916714
0.889215 0.916856
0.889438 0.917024
0.889661 0.917066
0.889884 0.917176
0.890107 0.917212
0.890329 0.917316
0.890552 0.917426
0.890775 0.917612
0.890998 0.91889
0.891221 0.919642
0.891444 0.92054
0.891667 0.921484
0.89189 0.922184
0.892113 0.92223
0.892336 0.9223
0.892559 0.922386
0.892782 0.922416
0.893004 0.92254
0.893227 0.922642
0.89345 0.922694
0.893673 0.922792
0.893896 0.92294
0.894119 0.92312
0.894342 0.923294
0.894565 0.923394
0.894788 0.923456
0.895011 0.923508
0.895234 0.92357
0.895457 0.923674
0.895679 0.923754
0.895902 0.923792
0.896125 0.923848
0.896348 0.923926
0.896571 0.924
0.896794 0.924072
0.897017 0.924194
0.89724 0.92432
0.897463 0.92438
0.897686 0.924462
0.897909 0.924536
0.898132 0.924598
0.898354 0.924704
0.898577 0.924756
0.8988 0.924852
0.899023 0.92501
0.899246 0.925156
0.899469 0.925224
0.899692 0.925288
0.899915 0.925424
0.900138 0.925534
0.900361 0.925602
0.900584 0.925648
0.900807 0.925754
0.901029 0.92582
0.901252 0.925958
0.901475 0.925982
0.901698 0.926072
0.901921 0.926148
0.902144 0.926222
0.902367 0.926336
0.90259 0.926428
0.902813 0.926494
0.903036 0.926566
0.903259 0.9266
0.903482 0.92671
0.903704 0.927552
0.903927 0.928732
0.90415 0.929744
0.904373 0.931058
0.904596 0.931512
0.904819 0.931656
0.905042 0.931724
0.905265 0.93178
0.905488 0.931902
0.905711 0.932018
0.905934 0.932072
0.906157 0.932146
0.906379 0.932218
0.906602 0.932268
0.906825 0.932386
0.907048 0.932484
0.907271 0.93256
0.907494 0.93268
0.907717 0.932764
0.90794 0.932828
0.908163 0.93285
0.908386 0.932912
0.908609 0.932988
0.908832 0.933114
0.909054 0.933232
0.909277 0.933274
0.9095 0.933476
0.909723 0.93357
0.909946 0.933666
0.910169 0.933782
0.910392 0.93389
0.910615 0.934004
0.910838 0.934152
0.911061 0.934204
0.911284 0.934268
0.911507 0.934328
0.911729 0.934384
0.911952 0.934428
0.912175 0.93451
0.912398 0.934596
0.912621 0.934654
0.912844 0.934812
0.913067 0.934862
0.91329 0.93496
0.913513 0.93503
0.913736 0.935096
0.913959 0.935138
0.914182 0.935196
0.914404 0.93526
0.914627 0.935376
0.91485 0.935494
0.915073 0.935568
0.915296 0.935646
0.915519 0.935698
0.915742 0.935778
0.915965 0.935894
0.916188 0.935992
0.916411 0.936328
0.916634 0.937446
0.916857 0.938608
0.917079 0.939558
0.917302 0.940604
0.917525 0.94072
0.917748 0.94083
0.917971 0.940906
0.918194 0.940994
0.918417 0.941086
0.91864 0.941132
0.918863 0.941156
0.919086 0.94121
0.919309 0.941286
0.919532 0.941368
0.919754 0.941422
0.919977 0.941474
0.9202 0.941532
0.920423 0.941624
0.920646 0.941678
0.920869 0.941728
0.921092 0.941872
0.921315 0.941934
0.921538 0.942026
0.921761 0.942054
0.921984 0.942198
0.922207 0.942322
0.922429 0.94244
0.922652 0.942466
0.922875 0.942546
0.923098 0.942668
0.923321 0.942738
0.923544 0.942882
0.923767 0.94291
0.92399 0.942964
0.924213 0.943022
0.924436 0.943114
0.924659 0.943208
0.924882 0.943288
0.925104 0.94339
0.925327 0.943442
0.92555 0.943484
0.925773 0.943526
0.925996 0.943606
0.926219 0.943672
0.926442 0.943752
0.926665 0.943884
0.926888 0.944002
0.927111 0.94415
0.927334 0.94421
0.927557 0.944236
0.927779 0.94429
0.928002 0.944346
0.928225 0.944372
0.928448 0.94446
0.928671 0.944574
0.928894 0.944762
0.929117 0.944824
0.92934 0.94487
0.929563 0.9449
0.929786 0.944994
0.930009 0.945108
0.930232 0.94538
0.930454 0.946336
0.930677 0.947458
0.9309 0.948118
0.931123 0.948976
0.931346 0.949716
0.931569 0.94983
0.931792 0.949904
0.932015 0.950034
0.932238 0.950102
0.932461 0.950156
0.932684 0.95019
0.932907 0.950284
0.933129 0.95037
0.933352 0.950476
0.933575 0.950628
0.933798 0.95068
0.934021 0.950796
0.934244 0.950884
0.934467 0.950968
0.93469 0.95104
0.934913 0.951112
0.935136 0.951172
0.935359 0.951264
0.935582 0.951324
0.935804 0.951386
0.936027 0.95148
0.93625 0.951536
0.936473 0.951598
0.936696 0.951662
0.936919 0.951734
0.937142 0.951828
0.937365 0.951906
0.937588 0.951948
0.937811 0.95197
0.938034 0.952006
0.938257 0.952136
0.938479 0.95217
0.938702 0.95225
0.938925 0.952324
0.939148 0.952422
0.939371 0.952492
0.939594 0.952552
0.939817 0.952696
0.94004 0.952828
0.940263 0.952876
0.940486 0.95298
0.940709 0.953024
0.940932 0.953066
0.941154 0.953144
0.941377 0.953254
0.9416 0.953392
0.941823 0.953454
0.942046 0.953558
0.942269 0.95368
0.942492 0.953796
0.942715 0.953844
0.942938 0.953986
0.943161 0.95408
0.943384 0.954152
0.943607 0.95469
0.943829 0.95578
0.944052 0.956874
0.944275 0.957748
0.944498 0.958744
0.944721 0.958814
0.944944 0.958944
0.945167 0.95904
0.94539 0.959096
0.945613 0.959148
0.945836 0.959234
0.946059 0.959278
0.946282 0.959372
0.946504 0.959436
0.946727 0.959492
0.94695 0.95956
0.947173 0.959626
0.947396 0.95971
0.947619 0.959816
0.947842 0.95988
0.948065 0.95995
0.948288 0.960052
0.948511 0.960106
0.948734 0.960172
0.948957 0.960308
0.949179 0.96036
0.949402 0.96044
0.949625 0.960468
0.949848 0.960524
0.950071 0.96059
0.950294 0.960672
0.950517 0.960804
0.95074 0.960856
0.950963 0.960952
0.951186 0.960986
0.951409 0.96108
0.951632 0.961148
0.951854 0.961272
0.952077 0.961392
0.9523 0.961504
0.952523 0.961652
0.952746 0.96173
0.952969 0.961792
0.953192 0.961864
0.953415 0.96191
0.953638 0.961966
0.953861 0.962162
0.954084 0.962206
0.954307 0.962338
0.954529 0.962406
0.954752 0.962508
0.954975 0.962564
0.955198 0.962606
0.955421 0.962676
0.955644 0.962702
0.955867 0.962778
0.95609 0.962832
0.956313 0.962888
0.956536 0.962942
0.956759 0.963028
0.956982 0.963154
0.957204 0.963842
0.957427 0.964926
0.95765 0.965776
0.957873 0.967106
0.958096 0.967674
0.958319 0.967764
0.958542 0.967866
0.958765 0.967936
0.958988 0.968016
0.959211 0.968052
0.959434 0.968112
0.959657 0.968204
0.959879 0.968298
0.960102 0.968392
0.960325 0.968426
0.960548 0.968498
0.960771 0.9686
0.960994 0.968668
0.961217 0.968744
0.96144 0.968802
0.961663 0.968992
0.961886 0.96914
0.962109 0.969198
0.962332 0.969282
0.962554 0.96941
0.962777 0.969504
0.963 0.969602
0.963223 0.969646
0.963446 0.969744
0.963669 0.969854
0.963892 0.969918
0.964115 0.96996
0.964338 0.970046
0.964561 0.97016
0.964784 0.970296
0.965007 0.970372
0.965229 0.970432
0.965452 0.970472
0.965675 0.97064
0.965898 0.970702
0.966121 0.970836
0.966344 0.970916
0.966567 0.971054
0.96679 0.971114
0.967013 0.97128
0.967236 0.971364
0.967459 0.971498
0.967682 0.9716
0.967904 0.971678
0.968127 0.97177
0.96835 0.971824
0.968573 0.9719
0.968796 0.971996
0.969019 0.972816
0.969242 0.97386
0.969465 0.974802
0.969688 0.975886
0.969911 0.97645
0.970134 0.976592
0.970357 0.976666
0.970579 0.976742
0.970802 0.976824
0.971025 0.976894
0.971248 0.976944
0.971471 0.977032
0.971694 0.977064
0.971917 0.97712
0.97214 0.977158
0.972363 0.977264
0.972586 0.977338
0.972809 0.977406
0.973032 0.977466
0.973254 0.977514
0.973477 0.97759
0.9737 0.977624
0.973923 0.977722
0.974146 0.977788
0.974369 0.977876
0.974592 0.977952
0.974815 0.978056
0.975038 0.978154
0.975261 0.978256
0.975484 0.97833
0.975707 0.978424
0.975929 0.978536
0.976152 0.978606
0.976375 0.978738
0.976598 0.97883
0.976821 0.978932
0.977044 0.979068
0.977267 0.979174
0.97749 0.979302
0.977713 0.97936
0.977936 0.97942
0.978159 0.979532
0.978382 0.979618
0.978604 0.979704
0.978827 0.979828
0.97905 0.980018
0.979273 0.980092
0.979496 0.980184
0.979719 0.980268
0.979942 0.98036
0.980165 0.980464
0.980388 0.98064
0.980611 0.980746
0.980834 0.980944
0.981057 0.98232
0.981279 0.983576
0.981502 0.985124
0.981725 0.98531
0.981948 0.985386
0.982171 0.985442
0.982394 0.985498
0.982617 0.985594
0.98284 0.985682
0.983063 0.98579
0.983286 0.985942
0.983509 0.986004
0.983732 0.98608
0.983954 0.986146
0.984177 0.986212
0.9844 0.986324
0.984623 0.986382
0.984846 0.98642
0.985069 0.986468
0.985292 0.986554
0.985515 0.986644
0.985738 0.986748
0.985961 0.986862
0.986184 0.98694
0.986407 0.987022
0.986629 0.9871
0.986852 0.98719
0.987075 0.98731
0.987298 0.98745
0.987521 0.987574
0.987744 0.987658
0.987967 0.987774
0.98819 0.987876
0.988413 0.988124
0.988636 0.988196
0.988859 0.988344
0.989082 0.988434
0.989304 0.988666
0.989527 0.988738
0.98975 0.988874
0.989973 0.988966
0.990196 0.989138
0.990419 0.989318
0.990642 0.989572
0.990865 0.991116
0.991088 0.992266
0.991311 0.993434
0.991534 0.993918
0.991757 0.993968
0.991979 0.993996
0.992202 0.994026
0.992425 0.994084
0.992648 0.994128
0.992871 0.99415
0.993094 0.994218
0.993317 0.99426
0.99354 0.9943
0.993763 0.994358
0.993986 0.994492
0.994209 0.994516
0.994432 0.994596
0.994654 0.99473
0.994877 0.994886
0.9951 0.994918
0.995323 0.994968
0.995546 0.995184
0.995769 0.99529
0.995992 0.99541
0.996215 0.99561
0.996438 0.995736
0.996661 0.995992
0.996884 0.99614
0.997107 0.99626
0.997329 0.996452
0.997552 0.996572
0.997775 0.996734
0.997998 0.996832
0.998221 0.99712
0.998444 0.997308
0.998667 0.99761
0.99889 0.997828
0.999113 0.998346
0.999336 0.999898
0.999559 0.99999
0.999782 1
