0 4e-06
0.000203915 4e-06
0.00040783 4e-06
0.000611746 4e-06
0.000815661 4e-06
0.00101958 4e-06
0.00122349 4e-06
0.00142741 4e-06
0.00163132 4e-06
0.00183524 4e-06
0.00203915 4e-06
0.00224307 4e-06
0.00244698 4e-06
0.0026509 4e-06
0.00285481 4e-06
0.00305873 6e-06
0.00326264 6e-06
0.00346656 6e-06
0.00367047 6e-06
0.00387439 6e-06
0.0040783 6e-06
0.00428222 6e-06
0.00448613 6e-06
0.00469005 6e-06
0.00489396 6e-06
0.00509788 6e-06
0.00530179 6e-06
0.00550571 6e-06
0.00570962 6e-06
0.00591354 6e-06
0.00611746 6e-06
0.00632137 6e-06
0.00652529 6e-06
0.0067292 6e-06
0.00693312 6e-06
0.00713703 6e-06
0.00734095 6e-06
0.00754486 6e-06
0.00774878 6e-06
0.00795269 6e-06
0.00815661 6e-06
0.00836052 6e-06
0.00856444 6e-06
0.00876835 6e-06
0.00897227 6e-06
0.00917618 6e-06
0.0093801 6e-06
0.00958401 6e-06
0.00978793 6e-06
0.00999184 6e-06
0.0101958 6e-06
0.0103997 6e-06
0.0106036 6e-06
0.0108075 6e-06
0.0110114 6e-06
0.0112153 6e-06
0.0114192 6e-06
0.0116232 6e-06
0.0118271 6e-06
0.012031 6e-06
0.0122349 6e-06
0.0124388 6e-06
0.0126427 6e-06
0.0128467 6e-06
0.0130506 6e-06
0.0132545 6e-06
0.0134584 6e-06
0.0136623 6e-06
0.0138662 6e-06
0.0140701 6e-06
0.0142741 6e-06
0.014478 6e-06
0.0146819 6e-06
0.0148858 6e-06
0.0150897 6e-06
0.0152936 6e-06
0.0154976 6e-06
0.0157015 6e-06
0.0159054 6e-06
0.0161093 6e-06
0.0163132 6e-06
0.0165171 6e-06
0.016721 6e-06
0.016925 6e-06
0.0171289 6e-06
0.0173328 6e-06
0.0175367 6e-06
0.0177406 6e-06
0.0179445 6e-06
0.0181485 6e-06
0.0183524 6e-06
0.0185563 6e-06
0.0187602 6e-06
0.0189641 6e-06
0.019168 6e-06
0.0193719 6e-06
0.0195759 6e-06
0.0197798 6e-06
0.0199837 6e-06
0.0201876 6e-06
0.0203915 6e-06
0.0205954 6e-06
0.0207993 6e-06
0.0210033 8e-06
0.0212072 8e-06
0.0214111 8e-06
0.021615 8e-06
0.0218189 8e-06
0.0220228 8e-06
0.0222268 8e-06
0.0224307 8e-06
0.0226346 8e-06
0.0228385 8e-06
0.0230424 8e-06
0.0232463 8e-06
0.0234502 8e-06
0.0236542 8e-06
0.0238581 8e-06
0.024062 8e-06
0.0242659 8e-06
0.0244698 8e-06
0.0246737 8e-06
0.0248777 8e-06
0.0250816 8e-06
0.0252855 8e-06
0.0254894 8e-06
0.0256933 8e-06
0.0258972 8e-06
0.0261011 8e-06
0.0263051 8e-06
0.026509 8e-06
0.0267129 8e-06
0.0269168 8e-06
0.0271207 8e-06
0.0273246 8e-06
0.0275285 8e-06
0.0277325 8e-06
0.0279364 8e-06
0.0281403 8e-06
0.0283442 8e-06
0.0285481 8e-06
0.028752 8e-06
0.028956 8e-06
0.0291599 8e-06
0.0293638 8e-06
0.0295677 8e-06
0.0297716 8e-06
0.0299755 8e-06
0.0301794 8e-06
0.0303834 8e-06
0.0305873 8e-06
0.0307912 8e-06
0.0309951 8e-06
0.031199 8e-06
0.0314029 8e-06
0.0316069 8e-06
0.0318108 8e-06
0.0320147 8e-06
0.0322186 8e-06
0.0324225 8e-06
0.0326264 8e-06
0.0328303 8e-06
0.0330343 8e-06
0.0332382 8e-06
0.0334421 8e-06
0.033646 8e-06
0.0338499 8e-06
0.0340538 8e-06
0.0342577 8e-06
0.0344617 8e-06
0.0346656 8e-06
0.0348695 8e-06
0.0350734 8e-06
0.0352773 8e-06
0.0354812 8e-06
0.0356852 8e-06
0.0358891 8e-06
0.036093 8e-06
0.0362969 8e-06
0.0365008 8e-06
0.0367047 8e-06
0.0369086 8e-06
0.0371126 8e-06
0.0373165 8e-06
0.0375204 8e-06
0.0377243 8e-06
0.0379282 8e-06
0.0381321 8e-06
0.0383361 8e-06
0.03854 8e-06
0.0387439 8e-06
0.0389478 8e-06
0.0391517 8e-06
0.0393556 8e-06
0.0395595 8e-06
0.0397635 8e-06
0.0399674 8e-06
0.0401713 8e-06
0.0403752 8e-06
0.0405791 8e-06
0.040783 8e-06
0.0409869 8e-06
0.0411909 8e-06
0.0413948 8e-06
0.0415987 8e-06
0.0418026 8e-06
0.0420065 8e-06
0.0422104 8e-06
0.0424144 8e-06
0.0426183 8e-06
0.0428222 8e-06
0.0430261 8e-06
0.04323 8e-06
0.0434339 8e-06
0.0436378 8e-06
0.0438418 8e-06
0.0440457 8e-06
0.0442496 8e-06
0.0444535 8e-06
0.0446574 8e-06
0.0448613 8e-06
0.0450653 8e-06
0.0452692 8e-06
0.0454731 8e-06
0.045677 8e-06
0.0458809 8e-06
0.0460848 8e-06
0.0462887 8e-06
0.0464927 8e-06
0.0466966 8e-06
0.0469005 8e-06
0.0471044 8e-06
0.0473083 8e-06
0.0475122 8e-06
0.0477162 8e-06
0.0479201 8e-06
0.048124 8e-06
0.0483279 8e-06
0.0485318 8e-06
0.0487357 8e-06
0.0489396 8e-06
0.0491436 8e-06
0.0493475 8e-06
0.0495514 8e-06
0.0497553 8e-06
0.0499592 8e-06
0.0501631 8e-06
0.050367 8e-06
0.050571 8e-06
0.0507749 8e-06
0.0509788 8e-06
0.0511827 8e-06
0.0513866 8e-06
0.0515905 8e-06
0.0517945 8e-06
0.0519984 8e-06
0.0522023 8e-06
0.0524062 8e-06
0.0526101 8e-06
0.052814 8e-06
0.0530179 8e-06
0.0532219 8e-06
0.0534258 8e-06
0.0536297 8e-06
0.0538336 8e-06
0.0540375 8e-06
0.0542414 8e-06
0.0544454 8e-06
0.0546493 8e-06
0.0548532 8e-06
0.0550571 8e-06
0.055261 8e-06
0.0554649 8e-06
0.0556688 8e-06
0.0558728 8e-06
0.0560767 8e-06
0.0562806 8e-06
0.0564845 8e-06
0.0566884 8e-06
0.0568923 8e-06
0.0570962 8e-06
0.0573002 8e-06
0.0575041 8e-06
0.057708 8e-06
0.0579119 1e-05
0.0581158 1e-05
0.0583197 1e-05
0.0585237 1e-05
0.0587276 1e-05
0.0589315 1e-05
0.0591354 1e-05
0.0593393 1e-05
0.0595432 1e-05
0.0597471 1e-05
0.0599511 1e-05
0.060155 1e-05
0.0603589 1e-05
0.0605628 1e-05
0.0607667 1e-05
0.0609706 1e-05
0.0611746 1e-05
0.0613785 1e-05
0.0615824 1e-05
0.0617863 1e-05
0.0619902 1e-05
0.0621941 1e-05
0.062398 1e-05
0.062602 1e-05
0.0628059 1e-05
0.0630098 1e-05
0.0632137 1e-05
0.0634176 1e-05
0.0636215 1e-05
0.0638254 1e-05
0.0640294 1e-05
0.0642333 1e-05
0.0644372 1e-05
0.0646411 1e-05
0.064845 1e-05
0.0650489 1e-05
0.0652529 1e-05
0.0654568 1e-05
0.0656607 1e-05
0.0658646 1e-05
0.0660685 1e-05
0.0662724 1e-05
0.0664763 1e-05
0.0666803 1e-05
0.0668842 1e-05
0.0670881 1e-05
0.067292 1e-05
0.0674959 1e-05
0.0676998 1e-05
0.0679038 1e-05
0.0681077 1e-05
0.0683116 1e-05
0.0685155 1e-05
0.0687194 1e-05
0.0689233 1e-05
0.0691272 1e-05
0.0693312 1e-05
0.0695351 1e-05
0.069739 1e-05
0.0699429 1e-05
0.0701468 1e-05
0.0703507 1e-05
0.0705546 1e-05
0.0707586 1e-05
0.0709625 1e-05
0.0711664 1e-05
0.0713703 1e-05
0.0715742 1e-05
0.0717781 1e-05
0.0719821 1e-05
0.072186 1e-05
0.0723899 1e-05
0.0725938 1e-05
0.0727977 1e-05
0.0730016 1e-05
0.0732055 1e-05
0.0734095 1e-05
0.0736134 1e-05
0.0738173 1e-05
0.0740212 1e-05
0.0742251 1e-05
0.074429 1e-05
0.074633 1e-05
0.0748369 1e-05
0.0750408 1e-05
0.0752447 1e-05
0.0754486 1e-05
0.0756525 1e-05
0.0758564 1e-05
0.0760604 1e-05
0.0762643 1e-05
0.0764682 1e-05
0.0766721 1e-05
0.076876 1e-05
0.0770799 1e-05
0.0772838 1e-05
0.0774878 1e-05
0.0776917 1e-05
0.0778956 1e-05
0.0780995 1e-05
0.0783034 1e-05
0.0785073 1e-05
0.0787113 1e-05
0.0789152 1e-05
0.0791191 1e-05
0.079323 1e-05
0.0795269 1e-05
0.0797308 1e-05
0.0799347 1e-05
0.0801387 1e-05
0.0803426 1e-05
0.0805465 1e-05
0.0807504 1e-05
0.0809543 1e-05
0.0811582 1e-05
0.0813622 1e-05
0.0815661 1e-05
0.08177 1e-05
0.0819739 1.2e-05
0.0821778 1.2e-05
0.0823817 1.2e-05
0.0825856 1.2e-05
0.0827896 1.2e-05
0.0829935 1.2e-05
0.0831974 1.2e-05
0.0834013 1.2e-05
0.0836052 1.2e-05
0.0838091 1.2e-05
0.0840131 1.2e-05
0.084217 1.2e-05
0.0844209 1.2e-05
0.0846248 1.2e-05
0.0848287 1.2e-05
0.0850326 1.2e-05
0.0852365 1.2e-05
0.0854405 1.2e-05
0.0856444 1.2e-05
0.0858483 1.2e-05
0.0860522 1.2e-05
0.0862561 1.2e-05
0.08646 1.2e-05
0.0866639 1.2e-05
0.0868679 1.2e-05
0.0870718 1.2e-05
0.0872757 1.2e-05
0.0874796 1.2e-05
0.0876835 1.2e-05
0.0878874 1.2e-05
0.0880914 1.2e-05
0.0882953 1.2e-05
0.0884992 1.2e-05
0.0887031 1.2e-05
0.088907 1.2e-05
0.0891109 1.2e-05
0.0893148 1.2e-05
0.0895188 1.2e-05
0.0897227 1.2e-05
0.0899266 1.2e-05
0.0901305 1.2e-05
0.0903344 1.2e-05
0.0905383 1.2e-05
0.0907423 1.2e-05
0.0909462 1.2e-05
0.0911501 1.2e-05
0.091354 1.2e-05
0.0915579 1.2e-05
0.0917618 1.2e-05
0.0919657 1.2e-05
0.0921697 1.2e-05
0.0923736 1.2e-05
0.0925775 1.2e-05
0.0927814 1.2e-05
0.0929853 1.2e-05
0.0931892 1.2e-05
0.0933931 1.2e-05
0.0935971 1.2e-05
0.093801 1.2e-05
0.0940049 1.2e-05
0.0942088 1.2e-05
0.0944127 1.2e-05
0.0946166 1.2e-05
0.0948206 1.2e-05
0.0950245 1.2e-05
0.0952284 1.2e-05
0.0954323 1.2e-05
0.0956362 1.2e-05
0.0958401 1.2e-05
0.096044 1.2e-05
0.096248 1.2e-05
0.0964519 1.2e-05
0.0966558 1.2e-05
0.0968597 1.2e-05
0.0970636 1.2e-05
0.0972675 1.2e-05
0.0974715 1.2e-05
0.0976754 1.2e-05
0.0978793 1.2e-05
0.0980832 1.2e-05
0.0982871 1.2e-05
0.098491 1.2e-05
0.0986949 1.2e-05
0.0988989 1.2e-05
0.0991028 1.2e-05
0.0993067 1.2e-05
0.0995106 1.2e-05
0.0997145 1.2e-05
0.0999184 1.2e-05
0.100122 1.2e-05
0.100326 1.4e-05
0.10053 1.4e-05
0.100734 1.4e-05
0.100938 1.4e-05
0.101142 1.4e-05
0.101346 1.4e-05
0.10155 1.4e-05
0.101754 1.4e-05
0.101958 1.4e-05
0.102162 1.4e-05
0.102365 1.4e-05
0.102569 1.4e-05
0.102773 1.4e-05
0.102977 1.4e-05
0.103181 1.4e-05
0.103385 1.4e-05
0.103589 1.4e-05
0.103793 1.4e-05
0.103997 1.4e-05
0.104201 1.4e-05
0.104405 1.4e-05
0.104608 1.4e-05
0.104812 1.4e-05
0.105016 1.4e-05
0.10522 1.4e-05
0.105424 1.6e-05
0.105628 1.6e-05
0.105832 1.6e-05
0.106036 1.6e-05
0.10624 1.6e-05
0.106444 1.6e-05
0.106648 1.6e-05
0.106852 1.6e-05
0.107055 1.6e-05
0.107259 1.6e-05
0.107463 1.6e-05
0.107667 1.6e-05
0.107871 1.6e-05
0.108075 1.6e-05
0.108279 1.6e-05
0.108483 1.6e-05
0.108687 1.6e-05
0.108891 1.6e-05
0.109095 1.6e-05
0.109299 1.6e-05
0.109502 1.6e-05
0.109706 1.6e-05
0.10991 1.6e-05
0.110114 1.6e-05
0.110318 1.6e-05
0.110522 1.6e-05
0.110726 1.6e-05
0.11093 1.6e-05
0.111134 1.6e-05
0.111338 1.6e-05
0.111542 1.6e-05
0.111746 1.6e-05
0.111949 1.6e-05
0.112153 1.6e-05
0.112357 1.6e-05
0.112561 1.6e-05
0.112765 1.6e-05
0.112969 1.6e-05
0.113173 1.6e-05
0.113377 1.6e-05
0.113581 1.6e-05
0.113785 1.6e-05
0.113989 1.6e-05
0.114192 1.6e-05
0.114396 1.6e-05
0.1146 1.6e-05
0.114804 1.6e-05
0.115008 1.6e-05
0.115212 1.6e-05
0.115416 1.6e-05
0.11562 1.6e-05
0.115824 1.6e-05
0.116028 1.6e-05
0.116232 1.6e-05
0.116436 1.6e-05
0.116639 1.6e-05
0.116843 1.6e-05
0.117047 1.6e-05
0.117251 1.6e-05
0.117455 1.6e-05
0.117659 1.6e-05
0.117863 1.6e-05
0.118067 1.6e-05
0.118271 1.6e-05
0.118475 1.6e-05
0.118679 1.6e-05
0.118883 1.6e-05
0.119086 1.6e-05
0.11929 1.6e-05
0.119494 1.6e-05
0.119698 1.6e-05
0.119902 1.6e-05
0.120106 1.6e-05
0.12031 1.6e-05
0.120514 1.6e-05
0.120718 1.6e-05
0.120922 1.6e-05
0.121126 1.6e-05
0.12133 1.6e-05
0.121533 1.6e-05
0.121737 1.6e-05
0.121941 1.6e-05
0.122145 1.6e-05
0.122349 1.6e-05
0.122553 1.6e-05
0.122757 1.6e-05
0.122961 1.6e-05
0.123165 1.6e-05
0.123369 1.6e-05
0.123573 1.6e-05
0.123777 1.6e-05
0.12398 1.6e-05
0.124184 1.6e-05
0.124388 1.6e-05
0.124592 1.6e-05
0.124796 1.6e-05
0.125 1.6e-05
0.125204 1.6e-05
0.125408 1.6e-05
0.125612 1.6e-05
0.125816 1.6e-05
0.12602 1.6e-05
0.126223 1.6e-05
0.126427 1.6e-05
0.126631 1.6e-05
0.126835 1.6e-05
0.127039 1.6e-05
0.127243 1.6e-05
0.127447 1.6e-05
0.127651 1.6e-05
0.127855 1.6e-05
0.128059 1.6e-05
0.128263 1.6e-05
0.128467 1.6e-05
0.12867 1.6e-05
0.128874 1.6e-05
0.129078 1.6e-05
0.129282 1.6e-05
0.129486 1.6e-05
0.12969 1.6e-05
0.129894 1.6e-05
0.130098 1.6e-05
0.130302 1.6e-05
0.130506 1.6e-05
0.13071 1.6e-05
0.130914 1.6e-05
0.131117 1.6e-05
0.131321 1.6e-05
0.131525 1.6e-05
0.131729 1.6e-05
0.131933 1.6e-05
0.132137 1.6e-05
0.132341 1.6e-05
0.132545 1.6e-05
0.132749 1.6e-05
0.132953 1.6e-05
0.133157 1.6e-05
0.133361 1.6e-05
0.133564 1.6e-05
0.133768 1.6e-05
0.133972 1.6e-05
0.134176 1.6e-05
0.13438 1.6e-05
0.134584 1.6e-05
0.134788 1.6e-05
0.134992 1.6e-05
0.135196 1.6e-05
0.1354 1.6e-05
0.135604 1.6e-05
0.135808 1.6e-05
0.136011 1.6e-05
0.136215 1.6e-05
0.136419 1.6e-05
0.136623 1.6e-05
0.136827 1.6e-05
0.137031 1.6e-05
0.137235 1.6e-05
0.137439 1.6e-05
0.137643 1.6e-05
0.137847 1.6e-05
0.138051 1.6e-05
0.138254 1.6e-05
0.138458 1.6e-05
0.138662 1.6e-05
0.138866 1.6e-05
0.13907 1.6e-05
0.139274 1.6e-05
0.139478 1.6e-05
0.139682 1.6e-05
0.139886 1.6e-05
0.14009 1.6e-05
0.140294 1.6e-05
0.140498 1.6e-05
0.140701 1.6e-05
0.140905 1.6e-05
0.141109 1.6e-05
0.141313 1.6e-05
0.141517 1.6e-05
0.141721 1.6e-05
0.141925 1.6e-05
0.142129 1.6e-05
0.142333 1.6e-05
0.142537 1.6e-05
0.142741 1.6e-05
0.142945 1.6e-05
0.143148 1.6e-05
0.143352 1.6e-05
0.143556 1.6e-05
0.14376 1.6e-05
0.143964 1.6e-05
0.144168 1.6e-05
0.144372 1.6e-05
0.144576 1.6e-05
0.14478 1.6e-05
0.144984 1.6e-05
0.145188 1.6e-05
0.145392 1.6e-05
0.145595 1.6e-05
0.145799 1.6e-05
0.146003 1.6e-05
0.146207 1.6e-05
0.146411 1.6e-05
0.146615 1.6e-05
0.146819 1.6e-05
0.147023 1.6e-05
0.147227 1.6e-05
0.147431 1.6e-05
0.147635 1.6e-05
0.147838 1.6e-05
0.148042 1.6e-05
0.148246 1.6e-05
0.14845 1.6e-05
0.148654 1.6e-05
0.148858 1.6e-05
0.149062 1.6e-05
0.149266 1.6e-05
0.14947 1.6e-05
0.149674 1.6e-05
0.149878 1.6e-05
0.150082 1.6e-05
0.150285 1.6e-05
0.150489 1.6e-05
0.150693 1.6e-05
0.150897 1.6e-05
0.151101 1.6e-05
0.151305 1.6e-05
0.151509 1.6e-05
0.151713 1.6e-05
0.151917 1.6e-05
0.152121 1.6e-05
0.152325 1.6e-05
0.152529 1.6e-05
0.152732 1.6e-05
0.152936 1.6e-05
0.15314 1.6e-05
0.153344 1.6e-05
0.153548 1.6e-05
0.153752 1.6e-05
0.153956 1.6e-05
0.15416 1.6e-05
0.154364 1.6e-05
0.154568 1.6e-05
0.154772 1.6e-05
0.154976 1.6e-05
0.155179 1.6e-05
0.155383 1.6e-05
0.155587 1.6e-05
0.155791 1.6e-05
0.155995 1.6e-05
0.156199 1.6e-05
0.156403 1.6e-05
0.156607 1.6e-05
0.156811 1.6e-05
0.157015 1.6e-05
0.157219 1.6e-05
0.157423 1.6e-05
0.157626 1.6e-05
0.15783 1.6e-05
0.158034 1.6e-05
0.158238 1.6e-05
0.158442 1.6e-05
0.158646 1.6e-05
0.15885 1.6e-05
0.159054 1.6e-05
0.159258 1.6e-05
0.159462 1.6e-05
0.159666 1.6e-05
0.159869 1.6e-05
0.160073 1.6e-05
0.160277 1.6e-05
0.160481 1.6e-05
0.160685 1.6e-05
0.160889 1.6e-05
0.161093 1.6e-05
0.161297 1.6e-05
0.161501 1.6e-05
0.161705 1.6e-05
0.161909 1.8e-05
0.162113 1.8e-05
0.162316 1.8e-05
0.16252 1.8e-05
0.162724 1.8e-05
0.162928 1.8e-05
0.163132 1.8e-05
0.163336 1.8e-05
0.16354 1.8e-05
0.163744 1.8e-05
0.163948 1.8e-05
0.164152 1.8e-05
0.164356 1.8e-05
0.16456 1.8e-05
0.164763 1.8e-05
0.164967 1.8e-05
0.165171 1.8e-05
0.165375 1.8e-05
0.165579 1.8e-05
0.165783 1.8e-05
0.165987 1.8e-05
0.166191 1.8e-05
0.166395 1.8e-05
0.166599 1.8e-05
0.166803 1.8e-05
0.167007 1.8e-05
0.16721 1.8e-05
0.167414 1.8e-05
0.167618 1.8e-05
0.167822 1.8e-05
0.168026 1.8e-05
0.16823 1.8e-05
0.168434 1.8e-05
0.168638 1.8e-05
0.168842 1.8e-05
0.169046 1.8e-05
0.16925 1.8e-05
0.169454 1.8e-05
0.169657 1.8e-05
0.169861 1.8e-05
0.170065 1.8e-05
0.170269 1.8e-05
0.170473 1.8e-05
0.170677 1.8e-05
0.170881 1.8e-05
0.171085 1.8e-05
0.171289 1.8e-05
0.171493 1.8e-05
0.171697 1.8e-05
0.1719 1.8e-05
0.172104 1.8e-05
0.172308 1.8e-05
0.172512 1.8e-05
0.172716 1.8e-05
0.17292 1.8e-05
0.173124 1.8e-05
0.173328 1.8e-05
0.173532 1.8e-05
0.173736 1.8e-05
0.17394 1.8e-05
0.174144 1.8e-05
0.174347 1.8e-05
0.174551 1.8e-05
0.174755 1.8e-05
0.174959 1.8e-05
0.175163 1.8e-05
0.175367 1.8e-05
0.175571 1.8e-05
0.175775 1.8e-05
0.175979 1.8e-05
0.176183 1.8e-05
0.176387 1.8e-05
0.176591 1.8e-05
0.176794 1.8e-05
0.176998 1.8e-05
0.177202 1.8e-05
0.177406 1.8e-05
0.17761 1.8e-05
0.177814 1.8e-05
0.178018 1.8e-05
0.178222 1.8e-05
0.178426 1.8e-05
0.17863 1.8e-05
0.178834 1.8e-05
0.179038 1.8e-05
0.179241 1.8e-05
0.179445 1.8e-05
0.179649 1.8e-05
0.179853 1.8e-05
0.180057 1.8e-05
0.180261 1.8e-05
0.180465 1.8e-05
0.180669 1.8e-05
0.180873 1.8e-05
0.181077 1.8e-05
0.181281 1.8e-05
0.181485 1.8e-05
0.181688 1.8e-05
0.181892 1.8e-05
0.182096 1.8e-05
0.1823 1.8e-05
0.182504 1.8e-05
0.182708 1.8e-05
0.182912 1.8e-05
0.183116 2e-05
0.18332 2e-05
0.183524 2e-05
0.183728 2e-05
0.183931 2e-05
0.184135 2e-05
0.184339 2e-05
0.184543 2e-05
0.184747 2e-05
0.184951 2e-05
0.185155 2e-05
0.185359 2e-05
0.185563 2e-05
0.185767 2e-05
0.185971 2e-05
0.186175 2e-05
0.186378 2e-05
0.186582 2e-05
0.186786 2e-05
0.18699 2e-05
0.187194 2e-05
0.187398 2e-05
0.187602 2e-05
0.187806 2e-05
0.18801 2e-05
0.188214 2e-05
0.188418 2e-05
0.188622 2e-05
0.188825 2e-05
0.189029 2e-05
0.189233 2e-05
0.189437 2e-05
0.189641 2e-05
0.189845 2e-05
0.190049 2e-05
0.190253 2e-05
0.190457 2e-05
0.190661 2e-05
0.190865 2e-05
0.191069 2e-05
0.191272 2e-05
0.191476 2e-05
0.19168 2e-05
0.191884 2e-05
0.192088 2e-05
0.192292 2e-05
0.192496 2e-05
0.1927 2e-05
0.192904 2e-05
0.193108 2e-05
0.193312 2e-05
0.193515 2e-05
0.193719 2e-05
0.193923 2e-05
0.194127 2e-05
0.194331 2e-05
0.194535 2e-05
0.194739 2e-05
0.194943 2e-05
0.195147 2e-05
0.195351 2e-05
0.195555 2e-05
0.195759 2e-05
0.195962 2e-05
0.196166 2e-05
0.19637 2e-05
0.196574 2e-05
0.196778 2e-05
0.196982 2e-05
0.197186 2e-05
0.19739 2e-05
0.197594 2e-05
0.197798 2e-05
0.198002 2e-05
0.198206 2e-05
0.198409 2e-05
0.198613 2e-05
0.198817 2e-05
0.199021 2e-05
0.199225 2e-05
0.199429 2e-05
0.199633 2e-05
0.199837 2e-05
0.200041 2e-05
0.200245 2e-05
0.200449 2e-05
0.200653 2e-05
0.200856 2e-05
0.20106 2e-05
0.201264 2e-05
0.201468 2e-05
0.201672 2e-05
0.201876 2e-05
0.20208 2.2e-05
0.202284 2.2e-05
0.202488 2.2e-05
0.202692 2.2e-05
0.202896 2.2e-05
0.2031 2.2e-05
0.203303 2.2e-05
0.203507 2.2e-05
0.203711 2.2e-05
0.203915 2.2e-05
0.204119 2.2e-05
0.204323 2.2e-05
0.204527 2.2e-05
0.204731 2.2e-05
0.204935 2.2e-05
0.205139 2.2e-05
0.205343 2.2e-05
0.205546 2.2e-05
0.20575 2.2e-05
0.205954 2.2e-05
0.206158 2.2e-05
0.206362 2.2e-05
0.206566 2.2e-05
0.20677 2.2e-05
0.206974 2.2e-05
0.207178 2.2e-05
0.207382 2.2e-05
0.207586 2.2e-05
0.20779 2.2e-05
0.207993 2.2e-05
0.208197 2.2e-05
0.208401 2.2e-05
0.208605 2.2e-05
0.208809 2.2e-05
0.209013 2.2e-05
0.209217 2.2e-05
0.209421 2.2e-05
0.209625 2.2e-05
0.209829 2.2e-05
0.210033 2.2e-05
0.210237 2.2e-05
0.21044 2.2e-05
0.210644 2.2e-05
0.210848 2.2e-05
0.211052 2.2e-05
0.211256 2.2e-05
0.21146 2.2e-05
0.211664 2.2e-05
0.211868 2.2e-05
0.212072 2.2e-05
0.212276 2.2e-05
0.21248 2.2e-05
0.212684 2.2e-05
0.212887 2.2e-05
0.213091 2.2e-05
0.213295 2.2e-05
0.213499 2.2e-05
0.213703 2.2e-05
0.213907 2.2e-05
0.214111 2.2e-05
0.214315 2.2e-05
0.214519 2.2e-05
0.214723 2.2e-05
0.214927 2.2e-05
0.215131 2.2e-05
0.215334 2.2e-05
0.215538 2.2e-05
0.215742 2.2e-05
0.215946 2.2e-05
0.21615 2.2e-05
0.216354 2.2e-05
0.216558 2.2e-05
0.216762 2.2e-05
0.216966 2.2e-05
0.21717 2.2e-05
0.217374 2.2e-05
0.217577 2.2e-05
0.217781 2.2e-05
0.217985 2.2e-05
0.218189 2.4e-05
0.218393 2.4e-05
0.218597 2.4e-05
0.218801 2.4e-05
0.219005 2.4e-05
0.219209 2.4e-05
0.219413 2.4e-05
0.219617 2.4e-05
0.219821 2.4e-05
0.220024 2.4e-05
0.220228 2.4e-05
0.220432 2.4e-05
0.220636 2.4e-05
0.22084 2.4e-05
0.221044 2.4e-05
0.221248 2.4e-05
0.221452 2.4e-05
0.221656 2.4e-05
0.22186 2.4e-05
0.222064 2.4e-05
0.222268 2.4e-05
0.222471 2.4e-05
0.222675 2.4e-05
0.222879 2.4e-05
0.223083 2.4e-05
0.223287 2.4e-05
0.223491 2.4e-05
0.223695 2.4e-05
0.223899 2.4e-05
0.224103 2.4e-05
0.224307 2.4e-05
0.224511 2.4e-05
0.224715 2.4e-05
0.224918 2.4e-05
0.225122 2.4e-05
0.225326 2.4e-05
0.22553 2.4e-05
0.225734 2.4e-05
0.225938 2.4e-05
0.226142 2.4e-05
0.226346 2.4e-05
0.22655 2.4e-05
0.226754 2.4e-05
0.226958 2.4e-05
0.227162 2.4e-05
0.227365 2.4e-05
0.227569 2.4e-05
0.227773 2.4e-05
0.227977 2.4e-05
0.228181 2.4e-05
0.228385 2.4e-05
0.228589 2.4e-05
0.228793 2.4e-05
0.228997 2.4e-05
0.229201 2.4e-05
0.229405 2.4e-05
0.229608 2.4e-05
0.229812 2.4e-05
0.230016 2.4e-05
0.23022 2.4e-05
0.230424 2.4e-05
0.230628 2.4e-05
0.230832 2.4e-05
0.231036 2.4e-05
0.23124 2.4e-05
0.231444 2.4e-05
0.231648 2.4e-05
0.231852 2.4e-05
0.232055 2.4e-05
0.232259 2.4e-05
0.232463 2.4e-05
0.232667 2.4e-05
0.232871 2.4e-05
0.233075 2.4e-05
0.233279 2.4e-05
0.233483 2.4e-05
0.233687 2.4e-05
0.233891 2.4e-05
0.234095 2.4e-05
0.234299 2.4e-05
0.234502 2.4e-05
0.234706 2.4e-05
0.23491 2.4e-05
0.235114 2.6e-05
0.235318 2.6e-05
0.235522 2.6e-05
0.235726 2.6e-05
0.23593 2.6e-05
0.236134 2.6e-05
0.236338 2.6e-05
0.236542 2.6e-05
0.236746 2.6e-05
0.236949 2.6e-05
0.237153 2.6e-05
0.237357 2.6e-05
0.237561 2.6e-05
0.237765 2.6e-05
0.237969 2.6e-05
0.238173 2.6e-05
0.238377 2.6e-05
0.238581 2.6e-05
0.238785 2.6e-05
0.238989 2.6e-05
0.239192 2.6e-05
0.239396 2.6e-05
0.2396 2.6e-05
0.239804 2.6e-05
0.240008 2.6e-05
0.240212 2.6e-05
0.240416 2.6e-05
0.24062 2.6e-05
0.240824 2.6e-05
0.241028 2.6e-05
0.241232 2.6e-05
0.241436 2.6e-05
0.241639 2.6e-05
0.241843 2.6e-05
0.242047 2.6e-05
0.242251 2.6e-05
0.242455 2.6e-05
0.242659 2.6e-05
0.242863 2.6e-05
0.243067 2.6e-05
0.243271 2.6e-05
0.243475 2.6e-05
0.243679 2.6e-05
0.243883 2.6e-05
0.244086 2.6e-05
0.24429 2.6e-05
0.244494 2.6e-05
0.244698 2.6e-05
0.244902 2.6e-05
0.245106 2.6e-05
0.24531 2.6e-05
0.245514 2.6e-05
0.245718 2.6e-05
0.245922 2.6e-05
0.246126 2.6e-05
0.24633 2.6e-05
0.246533 2.6e-05
0.246737 2.6e-05
0.246941 2.6e-05
0.247145 2.6e-05
0.247349 2.6e-05
0.247553 2.6e-05
0.247757 2.6e-05
0.247961 2.6e-05
0.248165 2.6e-05
0.248369 2.6e-05
0.248573 2.6e-05
0.248777 2.6e-05
0.24898 2.6e-05
0.249184 2.6e-05
0.249388 2.6e-05
0.249592 2.6e-05
0.249796 2.8e-05
0.25 2.8e-05
0.250204 2.8e-05
0.250408 2.8e-05
0.250612 2.8e-05
0.250816 2.8e-05
0.25102 2.8e-05
0.251223 2.8e-05
0.251427 2.8e-05
0.251631 2.8e-05
0.251835 2.8e-05
0.252039 2.8e-05
0.252243 2.8e-05
0.252447 2.8e-05
0.252651 2.8e-05
0.252855 2.8e-05
0.253059 2.8e-05
0.253263 2.8e-05
0.253467 2.8e-05
0.25367 2.8e-05
0.253874 2.8e-05
0.254078 2.8e-05
0.254282 2.8e-05
0.254486 2.8e-05
0.25469 2.8e-05
0.254894 2.8e-05
0.255098 2.8e-05
0.255302 2.8e-05
0.255506 2.8e-05
0.25571 2.8e-05
0.255914 2.8e-05
0.256117 2.8e-05
0.256321 2.8e-05
0.256525 2.8e-05
0.256729 2.8e-05
0.256933 2.8e-05
0.257137 2.8e-05
0.257341 2.8e-05
0.257545 2.8e-05
0.257749 2.8e-05
0.257953 2.8e-05
0.258157 2.8e-05
0.258361 2.8e-05
0.258564 2.8e-05
0.258768 2.8e-05
0.258972 2.8e-05
0.259176 2.8e-05
0.25938 2.8e-05
0.259584 2.8e-05
0.259788 2.8e-05
0.259992 2.8e-05
0.260196 2.8e-05
0.2604 2.8e-05
0.260604 2.8e-05
0.260808 2.8e-05
0.261011 2.8e-05
0.261215 2.8e-05
0.261419 2.8e-05
0.261623 2.8e-05
0.261827 2.8e-05
0.262031 2.8e-05
0.262235 2.8e-05
0.262439 2.8e-05
0.262643 2.8e-05
0.262847 2.8e-05
0.263051 2.8e-05
0.263254 2.8e-05
0.263458 3e-05
0.263662 3e-05
0.263866 3e-05
0.26407 3e-05
0.264274 3e-05
0.264478 3e-05
0.264682 3e-05
0.264886 3e-05
0.26509 3e-05
0.265294 3e-05
0.265498 3e-05
0.265701 3e-05
0.265905 3e-05
0.266109 3e-05
0.266313 3.2e-05
0.266517 3.2e-05
0.266721 3.2e-05
0.266925 3.2e-05
0.267129 3.2e-05
0.267333 3.2e-05
0.267537 3.2e-05
0.267741 3.2e-05
0.267945 3.2e-05
0.268148 3.2e-05
0.268352 3.2e-05
0.268556 3.2e-05
0.26876 3.2e-05
0.268964 3.2e-05
0.269168 3.2e-05
0.269372 3.2e-05
0.269576 3.2e-05
0.26978 3.2e-05
0.269984 3.2e-05
0.270188 3.2e-05
0.270392 3.2e-05
0.270595 3.2e-05
0.270799 3.2e-05
0.271003 3.2e-05
0.271207 3.2e-05
0.271411 3.2e-05
0.271615 3.2e-05
0.271819 3.2e-05
0.272023 3.2e-05
0.272227 3.2e-05
0.272431 3.2e-05
0.272635 3.2e-05
0.272838 3.2e-05
0.273042 3.2e-05
0.273246 3.2e-05
0.27345 3.2e-05
0.273654 3.2e-05
0.273858 3.2e-05
0.274062 3.2e-05
0.274266 3.2e-05
0.27447 3.2e-05
0.274674 3.2e-05
0.274878 3.2e-05
0.275082 3.2e-05
0.275285 3.2e-05
0.275489 3.2e-05
0.275693 3.2e-05
0.275897 3.2e-05
0.276101 3.2e-05
0.276305 3.2e-05
0.276509 3.2e-05
0.276713 3.2e-05
0.276917 3.2e-05
0.277121 3.2e-05
0.277325 3.2e-05
0.277529 3.2e-05
0.277732 3.2e-05
0.277936 3.2e-05
0.27814 3.2e-05
0.278344 3.2e-05
0.278548 3.2e-05
0.278752 3.2e-05
0.278956 3.2e-05
0.27916 3.2e-05
0.279364 3.2e-05
0.279568 3.2e-05
0.279772 3.2e-05
0.279976 3.2e-05
0.280179 3.2e-05
0.280383 3.2e-05
0.280587 3.2e-05
0.280791 3.2e-05
0.280995 3.2e-05
0.281199 3.2e-05
0.281403 3.2e-05
0.281607 3.2e-05
0.281811 3.2e-05
0.282015 3.2e-05
0.282219 3.2e-05
0.282423 3.2e-05
0.282626 3.2e-05
0.28283 3.4e-05
0.283034 3.4e-05
0.283238 3.4e-05
0.283442 3.4e-05
0.283646 3.6e-05
0.28385 3.6e-05
0.284054 3.6e-05
0.284258 3.6e-05
0.284462 3.6e-05
0.284666 3.6e-05
0.284869 3.6e-05
0.285073 3.6e-05
0.285277 3.6e-05
0.285481 3.6e-05
0.285685 3.6e-05
0.285889 3.6e-05
0.286093 3.6e-05
0.286297 3.6e-05
0.286501 3.6e-05
0.286705 3.6e-05
0.286909 3.6e-05
0.287113 3.6e-05
0.287316 3.6e-05
0.28752 3.6e-05
0.287724 3.6e-05
0.287928 3.6e-05
0.288132 3.6e-05
0.288336 3.6e-05
0.28854 3.6e-05
0.288744 3.6e-05
0.288948 3.6e-05
0.289152 3.6e-05
0.289356 3.6e-05
0.28956 3.6e-05
0.289763 3.6e-05
0.289967 3.6e-05
0.290171 3.6e-05
0.290375 3.6e-05
0.290579 3.6e-05
0.290783 3.6e-05
0.290987 3.6e-05
0.291191 3.6e-05
0.291395 3.6e-05
0.291599 3.6e-05
0.291803 3.6e-05
0.292007 3.6e-05
0.29221 3.6e-05
0.292414 3.6e-05
0.292618 3.6e-05
0.292822 3.6e-05
0.293026 3.6e-05
0.29323 3.6e-05
0.293434 3.6e-05
0.293638 3.6e-05
0.293842 3.6e-05
0.294046 3.6e-05
0.29425 3.6e-05
0.294454 3.6e-05
0.294657 3.6e-05
0.294861 3.6e-05
0.295065 3.6e-05
0.295269 3.6e-05
0.295473 3.6e-05
0.295677 3.6e-05
0.295881 3.6e-05
0.296085 3.6e-05
0.296289 3.6e-05
0.296493 3.6e-05
0.296697 3.6e-05
0.2969 3.6e-05
0.297104 3.6e-05
0.297308 3.6e-05
0.297512 3.6e-05
0.297716 3.6e-05
0.29792 3.6e-05
0.298124 3.6e-05
0.298328 4e-05
0.298532 4e-05
0.298736 4e-05
0.29894 4e-05
0.299144 4e-05
0.299347 4e-05
0.299551 4e-05
0.299755 4e-05
0.299959 4e-05
0.300163 4e-05
0.300367 4e-05
0.300571 4e-05
0.300775 4e-05
0.300979 4e-05
0.301183 4e-05
0.301387 4e-05
0.301591 4e-05
0.301794 4e-05
0.301998 4e-05
0.302202 4e-05
0.302406 4e-05
0.30261 4e-05
0.302814 4e-05
0.303018 4e-05
0.303222 4e-05
0.303426 4e-05
0.30363 4e-05
0.303834 4e-05
0.304038 4e-05
0.304241 4e-05
0.304445 4e-05
0.304649 4e-05
0.304853 4e-05
0.305057 4e-05
0.305261 4e-05
0.305465 4e-05
0.305669 4e-05
0.305873 4e-05
0.306077 4e-05
0.306281 4e-05
0.306485 4e-05
0.306688 4e-05
0.306892 4e-05
0.307096 4e-05
0.3073 4e-05
0.307504 4e-05
0.307708 4e-05
0.307912 4e-05
0.308116 4e-05
0.30832 4e-05
0.308524 4e-05
0.308728 4e-05
0.308931 4e-05
0.309135 4e-05
0.309339 4e-05
0.309543 4e-05
0.309747 4e-05
0.309951 4e-05
0.310155 4e-05
0.310359 4e-05
0.310563 4e-05
0.310767 4e-05
0.310971 4e-05
0.311175 4e-05
0.311378 4e-05
0.311582 4e-05
0.311786 4e-05
0.31199 4e-05
0.312194 4e-05
0.312398 4e-05
0.312602 4e-05
0.312806 4e-05
0.31301 4e-05
0.313214 4e-05
0.313418 4e-05
0.313622 4e-05
0.313825 4e-05
0.314029 4e-05
0.314233 4e-05
0.314437 4e-05
0.314641 4e-05
0.314845 4e-05
0.315049 4e-05
0.315253 4e-05
0.315457 4e-05
0.315661 4e-05
0.315865 4e-05
0.316069 4e-05
0.316272 4e-05
0.316476 4e-05
0.31668 4e-05
0.316884 4.4e-05
0.317088 4.4e-05
0.317292 4.4e-05
0.317496 4.4e-05
0.3177 4.4e-05
0.317904 4.4e-05
0.318108 4.4e-05
0.318312 4.4e-05
0.318515 4.4e-05
0.318719 4.4e-05
0.318923 4.4e-05
0.319127 4.4e-05
0.319331 4.4e-05
0.319535 4.4e-05
0.319739 4.4e-05
0.319943 4.6e-05
0.320147 4.6e-05
0.320351 4.6e-05
0.320555 4.6e-05
0.320759 4.6e-05
0.320962 4.6e-05
0.321166 4.6e-05
0.32137 4.6e-05
0.321574 4.6e-05
0.321778 4.6e-05
0.321982 4.6e-05
0.322186 4.6e-05
0.32239 4.6e-05
0.322594 4.6e-05
0.322798 4.6e-05
0.323002 4.6e-05
0.323206 4.6e-05
0.323409 4.6e-05
0.323613 4.6e-05
0.323817 4.6e-05
0.324021 4.6e-05
0.324225 4.6e-05
0.324429 4.6e-05
0.324633 4.6e-05
0.324837 4.6e-05
0.325041 4.6e-05
0.325245 4.6e-05
0.325449 4.6e-05
0.325653 4.6e-05
0.325856 4.6e-05
0.32606 4.6e-05
0.326264 4.6e-05
0.326468 4.6e-05
0.326672 4.6e-05
0.326876 4.6e-05
0.32708 4.6e-05
0.327284 4.6e-05
0.327488 4.6e-05
0.327692 4.6e-05
0.327896 4.6e-05
0.3281 4.6e-05
0.328303 4.6e-05
0.328507 4.6e-05
0.328711 4.6e-05
0.328915 4.6e-05
0.329119 4.6e-05
0.329323 4.6e-05
0.329527 4.6e-05
0.329731 4.6e-05
0.329935 4.6e-05
0.330139 4.6e-05
0.330343 4.6e-05
0.330546 4.6e-05
0.33075 4.6e-05
0.330954 5e-05
0.331158 5e-05
0.331362 5e-05
0.331566 5e-05
0.33177 5e-05
0.331974 5e-05
0.332178 5e-05
0.332382 5e-05
0.332586 5e-05
0.33279 5e-05
0.332993 5e-05
0.333197 5e-05
0.333401 5e-05
0.333605 5e-05
0.333809 5e-05
0.334013 5e-05
0.334217 5e-05
0.334421 5e-05
0.334625 5e-05
0.334829 5e-05
0.335033 5e-05
0.335237 5e-05
0.33544 5e-05
0.335644 5e-05
0.335848 5e-05
0.336052 5e-05
0.336256 5e-05
0.33646 5e-05
0.336664 5e-05
0.336868 5e-05
0.337072 5e-05
0.337276 5e-05
0.33748 5e-05
0.337684 5e-05
0.337887 5e-05
0.338091 5e-05
0.338295 5e-05
0.338499 5e-05
0.338703 5e-05
0.338907 5.2e-05
0.339111 5.2e-05
0.339315 5.2e-05
0.339519 5.2e-05
0.339723 5.2e-05
0.339927 5.2e-05
0.340131 5.2e-05
0.340334 5.2e-05
0.340538 5.2e-05
0.340742 5.2e-05
0.340946 5.2e-05
0.34115 5.2e-05
0.341354 5.2e-05
0.341558 5.2e-05
0.341762 5.2e-05
0.341966 5.2e-05
0.34217 5.2e-05
0.342374 5.2e-05
0.342577 5.2e-05
0.342781 5.2e-05
0.342985 5.2e-05
0.343189 5.4e-05
0.343393 5.4e-05
0.343597 5.4e-05
0.343801 5.4e-05
0.344005 5.4e-05
0.344209 5.4e-05
0.344413 5.4e-05
0.344617 5.4e-05
0.344821 5.4e-05
0.345024 5.4e-05
0.345228 5.4e-05
0.345432 5.4e-05
0.345636 5.4e-05
0.34584 5.4e-05
0.346044 5.4e-05
0.346248 5.4e-05
0.346452 5.4e-05
0.346656 5.4e-05
0.34686 5.4e-05
0.347064 5.4e-05
0.347268 5.4e-05
0.347471 5.4e-05
0.347675 5.4e-05
0.347879 5.4e-05
0.348083 5.4e-05
0.348287 5.4e-05
0.348491 5.4e-05
0.348695 5.4e-05
0.348899 5.4e-05
0.349103 5.4e-05
0.349307 5.4e-05
0.349511 5.4e-05
0.349715 5.4e-05
0.349918 5.4e-05
0.350122 5.4e-05
0.350326 5.4e-05
0.35053 5.4e-05
0.350734 5.4e-05
0.350938 5.4e-05
0.351142 5.4e-05
0.351346 5.4e-05
0.35155 5.4e-05
0.351754 5.4e-05
0.351958 5.4e-05
0.352162 5.4e-05
0.352365 5.4e-05
0.352569 5.4e-05
0.352773 5.4e-05
0.352977 5.4e-05
0.353181 5.4e-05
0.353385 5.4e-05
0.353589 5.4e-05
0.353793 5.4e-05
0.353997 5.4e-05
0.354201 5.4e-05
0.354405 5.4e-05
0.354608 5.4e-05
0.354812 5.4e-05
0.355016 5.4e-05
0.35522 5.4e-05
0.355424 5.4e-05
0.355628 5.4e-05
0.355832 6e-05
0.356036 6e-05
0.35624 6e-05
0.356444 6e-05
0.356648 6e-05
0.356852 6e-05
0.357055 6e-05
0.357259 6e-05
0.357463 6e-05
0.357667 6e-05
0.357871 6e-05
0.358075 6e-05
0.358279 6e-05
0.358483 6e-05
0.358687 6e-05
0.358891 6e-05
0.359095 6e-05
0.359299 6e-05
0.359502 6e-05
0.359706 6e-05
0.35991 6e-05
0.360114 6e-05
0.360318 6e-05
0.360522 6e-05
0.360726 6e-05
0.36093 6e-05
0.361134 6e-05
0.361338 6e-05
0.361542 6e-05
0.361746 6e-05
0.361949 6e-05
0.362153 6e-05
0.362357 6e-05
0.362561 6e-05
0.362765 6e-05
0.362969 6e-05
0.363173 6e-05
0.363377 6e-05
0.363581 6e-05
0.363785 6e-05
0.363989 6e-05
0.364192 6e-05
0.364396 6e-05
0.3646 6e-05
0.364804 6e-05
0.365008 6e-05
0.365212 6e-05
0.365416 6e-05
0.36562 6e-05
0.365824 6e-05
0.366028 6e-05
0.366232 6e-05
0.366436 6e-05
0.366639 6e-05
0.366843 6e-05
0.367047 6e-05
0.367251 6e-05
0.367455 6e-05
0.367659 6e-05
0.367863 6e-05
0.368067 6e-05
0.368271 6.2e-05
0.368475 6.2e-05
0.368679 6.2e-05
0.368883 6.2e-05
0.369086 6.2e-05
0.36929 6.2e-05
0.369494 6.2e-05
0.369698 6.2e-05
0.369902 6.2e-05
0.370106 6.2e-05
0.37031 6.2e-05
0.370514 6.2e-05
0.370718 6.2e-05
0.370922 6.2e-05
0.371126 6.2e-05
0.37133 6.2e-05
0.371533 6.2e-05
0.371737 6.2e-05
0.371941 6.2e-05
0.372145 6.2e-05
0.372349 6.2e-05
0.372553 6.2e-05
0.372757 6.2e-05
0.372961 6.2e-05
0.373165 6.2e-05
0.373369 6.2e-05
0.373573 6.2e-05
0.373777 6.2e-05
0.37398 6.2e-05
0.374184 6.2e-05
0.374388 6.2e-05
0.374592 6.2e-05
0.374796 6.2e-05
0.375 6.2e-05
0.375204 6.2e-05
0.375408 6.2e-05
0.375612 6.2e-05
0.375816 6.2e-05
0.37602 6.2e-05
0.376223 6.2e-05
0.376427 6.2e-05
0.376631 6.2e-05
0.376835 6.2e-05
0.377039 6.2e-05
0.377243 6.2e-05
0.377447 6.2e-05
0.377651 6.2e-05
0.377855 6.2e-05
0.378059 6.2e-05
0.378263 6.2e-05
0.378467 6.2e-05
0.37867 6.2e-05
0.378874 6.2e-05
0.379078 6.2e-05
0.379282 6.2e-05
0.379486 6.2e-05
0.37969 6.2e-05
0.379894 6.2e-05
0.380098 6.2e-05
0.380302 6.2e-05
0.380506 6.2e-05
0.38071 6.2e-05
0.380914 6.2e-05
0.381117 6.2e-05
0.381321 6.2e-05
0.381525 6.2e-05
0.381729 6.2e-05
0.381933 6.2e-05
0.382137 6.2e-05
0.382341 6.2e-05
0.382545 6.2e-05
0.382749 6.2e-05
0.382953 6.2e-05
0.383157 6.2e-05
0.383361 6.2e-05
0.383564 6.2e-05
0.383768 6.2e-05
0.383972 6.2e-05
0.384176 6.2e-05
0.38438 6.2e-05
0.384584 6.2e-05
0.384788 6.2e-05
0.384992 6.2e-05
0.385196 6.2e-05
0.3854 6.2e-05
0.385604 6.2e-05
0.385808 6.2e-05
0.386011 6.2e-05
0.386215 6.2e-05
0.386419 6.2e-05
0.386623 6.2e-05
0.386827 6.2e-05
0.387031 6.2e-05
0.387235 6.2e-05
0.387439 6.2e-05
0.387643 6.2e-05
0.387847 6.2e-05
0.388051 6.2e-05
0.388254 6.2e-05
0.388458 6.2e-05
0.388662 6.2e-05
0.388866 6.2e-05
0.38907 6.2e-05
0.389274 6.2e-05
0.389478 6.2e-05
0.389682 6.2e-05
0.389886 6.2e-05
0.39009 6.2e-05
0.390294 6.2e-05
0.390498 6.2e-05
0.390701 6.2e-05
0.390905 6.2e-05
0.391109 6.2e-05
0.391313 6.2e-05
0.391517 6.2e-05
0.391721 6.2e-05
0.391925 6.2e-05
0.392129 6.2e-05
0.392333 6.2e-05
0.392537 6.2e-05
0.392741 6.2e-05
0.392945 6.2e-05
0.393148 6.2e-05
0.393352 6.2e-05
0.393556 6.2e-05
0.39376 6.2e-05
0.393964 6.2e-05
0.394168 6.2e-05
0.394372 6.2e-05
0.394576 6.2e-05
0.39478 6.2e-05
0.394984 6.2e-05
0.395188 6.2e-05
0.395392 6.2e-05
0.395595 6.2e-05
0.395799 6.2e-05
0.396003 6.2e-05
0.396207 6.2e-05
0.396411 6.2e-05
0.396615 6.2e-05
0.396819 6.2e-05
0.397023 6.2e-05
0.397227 6.2e-05
0.397431 6.2e-05
0.397635 6.2e-05
0.397838 6.2e-05
0.398042 6.2e-05
0.398246 6.2e-05
0.39845 6.6e-05
0.398654 6.6e-05
0.398858 6.6e-05
0.399062 6.6e-05
0.399266 6.6e-05
0.39947 6.6e-05
0.399674 6.6e-05
0.399878 6.6e-05
0.400082 6.6e-05
0.400285 6.6e-05
0.400489 6.6e-05
0.400693 6.6e-05
0.400897 6.6e-05
0.401101 6.6e-05
0.401305 6.6e-05
0.401509 6.6e-05
0.401713 6.6e-05
0.401917 6.6e-05
0.402121 6.6e-05
0.402325 6.6e-05
0.402529 7e-05
0.402732 7e-05
0.402936 7e-05
0.40314 7e-05
0.403344 7e-05
0.403548 7e-05
0.403752 7e-05
0.403956 7e-05
0.40416 7e-05
0.404364 7e-05
0.404568 7e-05
0.404772 7e-05
0.404976 7e-05
0.405179 7e-05
0.405383 7e-05
0.405587 7e-05
0.405791 7e-05
0.405995 7e-05
0.406199 7e-05
0.406403 7e-05
0.406607 7e-05
0.406811 7e-05
0.407015 7e-05
0.407219 7e-05
0.407423 7e-05
0.407626 7e-05
0.40783 7e-05
0.408034 7e-05
0.408238 7e-05
0.408442 7e-05
0.408646 7e-05
0.40885 7e-05
0.409054 7e-05
0.409258 7e-05
0.409462 7.2e-05
0.409666 7.2e-05
0.409869 7.2e-05
0.410073 7.2e-05
0.410277 7.2e-05
0.410481 7.2e-05
0.410685 7.2e-05
0.410889 7.2e-05
0.411093 7.2e-05
0.411297 7.2e-05
0.411501 7.2e-05
0.411705 7.2e-05
0.411909 8.8e-05
0.412113 8.8e-05
0.412316 8.8e-05
0.41252 8.8e-05
0.412724 8.8e-05
0.412928 8.8e-05
0.413132 8.8e-05
0.413336 8.8e-05
0.41354 8.8e-05
0.413744 8.8e-05
0.413948 8.8e-05
0.414152 8.8e-05
0.414356 8.8e-05
0.41456 8.8e-05
0.414763 8.8e-05
0.414967 9e-05
0.415171 9e-05
0.415375 9e-05
0.415579 9e-05
0.415783 9e-05
0.415987 9e-05
0.416191 9e-05
0.416395 9e-05
0.416599 9e-05
0.416803 9e-05
0.417007 9e-05
0.41721 9e-05
0.417414 9e-05
0.417618 9e-05
0.417822 9e-05
0.418026 9e-05
0.41823 9e-05
0.418434 9e-05
0.418638 9e-05
0.418842 9e-05
0.419046 9e-05
0.41925 9e-05
0.419454 9e-05
0.419657 9e-05
0.419861 9e-05
0.420065 9e-05
0.420269 9e-05
0.420473 9e-05
0.420677 9e-05
0.420881 9e-05
0.421085 9e-05
0.421289 9e-05
0.421493 9e-05
0.421697 9e-05
0.4219 9e-05
0.422104 9e-05
0.422308 9e-05
0.422512 9e-05
0.422716 9e-05
0.42292 9e-05
0.423124 9e-05
0.423328 9e-05
0.423532 9e-05
0.423736 9e-05
0.42394 9e-05
0.424144 9e-05
0.424347 9e-05
0.424551 9e-05
0.424755 9e-05
0.424959 9e-05
0.425163 9e-05
0.425367 9e-05
0.425571 9e-05
0.425775 9e-05
0.425979 9e-05
0.426183 9e-05
0.426387 9e-05
0.426591 9e-05
0.426794 9e-05
0.426998 9e-05
0.427202 9e-05
0.427406 9e-05
0.42761 9e-05
0.427814 9e-05
0.428018 9e-05
0.428222 9e-05
0.428426 9e-05
0.42863 9e-05
0.428834 9e-05
0.429038 9e-05
0.429241 9e-05
0.429445 9e-05
0.429649 9e-05
0.429853 9e-05
0.430057 9e-05
0.430261 9e-05
0.430465 9e-05
0.430669 9e-05
0.430873 9e-05
0.431077 9e-05
0.431281 9e-05
0.431485 9e-05
0.431688 9e-05
0.431892 9e-05
0.432096 9e-05
0.4323 9e-05
0.432504 9e-05
0.432708 9e-05
0.432912 9e-05
0.433116 9e-05
0.43332 9e-05
0.433524 9e-05
0.433728 9e-05
0.433931 9e-05
0.434135 9e-05
0.434339 9e-05
0.434543 9e-05
0.434747 9e-05
0.434951 9e-05
0.435155 9e-05
0.435359 9e-05
0.435563 9e-05
0.435767 9e-05
0.435971 9e-05
0.436175 9e-05
0.436378 9e-05
0.436582 9e-05
0.436786 9e-05
0.43699 9e-05
0.437194 9e-05
0.437398 9e-05
0.437602 9e-05
0.437806 9e-05
0.43801 9e-05
0.438214 9e-05
0.438418 9.2e-05
0.438622 9.2e-05
0.438825 9.2e-05
0.439029 9.2e-05
0.439233 9.2e-05
0.439437 9.2e-05
0.439641 9.2e-05
0.439845 9.2e-05
0.440049 9.2e-05
0.440253 9.2e-05
0.440457 9.2e-05
0.440661 9.2e-05
0.440865 9.2e-05
0.441069 9.2e-05
0.441272 9.2e-05
0.441476 9.2e-05
0.44168 9.2e-05
0.441884 9.2e-05
0.442088 9.2e-05
0.442292 9.2e-05
0.442496 9.2e-05
0.4427 9.2e-05
0.442904 9.2e-05
0.443108 9.2e-05
0.443312 9.2e-05
0.443515 9.2e-05
0.443719 9.2e-05
0.443923 9.2e-05
0.444127 9.2e-05
0.444331 9.2e-05
0.444535 9.2e-05
0.444739 9.2e-05
0.444943 9.2e-05
0.445147 9.6e-05
0.445351 9.6e-05
0.445555 9.6e-05
0.445759 9.6e-05
0.445962 9.6e-05
0.446166 9.6e-05
0.44637 9.6e-05
0.446574 9.6e-05
0.446778 9.6e-05
0.446982 9.6e-05
0.447186 9.6e-05
0.44739 9.6e-05
0.447594 9.6e-05
0.447798 9.6e-05
0.448002 9.6e-05
0.448206 9.6e-05
0.448409 9.6e-05
0.448613 9.6e-05
0.448817 9.6e-05
0.449021 0.0001
0.449225 0.0001
0.449429 0.0001
0.449633 0.0001
0.449837 0.0001
0.450041 0.0001
0.450245 0.0001
0.450449 0.0001
0.450653 0.0001
0.450856 0.0001
0.45106 0.0001
0.451264 0.0001
0.451468 0.0001
0.451672 0.0001
0.451876 0.0001
0.45208 0.0001
0.452284 0.0001
0.452488 0.0001
0.452692 0.0001
0.452896 0.0001
0.4531 0.0001
0.453303 0.0001
0.453507 0.0001
0.453711 0.0001
0.453915 0.0001
0.454119 0.000116
0.454323 0.000116
0.454527 0.000116
0.454731 0.000116
0.454935 0.000122
0.455139 0.000122
0.455343 0.000122
0.455546 0.000122
0.45575 0.000122
0.455954 0.000122
0.456158 0.000122
0.456362 0.000122
0.456566 0.000122
0.45677 0.000122
0.456974 0.000122
0.457178 0.000122
0.457382 0.000122
0.457586 0.000122
0.45779 0.000122
0.457993 0.000122
0.458197 0.000126
0.458401 0.000126
0.458605 0.000126
0.458809 0.000126
0.459013 0.000126
0.459217 0.000126
0.459421 0.000126
0.459625 0.000126
0.459829 0.000126
0.460033 0.000126
0.460237 0.000126
0.46044 0.000126
0.460644 0.000126
0.460848 0.000126
0.461052 0.000126
0.461256 0.000126
0.46146 0.000126
0.461664 0.000126
0.461868 0.000126
0.462072 0.000126
0.462276 0.000126
0.46248 0.000126
0.462684 0.000126
0.462887 0.000126
0.463091 0.000126
0.463295 0.000126
0.463499 0.000126
0.463703 0.000126
0.463907 0.000126
0.464111 0.000126
0.464315 0.000126
0.464519 0.000126
0.464723 0.000126
0.464927 0.000126
0.465131 0.000126
0.465334 0.000126
0.465538 0.000126
0.465742 0.000126
0.465946 0.000126
0.46615 0.000126
0.466354 0.000126
0.466558 0.000126
0.466762 0.000126
0.466966 0.000126
0.46717 0.000126
0.467374 0.000126
0.467577 0.000126
0.467781 0.000126
0.467985 0.000126
0.468189 0.000126
0.468393 0.000126
0.468597 0.00013
0.468801 0.00013
0.469005 0.00013
0.469209 0.00013
0.469413 0.00013
0.469617 0.00013
0.469821 0.00013
0.470024 0.00013
0.470228 0.00013
0.470432 0.00013
0.470636 0.00013
0.47084 0.00013
0.471044 0.00013
0.471248 0.00013
0.471452 0.00013
0.471656 0.00013
0.47186 0.00013
0.472064 0.00013
0.472268 0.00013
0.472471 0.00013
0.472675 0.00013
0.472879 0.00013
0.473083 0.00013
0.473287 0.00013
0.473491 0.00013
0.473695 0.00013
0.473899 0.00013
0.474103 0.00013
0.474307 0.00013
0.474511 0.00013
0.474715 0.00013
0.474918 0.00013
0.475122 0.00013
0.475326 0.00013
0.47553 0.00013
0.475734 0.00013
0.475938 0.00013
0.476142 0.00013
0.476346 0.000168
0.47655 0.000168
0.476754 0.000168
0.476958 0.000168
0.477162 0.000168
0.477365 0.000168
0.477569 0.000168
0.477773 0.000168
0.477977 0.000168
0.478181 0.000168
0.478385 0.000168
0.478589 0.000168
0.478793 0.000168
0.478997 0.000168
0.479201 0.000168
0.479405 0.000168
0.479608 0.000168
0.479812 0.000168
0.480016 0.000168
0.48022 0.000168
0.480424 0.000168
0.480628 0.000168
0.480832 0.000168
0.481036 0.000168
0.48124 0.000168
0.481444 0.000168
0.481648 0.000168
0.481852 0.000168
0.482055 0.000168
0.482259 0.000168
0.482463 0.000168
0.482667 0.000168
0.482871 0.000168
0.483075 0.000168
0.483279 0.000168
0.483483 0.000168
0.483687 0.000168
0.483891 0.000168
0.484095 0.000168
0.484299 0.000168
0.484502 0.000168
0.484706 0.000168
0.48491 0.000168
0.485114 0.000168
0.485318 0.000168
0.485522 0.000168
0.485726 0.000168
0.48593 0.000168
0.486134 0.000168
0.486338 0.000168
0.486542 0.000168
0.486746 0.000168
0.486949 0.000168
0.487153 0.000168
0.487357 0.000168
0.487561 0.000168
0.487765 0.000172
0.487969 0.000172
0.488173 0.000172
0.488377 0.000172
0.488581 0.000172
0.488785 0.000172
0.488989 0.000172
0.489192 0.000172
0.489396 0.000172
0.4896 0.000172
0.489804 0.000172
0.490008 0.000172
0.490212 0.000172
0.490416 0.000172
0.49062 0.000172
0.490824 0.000172
0.491028 0.000172
0.491232 0.000172
0.491436 0.000172
0.491639 0.000172
0.491843 0.000172
0.492047 0.000172
0.492251 0.000172
0.492455 0.000172
0.492659 0.000172
0.492863 0.000172
0.493067 0.000176
0.493271 0.000176
0.493475 0.000176
0.493679 0.000176
0.493883 0.000176
0.494086 0.000176
0.49429 0.000176
0.494494 0.000178
0.494698 0.000178
0.494902 0.000178
0.495106 0.000186
0.49531 0.000186
0.495514 0.000186
0.495718 0.000186
0.495922 0.000186
0.496126 0.000186
0.49633 0.000186
0.496533 0.000186
0.496737 0.000186
0.496941 0.000186
0.497145 0.000186
0.497349 0.000186
0.497553 0.000186
0.497757 0.000186
0.497961 0.000186
0.498165 0.000186
0.498369 0.000186
0.498573 0.000186
0.498777 0.000186
0.49898 0.000186
0.499184 0.00019
0.499388 0.00019
0.499592 0.00019
0.499796 0.00019
0.5 0.00019
0.500204 0.00019
0.500408 0.00019
0.500612 0.00019
0.500816 0.00019
0.50102 0.00019
0.501223 0.000194
0.501427 0.000194
0.501631 0.000194
0.501835 0.000194
0.502039 0.000204
0.502243 0.000204
0.502447 0.000204
0.502651 0.000204
0.502855 0.000204
0.503059 0.000204
0.503263 0.000204
0.503467 0.000204
0.50367 0.000204
0.503874 0.000204
0.504078 0.000204
0.504282 0.000204
0.504486 0.000204
0.50469 0.000204
0.504894 0.000204
0.505098 0.000204
0.505302 0.000204
0.505506 0.000204
0.50571 0.000212
0.505914 0.000212
0.506117 0.000212
0.506321 0.000212
0.506525 0.000212
0.506729 0.000212
0.506933 0.000212
0.507137 0.000212
0.507341 0.000212
0.507545 0.000212
0.507749 0.000212
0.507953 0.000212
0.508157 0.000212
0.508361 0.000212
0.508564 0.000212
0.508768 0.000212
0.508972 0.000212
0.509176 0.000212
0.50938 0.000212
0.509584 0.000212
0.509788 0.000212
0.509992 0.000212
0.510196 0.000212
0.5104 0.000212
0.510604 0.000218
0.510808 0.000218
0.511011 0.000218
0.511215 0.000218
0.511419 0.000218
0.511623 0.000218
0.511827 0.000218
0.512031 0.000218
0.512235 0.00025
0.512439 0.00025
0.512643 0.00025
0.512847 0.00025
0.513051 0.00025
0.513254 0.00025
0.513458 0.00025
0.513662 0.00025
0.513866 0.00025
0.51407 0.00025
0.514274 0.00025
0.514478 0.00025
0.514682 0.00025
0.514886 0.00025
0.51509 0.00025
0.515294 0.00025
0.515498 0.00025
0.515701 0.00025
0.515905 0.00025
0.516109 0.00025
0.516313 0.00025
0.516517 0.00025
0.516721 0.00025
0.516925 0.00025
0.517129 0.00025
0.517333 0.00025
0.517537 0.00025
0.517741 0.00025
0.517945 0.00025
0.518148 0.00025
0.518352 0.00025
0.518556 0.00025
0.51876 0.00025
0.518964 0.000254
0.519168 0.000254
0.519372 0.000254
0.519576 0.000254
0.51978 0.000254
0.519984 0.000262
0.520188 0.000262
0.520392 0.000262
0.520595 0.000264
0.520799 0.000264
0.521003 0.000264
0.521207 0.000264
0.521411 0.000264
0.521615 0.000264
0.521819 0.000264
0.522023 0.000264
0.522227 0.000274
0.522431 0.000274
0.522635 0.000274
0.522838 0.000274
0.523042 0.000274
0.523246 0.000274
0.52345 0.000274
0.523654 0.000274
0.523858 0.000274
0.524062 0.000274
0.524266 0.000276
0.52447 0.000276
0.524674 0.000298
0.524878 0.000298
0.525082 0.000298
0.525285 0.000298
0.525489 0.000298
0.525693 0.000302
0.525897 0.000302
0.526101 0.000302
0.526305 0.000302
0.526509 0.000302
0.526713 0.000302
0.526917 0.000302
0.527121 0.000302
0.527325 0.000302
0.527529 0.000302
0.527732 0.000302
0.527936 0.000302
0.52814 0.000302
0.528344 0.000302
0.528548 0.000302
0.528752 0.000302
0.528956 0.000302
0.52916 0.000302
0.529364 0.000302
0.529568 0.000302
0.529772 0.000302
0.529976 0.000302
0.530179 0.000302
0.530383 0.000302
0.530587 0.000302
0.530791 0.000302
0.530995 0.000302
0.531199 0.000302
0.531403 0.000302
0.531607 0.000322
0.531811 0.000322
0.532015 0.000322
0.532219 0.000322
0.532423 0.000322
0.532626 0.000322
0.53283 0.000322
0.533034 0.000322
0.533238 0.000322
0.533442 0.000322
0.533646 0.000322
0.53385 0.000322
0.534054 0.000322
0.534258 0.000322
0.534462 0.000322
0.534666 0.00033
0.534869 0.00034
0.535073 0.000348
0.535277 0.000348
0.535481 0.000348
0.535685 0.000348
0.535889 0.000348
0.536093 0.000348
0.536297 0.000348
0.536501 0.000348
0.536705 0.000348
0.536909 0.000348
0.537113 0.000348
0.537316 0.000348
0.53752 0.000348
0.537724 0.000348
0.537928 0.000348
0.538132 0.000348
0.538336 0.000354
0.53854 0.000354
0.538744 0.000354
0.538948 0.000354
0.539152 0.000354
0.539356 0.000354
0.53956 0.000354
0.539763 0.000354
0.539967 0.000354
0.540171 0.000354
0.540375 0.000354
0.540579 0.000354
0.540783 0.000354
0.540987 0.000354
0.541191 0.000354
0.541395 0.000356
0.541599 0.000356
0.541803 0.000356
0.542007 0.000356
0.54221 0.00044
0.542414 0.00044
0.542618 0.00044
0.542822 0.00044
0.543026 0.00044
0.54323 0.00044
0.543434 0.00044
0.543638 0.00044
0.543842 0.00044
0.544046 0.00044
0.54425 0.000444
0.544454 0.000444
0.544657 0.000444
0.544861 0.000444
0.545065 0.000444
0.545269 0.000444
0.545473 0.000444
0.545677 0.000444
0.545881 0.000444
0.546085 0.000444
0.546289 0.000444
0.546493 0.000444
0.546697 0.000444
0.5469 0.000444
0.547104 0.000444
0.547308 0.000444
0.547512 0.000444
0.547716 0.000444
0.54792 0.000444
0.548124 0.000444
0.548328 0.000444
0.548532 0.000444
0.548736 0.000444
0.54894 0.000444
0.549144 0.000444
0.549347 0.000444
0.549551 0.00046
0.549755 0.00046
0.549959 0.00046
0.550163 0.00046
0.550367 0.00046
0.550571 0.00046
0.550775 0.00046
0.550979 0.00046
0.551183 0.00046
0.551387 0.00046
0.551591 0.00047
0.551794 0.00047
0.551998 0.00047
0.552202 0.00047
0.552406 0.00047
0.55261 0.00047
0.552814 0.00047
0.553018 0.00047
0.553222 0.00047
0.553426 0.00047
0.55363 0.00047
0.553834 0.00047
0.554038 0.00047
0.554241 0.00047
0.554445 0.0005
0.554649 0.000504
0.554853 0.000504
0.555057 0.00055
0.555261 0.00055
0.555465 0.00055
0.555669 0.00055
0.555873 0.00055
0.556077 0.00055
0.556281 0.00055
0.556485 0.00055
0.556688 0.00055
0.556892 0.00057
0.557096 0.00057
0.5573 0.000606
0.557504 0.000606
0.557708 0.000606
0.557912 0.000606
0.558116 0.000606
0.55832 0.00061
0.558524 0.000618
0.558728 0.000618
0.558931 0.000618
0.559135 0.000618
0.559339 0.000622
0.559543 0.000622
0.559747 0.000622
0.559951 0.000622
0.560155 0.000622
0.560359 0.000672
0.560563 0.000672
0.560767 0.000672
0.560971 0.000672
0.561175 0.000682
0.561378 0.000682
0.561582 0.000682
0.561786 0.000682
0.56199 0.000682
0.562194 0.000682
0.562398 0.0007
0.562602 0.000714
0.562806 0.000728
0.56301 0.000728
0.563214 0.000728
0.563418 0.000728
0.563622 0.000728
0.563825 0.000728
0.564029 0.000844
0.564233 0.000844
0.564437 0.000844
0.564641 0.000844
0.564845 0.000844
0.565049 0.000874
0.565253 0.000874
0.565457 0.000874
0.565661 0.000874
0.565865 0.000874
0.566069 0.000874
0.566272 0.000874
0.566476 0.000874
0.56668 0.000874
0.566884 0.000874
0.567088 0.000876
0.567292 0.000876
0.567496 0.000876
0.5677 0.000876
0.567904 0.000876
0.568108 0.000876
0.568312 0.000876
0.568515 0.000876
0.568719 0.000964
0.568923 0.000964
0.569127 0.000964
0.569331 0.000964
0.569535 0.000964
0.569739 0.000964
0.569943 0.00098
0.570147 0.00098
0.570351 0.001102
0.570555 0.001102
0.570759 0.001102
0.570962 0.001148
0.571166 0.001148
0.57137 0.001148
0.571574 0.001148
0.571778 0.001234
0.571982 0.001234
0.572186 0.001286
0.57239 0.001286
0.572594 0.001286
0.572798 0.001288
0.573002 0.001288
0.573206 0.001288
0.573409 0.001292
0.573613 0.001292
0.573817 0.001292
0.574021 0.001292
0.574225 0.001292
0.574429 0.001292
0.574633 0.001292
0.574837 0.001292
0.575041 0.001292
0.575245 0.001292
0.575449 0.001292
0.575653 0.001296
0.575856 0.001296
0.57606 0.001296
0.576264 0.001296
0.576468 0.001296
0.576672 0.00145
0.576876 0.00145
0.57708 0.00145
0.577284 0.001456
0.577488 0.001456
0.577692 0.001458
0.577896 0.001458
0.5781 0.001458
0.578303 0.001472
0.578507 0.00149
0.578711 0.00149
0.578915 0.001564
0.579119 0.001862
0.579323 0.001862
0.579527 0.00202
0.579731 0.00202
0.579935 0.00202
0.580139 0.00202
0.580343 0.00202
0.580546 0.00202
0.58075 0.002022
0.580954 0.002022
0.581158 0.002036
0.581362 0.002036
0.581566 0.002036
0.58177 0.002236
0.581974 0.002238
0.582178 0.002238
0.582382 0.002282
0.582586 0.002282
0.58279 0.00239
0.582993 0.002392
0.583197 0.002392
0.583401 0.002398
0.583605 0.002398
0.583809 0.0024
0.584013 0.003076
0.584217 0.003078
0.584421 0.003078
0.584625 0.003078
0.584829 0.003078
0.585033 0.003146
0.585237 0.003182
0.58544 0.003348
0.585644 0.003372
0.585848 0.003434
0.586052 0.003448
0.586256 0.003448
0.58646 0.004482
0.586664 0.004482
0.586868 0.004482
0.587072 0.00455
0.587276 0.004924
0.58748 0.004924
0.587684 0.00493
0.587887 0.005936
0.588091 0.005964
0.588295 0.005964
0.588499 0.006494
0.588703 0.006494
0.588907 0.006494
0.589111 0.006494
0.589315 0.007008
0.589519 0.007008
0.589723 0.007014
0.589927 0.009052
0.590131 0.010636
0.590334 0.011638
0.590538 0.011642
0.590742 0.011658
0.590946 0.011772
0.59115 0.011772
0.591354 0.012248
0.591558 0.019482
0.591762 0.022058
0.591966 0.023218
0.59217 0.036762
0.592374 0.064712
0.592577 0.105644
0.592781 0.267754
0.592985 0.371072
0.593189 0.407484
0.593393 0.409772
0.593597 0.4114
0.593801 0.417684
0.594005 0.442944
0.594209 0.445604
0.594413 0.446374
0.594617 0.44828
0.594821 0.45092
0.595024 0.452284
0.595228 0.454026
0.595432 0.4662
0.595636 0.46786
0.59584 0.468738
0.596044 0.476076
0.596248 0.481636
0.596452 0.484904
0.596656 0.486238
0.59686 0.48669
0.597064 0.49451
0.597268 0.50033
0.597471 0.50099
0.597675 0.501768
0.597879 0.504566
0.598083 0.50512
0.598287 0.505434
0.598491 0.50621
0.598695 0.507004
0.598899 0.507372
0.599103 0.513014
0.599307 0.528662
0.599511 0.534476
0.599715 0.534784
0.599918 0.53499
0.600122 0.53637
0.600326 0.536562
0.60053 0.538138
0.600734 0.538464
0.600938 0.53911
0.601142 0.539532
0.601346 0.540038
0.60155 0.541172
0.601754 0.54986
0.601958 0.550696
0.602162 0.55103
0.602365 0.551824
0.602569 0.553978
0.602773 0.559532
0.602977 0.565632
0.603181 0.565826
0.603385 0.566228
0.603589 0.56707
0.603793 0.567628
0.603997 0.5684
0.604201 0.569062
0.604405 0.569376
0.604608 0.56971
0.604812 0.570788
0.605016 0.573694
0.60522 0.575606
0.605424 0.57821
0.605628 0.579672
0.605832 0.580142
0.606036 0.58047
0.60624 0.580826
0.606444 0.581144
0.606648 0.58139
0.606852 0.581774
0.607055 0.581886
0.607259 0.583044
0.607463 0.583384
0.607667 0.583706
0.607871 0.58401
0.608075 0.584874
0.608279 0.585092
0.608483 0.585422
0.608687 0.58611
0.608891 0.5878
0.609095 0.59059
0.609299 0.594076
0.609502 0.594664
0.609706 0.594868
0.60991 0.595136
0.610114 0.59529
0.610318 0.59555
0.610522 0.595688
0.610726 0.596118
0.61093 0.596402
0.611134 0.596702
0.611338 0.597286
0.611542 0.597482
0.611746 0.59801
0.611949 0.59819
0.612153 0.598748
0.612357 0.598914
0.612561 0.599422
0.612765 0.599872
0.612969 0.600202
0.613173 0.60052
0.613377 0.605574
0.613581 0.607784
0.613785 0.607912
0.613989 0.608146
0.614192 0.608326
0.614396 0.608516
0.6146 0.608836
0.614804 0.60918
0.615008 0.609344
0.615212 0.609692
0.615416 0.609898
0.61562 0.610194
0.615824 0.610548
0.616028 0.610716
0.616232 0.61095
0.616436 0.611512
0.616639 0.612006
0.616843 0.612194
0.617047 0.612438
0.617251 0.612962
0.617455 0.613208
0.617659 0.613886
0.617863 0.614066
0.618067 0.614394
0.618271 0.614638
0.618475 0.620858
0.618679 0.621904
0.618883 0.62229
0.619086 0.622814
0.61929 0.623244
0.619494 0.623532
0.619698 0.623756
0.619902 0.62397
0.620106 0.624306
0.62031 0.62451
0.620514 0.624748
0.620718 0.62499
0.620922 0.625408
0.621126 0.625622
0.62133 0.625778
0.621533 0.62612
0.621737 0.62621
0.621941 0.626392
0.622145 0.626564
0.622349 0.626864
0.622553 0.627416
0.622757 0.627628
0.622961 0.627968
0.623165 0.628176
0.623369 0.628462
0.623573 0.628948
0.623777 0.633328
0.62398 0.635916
0.624184 0.637198
0.624388 0.637888
0.624592 0.638134
0.624796 0.638406
0.625 0.638696
0.625204 0.639254
0.625408 0.63953
0.625612 0.639682
0.625816 0.639872
0.62602 0.64017
0.626223 0.640374
0.626427 0.640576
0.626631 0.640886
0.626835 0.641456
0.627039 0.641978
0.627243 0.643872
0.627447 0.646474
0.627651 0.651584
0.627855 0.651788
0.628059 0.651978
0.628263 0.65214
0.628467 0.652346
0.62867 0.652634
0.628874 0.652918
0.629078 0.653102
0.629282 0.653254
0.629486 0.653372
0.62969 0.653584
0.629894 0.653914
0.630098 0.65432
0.630302 0.654452
0.630506 0.654576
0.63071 0.654752
0.630914 0.65512
0.631117 0.656108
0.631321 0.658578
0.631525 0.661088
0.631729 0.66201
0.631933 0.662202
0.632137 0.662376
0.632341 0.662586
0.632545 0.663378
0.632749 0.663498
0.632953 0.663686
0.633157 0.66398
0.633361 0.664154
0.633564 0.664278
0.633768 0.664616
0.633972 0.664972
0.634176 0.665318
0.63438 0.665622
0.634584 0.665856
0.634788 0.666108
0.634992 0.666348
0.635196 0.666598
0.6354 0.666908
0.635604 0.667094
0.635808 0.667246
0.636011 0.667432
0.636215 0.667658
0.636419 0.667792
0.636623 0.667964
0.636827 0.66819
0.637031 0.669036
0.637235 0.673376
0.637439 0.67484
0.637643 0.675092
0.637847 0.675364
0.638051 0.67554
0.638254 0.675722
0.638458 0.675836
0.638662 0.676008
0.638866 0.676204
0.63907 0.676306
0.639274 0.67648
0.639478 0.677046
0.639682 0.677138
0.639886 0.677292
0.64009 0.677468
0.640294 0.67766
0.640498 0.677972
0.640701 0.6782
0.640905 0.678436
0.641109 0.678604
0.641313 0.678762
0.641517 0.678842
0.641721 0.679008
0.641925 0.679108
0.642129 0.679382
0.642333 0.679602
0.642537 0.67982
0.642741 0.680038
0.642945 0.68028
0.643148 0.68041
0.643352 0.68061
0.643556 0.680828
0.64376 0.681288
0.643964 0.6828
0.644168 0.685624
0.644372 0.687306
0.644576 0.687544
0.64478 0.687712
0.644984 0.687848
0.645188 0.687994
0.645392 0.688164
0.645595 0.68846
0.645799 0.688606
0.646003 0.688832
0.646207 0.6891
0.646411 0.68933
0.646615 0.689626
0.646819 0.689846
0.647023 0.690008
0.647227 0.69025
0.647431 0.69061
0.647635 0.690768
0.647838 0.690862
0.648042 0.691014
0.648246 0.691296
0.64845 0.691394
0.648654 0.6915
0.648858 0.691664
0.649062 0.691956
0.649266 0.69212
0.64947 0.692202
0.649674 0.692336
0.649878 0.692602
0.650082 0.692818
0.650285 0.692966
0.650489 0.693114
0.650693 0.693334
0.650897 0.693488
0.651101 0.694062
0.651305 0.69597
0.651509 0.697484
0.651713 0.698756
0.651917 0.69998
0.652121 0.70008
0.652325 0.700272
0.652529 0.700496
0.652732 0.70077
0.652936 0.70096
0.65314 0.701174
0.653344 0.70136
0.653548 0.701534
0.653752 0.70167
0.653956 0.701984
0.65416 0.70212
0.654364 0.702316
0.654568 0.70242
0.654772 0.70264
0.654976 0.702802
0.655179 0.70291
0.655383 0.703056
0.655587 0.703208
0.655791 0.703322
0.655995 0.703474
0.656199 0.703712
0.656403 0.703874
0.656607 0.704026
0.656811 0.704202
0.657015 0.70439
0.657219 0.70451
0.657423 0.70479
0.657626 0.704994
0.65783 0.705166
0.658034 0.705442
0.658238 0.705592
0.658442 0.705808
0.658646 0.70692
0.65885 0.708628
0.659054 0.710432
0.659258 0.712042
0.659462 0.712148
0.659666 0.712416
0.659869 0.712644
0.660073 0.712796
0.660277 0.713002
0.660481 0.71313
0.660685 0.7133
0.660889 0.713486
0.661093 0.713652
0.661297 0.713858
0.661501 0.71405
0.661705 0.7143
0.661909 0.714418
0.662113 0.714634
0.662316 0.71475
0.66252 0.714914
0.662724 0.715096
0.662928 0.715182
0.663132 0.715342
0.663336 0.715524
0.66354 0.715682
0.663744 0.715772
0.663948 0.715898
0.664152 0.715994
0.664356 0.71616
0.66456 0.716282
0.664763 0.716442
0.664967 0.71659
0.665171 0.716762
0.665375 0.716926
0.665579 0.717064
0.665783 0.717286
0.665987 0.717408
0.666191 0.717606
0.666395 0.717748
0.666599 0.71789
0.666803 0.718528
0.667007 0.720806
0.66721 0.72239
0.667414 0.723892
0.667618 0.724044
0.667822 0.724278
0.668026 0.724432
0.66823 0.724588
0.668434 0.72472
0.668638 0.72492
0.668842 0.725002
0.669046 0.725122
0.66925 0.725208
0.669454 0.725576
0.669657 0.72571
0.669861 0.725882
0.670065 0.726068
0.670269 0.72618
0.670473 0.726398
0.670677 0.726622
0.670881 0.726738
0.671085 0.72692
0.671289 0.727138
0.671493 0.727378
0.671697 0.727552
0.6719 0.727638
0.672104 0.727756
0.672308 0.727826
0.672512 0.728054
0.672716 0.728294
0.67292 0.728396
0.673124 0.728558
0.673328 0.728716
0.673532 0.728816
0.673736 0.728904
0.67394 0.729178
0.674144 0.72931
0.674347 0.729386
0.674551 0.729486
0.674755 0.72958
0.674959 0.729712
0.675163 0.73039
0.675367 0.73181
0.675571 0.732922
0.675775 0.734128
0.675979 0.735844
0.676183 0.735978
0.676387 0.736306
0.676591 0.73643
0.676794 0.736552
0.676998 0.736738
0.677202 0.73686
0.677406 0.736966
0.67761 0.737156
0.677814 0.737244
0.678018 0.73741
0.678222 0.737508
0.678426 0.737568
0.67863 0.737688
0.678834 0.737858
0.679038 0.737992
0.679241 0.738324
0.679445 0.738426
0.679649 0.738604
0.679853 0.738724
0.680057 0.73884
0.680261 0.738966
0.680465 0.73907
0.680669 0.739156
0.680873 0.739344
0.681077 0.739484
0.681281 0.739632
0.681485 0.739786
0.681688 0.739864
0.681892 0.73997
0.682096 0.740052
0.6823 0.740234
0.682504 0.740356
0.682708 0.740474
0.682912 0.740556
0.683116 0.74071
0.68332 0.740864
0.683524 0.741022
0.683728 0.74123
0.683931 0.742376
0.684135 0.743428
0.684339 0.744574
0.684543 0.745906
0.684747 0.74683
0.684951 0.747364
0.685155 0.747602
0.685359 0.74773
0.685563 0.747886
0.685767 0.747976
0.685971 0.748222
0.686175 0.748392
0.686378 0.74851
0.686582 0.748612
0.686786 0.748688
0.68699 0.748786
0.687194 0.748936
0.687398 0.749026
0.687602 0.74918
0.687806 0.749314
0.68801 0.749436
0.688214 0.749556
0.688418 0.74977
0.688622 0.749866
0.688825 0.75
0.689029 0.750192
0.689233 0.750528
0.689437 0.75062
0.689641 0.750778
0.689845 0.750954
0.690049 0.751164
0.690253 0.751244
0.690457 0.75143
0.690661 0.7516
0.690865 0.751758
0.691069 0.751912
0.691272 0.751996
0.691476 0.75215
0.69168 0.752326
0.691884 0.752506
0.692088 0.75278
0.692292 0.752912
0.692496 0.753794
0.6927 0.755352
0.692904 0.756854
0.693108 0.758652
0.693312 0.758744
0.693515 0.75888
0.693719 0.758948
0.693923 0.75905
0.694127 0.759146
0.694331 0.75934
0.694535 0.759518
0.694739 0.759674
0.694943 0.7599
0.695147 0.759994
0.695351 0.760178
0.695555 0.760368
0.695759 0.760482
0.695962 0.760616
0.696166 0.760788
0.69637 0.760924
0.696574 0.761072
0.696778 0.761156
0.696982 0.761344
0.697186 0.761498
0.69739 0.761696
0.697594 0.761822
0.697798 0.761918
0.698002 0.762054
0.698206 0.762294
0.698409 0.762408
0.698613 0.762532
0.698817 0.762676
0.699021 0.762738
0.699225 0.762824
0.699429 0.762904
0.699633 0.763056
0.699837 0.763152
0.700041 0.76325
0.700245 0.76337
0.700449 0.763448
0.700653 0.763632
0.700856 0.763844
0.70106 0.763964
0.701264 0.76411
0.701468 0.764218
0.701672 0.76442
0.701876 0.766288
0.70208 0.768646
0.702284 0.769928
0.702488 0.770026
0.702692 0.77008
0.702896 0.770216
0.7031 0.770382
0.703303 0.770446
0.703507 0.770546
0.703711 0.77067
0.703915 0.77081
0.704119 0.770882
0.704323 0.770996
0.704527 0.771164
0.704731 0.771284
0.704935 0.77137
0.705139 0.77149
0.705343 0.77155
0.705546 0.771628
0.70575 0.771856
0.705954 0.771932
0.706158 0.772038
0.706362 0.77212
0.706566 0.772248
0.70677 0.772428
0.706974 0.772666
0.707178 0.772786
0.707382 0.772938
0.707586 0.773046
0.70779 0.773134
0.707993 0.773322
0.708197 0.77342
0.708401 0.77356
0.708605 0.773712
0.708809 0.77382
0.709013 0.773922
0.709217 0.774024
0.709421 0.774142
0.709625 0.774222
0.709829 0.774478
0.710033 0.77459
0.710237 0.774684
0.71044 0.774848
0.710644 0.77495
0.710848 0.775108
0.711052 0.775194
0.711256 0.77527
0.71146 0.775456
0.711664 0.77662
0.711868 0.777476
0.712072 0.778752
0.712276 0.77974
0.71248 0.780956
0.712684 0.78101
0.712887 0.781094
0.713091 0.78121
0.713295 0.781292
0.713499 0.78138
0.713703 0.781484
0.713907 0.781578
0.714111 0.78167
0.714315 0.781796
0.714519 0.781902
0.714723 0.781988
0.714927 0.78211
0.715131 0.782222
0.715334 0.782352
0.715538 0.782524
0.715742 0.7826
0.715946 0.78277
0.71615 0.782928
0.716354 0.782996
0.716558 0.783206
0.716762 0.783366
0.716966 0.783486
0.71717 0.783568
0.717374 0.783768
0.717577 0.78391
0.717781 0.783982
0.717985 0.784106
0.718189 0.784236
0.718393 0.784324
0.718597 0.784398
0.718801 0.784468
0.719005 0.784584
0.719209 0.784948
0.719413 0.785096
0.719617 0.78521
0.719821 0.785312
0.720024 0.785584
0.720228 0.785658
0.720432 0.785776
0.720636 0.785832
0.72084 0.785954
0.721044 0.786054
0.721248 0.78617
0.721452 0.786268
0.721656 0.786406
0.72186 0.786754
0.722064 0.78769
0.722268 0.788578
0.722471 0.789578
0.722675 0.791388
0.722879 0.791964
0.723083 0.79204
0.723287 0.792136
0.723491 0.792236
0.723695 0.792332
0.723899 0.792476
0.724103 0.792556
0.724307 0.792614
0.724511 0.792764
0.724715 0.792892
0.724918 0.793014
0.725122 0.793126
0.725326 0.793248
0.72553 0.793346
0.725734 0.793458
0.725938 0.793526
0.726142 0.793608
0.726346 0.793698
0.72655 0.793768
0.726754 0.793918
0.726958 0.794034
0.727162 0.794104
0.727365 0.794396
0.727569 0.794494
0.727773 0.794614
0.727977 0.794762
0.728181 0.794854
0.728385 0.794898
0.728589 0.794956
0.728793 0.795024
0.728997 0.795118
0.729201 0.795234
0.729405 0.79534
0.729608 0.795486
0.729812 0.795576
0.730016 0.795736
0.73022 0.795826
0.730424 0.795964
0.730628 0.79602
0.730832 0.796108
0.731036 0.796262
0.73124 0.796414
0.731444 0.796496
0.731648 0.796598
0.731852 0.796696
0.732055 0.796886
0.732259 0.796966
0.732463 0.79705
0.732667 0.797138
0.732871 0.797244
0.733075 0.797922
0.733279 0.79889
0.733483 0.800154
0.733687 0.800926
0.733891 0.802006
0.734095 0.802692
0.734299 0.80278
0.734502 0.802918
0.734706 0.802974
0.73491 0.80303
0.735114 0.803122
0.735318 0.803206
0.735522 0.80337
0.735726 0.803496
0.73593 0.80357
0.736134 0.803684
0.736338 0.803818
0.736542 0.803942
0.736746 0.804014
0.736949 0.8041
0.737153 0.804216
0.737357 0.8043
0.737561 0.804398
0.737765 0.804464
0.737969 0.804546
0.738173 0.804628
0.738377 0.804726
0.738581 0.804834
0.738785 0.805036
0.738989 0.80511
0.739192 0.805202
0.739396 0.805294
0.7396 0.80541
0.739804 0.805496
0.740008 0.805712
0.740212 0.80585
0.740416 0.805918
0.74062 0.806016
0.740824 0.806092
0.741028 0.80616
0.741232 0.806242
0.741436 0.80636
0.741639 0.806458
0.741843 0.806586
0.742047 0.80671
0.742251 0.806804
0.742455 0.80692
0.742659 0.807002
0.742863 0.80706
0.743067 0.807158
0.743271 0.807304
0.743475 0.807408
0.743679 0.807518
0.743883 0.807608
0.744086 0.807694
0.74429 0.807878
0.744494 0.807968
0.744698 0.808912
0.744902 0.80988
0.745106 0.810888
0.74531 0.812146
0.745514 0.81283
0.745718 0.813436
0.745922 0.813554
0.746126 0.813648
0.74633 0.813694
0.746533 0.813788
0.746737 0.813864
0.746941 0.813928
0.747145 0.814088
0.747349 0.81417
0.747553 0.81427
0.747757 0.81441
0.747961 0.814478
0.748165 0.814562
0.748369 0.814628
0.748573 0.814676
0.748777 0.814798
0.74898 0.8149
0.749184 0.814986
0.749388 0.81511
0.749592 0.815232
0.749796 0.81533
0.75 0.815532
0.750204 0.815614
0.750408 0.815718
0.750612 0.815952
0.750816 0.816028
0.75102 0.816116
0.751223 0.816192
0.751427 0.816254
0.751631 0.816348
0.751835 0.81644
0.752039 0.816512
0.752243 0.816682
0.752447 0.81673
0.752651 0.816882
0.752855 0.817004
0.753059 0.817132
0.753263 0.8172
0.753467 0.817292
0.75367 0.817436
0.753874 0.817548
0.754078 0.817728
0.754282 0.81781
0.754486 0.817918
0.75469 0.81803
0.754894 0.818136
0.755098 0.818244
0.755302 0.818324
0.755506 0.818398
0.75571 0.818508
0.755914 0.819402
0.756117 0.820506
0.756321 0.821614
0.756525 0.822606
0.756729 0.823784
0.756933 0.82391
0.757137 0.823962
0.757341 0.824158
0.757545 0.824212
0.757749 0.824392
0.757953 0.824528
0.758157 0.824596
0.758361 0.824714
0.758564 0.824814
0.758768 0.824936
0.758972 0.82511
0.759176 0.825208
0.75938 0.825328
0.759584 0.82542
0.759788 0.82554
0.759992 0.825682
0.760196 0.825784
0.7604 0.825868
0.760604 0.825948
0.760808 0.82601
0.761011 0.826096
0.761215 0.82618
0.761419 0.82626
0.761623 0.826328
0.761827 0.826486
0.762031 0.826544
0.762235 0.826586
0.762439 0.82664
0.762643 0.826738
0.762847 0.826806
0.763051 0.826868
0.763254 0.827026
0.763458 0.82708
0.763662 0.827184
0.763866 0.827236
0.76407 0.827348
0.764274 0.82743
0.764478 0.827608
0.764682 0.827716
0.764886 0.827824
0.76509 0.827898
0.765294 0.828062
0.765498 0.828144
0.765701 0.828204
0.765905 0.828304
0.766109 0.828376
0.766313 0.828534
0.766517 0.828596
0.766721 0.828682
0.766925 0.828752
0.767129 0.828848
0.767333 0.829418
0.767537 0.830722
0.767741 0.832508
0.767945 0.833682
0.768148 0.834174
0.768352 0.834298
0.768556 0.834356
0.76876 0.83445
0.768964 0.834568
0.769168 0.83464
0.769372 0.834694
0.769576 0.83476
0.76978 0.834818
0.769984 0.834912
0.770188 0.835014
0.770392 0.835078
0.770595 0.83516
0.770799 0.835214
0.771003 0.835344
0.771207 0.835494
0.771411 0.835558
0.771615 0.83561
0.771819 0.835716
0.772023 0.835872
0.772227 0.836
0.772431 0.836092
0.772635 0.836226
0.772838 0.836484
0.773042 0.836548
0.773246 0.836616
0.77345 0.836688
0.773654 0.836812
0.773858 0.83689
0.774062 0.836996
0.774266 0.83715
0.77447 0.837286
0.774674 0.837332
0.774878 0.837392
0.775082 0.83746
0.775285 0.837576
0.775489 0.837632
0.775693 0.837742
0.775897 0.837832
0.776101 0.83798
0.776305 0.838066
0.776509 0.838144
0.776713 0.838224
0.776917 0.838392
0.777121 0.838462
0.777325 0.838588
0.777529 0.838832
0.777732 0.83892
0.777936 0.838966
0.77814 0.839054
0.778344 0.839084
0.778548 0.839154
0.778752 0.83922
0.778956 0.839342
0.77916 0.84045
0.779364 0.84132
0.779568 0.842062
0.779772 0.842756
0.779976 0.843448
0.780179 0.844184
0.780383 0.844506
0.780587 0.844602
0.780791 0.844816
0.780995 0.844934
0.781199 0.845008
0.781403 0.845198
0.781607 0.845246
0.781811 0.845388
0.782015 0.84549
0.782219 0.84558
0.782423 0.845728
0.782626 0.845754
0.78283 0.8458
0.783034 0.845868
0.783238 0.84595
0.783442 0.846038
0.783646 0.84609
0.78385 0.84626
0.784054 0.846356
0.784258 0.846422
0.784462 0.846492
0.784666 0.846642
0.784869 0.846712
0.785073 0.846802
0.785277 0.846846
0.785481 0.846926
0.785685 0.846982
0.785889 0.847106
0.786093 0.847154
0.786297 0.8472
0.786501 0.84733
0.786705 0.847434
0.786909 0.847484
0.787113 0.847576
0.787316 0.847628
0.78752 0.847672
0.787724 0.84777
0.787928 0.84786
0.788132 0.84808
0.788336 0.848142
0.78854 0.84826
0.788744 0.848376
0.788948 0.848466
0.789152 0.84856
0.789356 0.84862
0.78956 0.848702
0.789763 0.84879
0.789967 0.848956
0.790171 0.849036
0.790375 0.849126
0.790579 0.849206
0.790783 0.849238
0.790987 0.849414
0.791191 0.849968
0.791395 0.851102
0.791599 0.852146
0.791803 0.853208
0.792007 0.854272
0.79221 0.854624
0.792414 0.854722
0.792618 0.854822
0.792822 0.854888
0.793026 0.854966
0.79323 0.855012
0.793434 0.8551
0.793638 0.855186
0.793842 0.855286
0.794046 0.855396
0.79425 0.85557
0.794454 0.855654
0.794657 0.855788
0.794861 0.855866
0.795065 0.856052
0.795269 0.85611
0.795473 0.856266
0.795677 0.85631
0.795881 0.856378
0.796085 0.85652
0.796289 0.856566
0.796493 0.856622
0.796697 0.856678
0.7969 0.85675
0.797104 0.85685
0.797308 0.856922
0.797512 0.856976
0.797716 0.857106
0.79792 0.857328
0.798124 0.857414
0.798328 0.857504
0.798532 0.857568
0.798736 0.85768
0.79894 0.857714
0.799144 0.857784
0.799347 0.85785
0.799551 0.857954
0.799755 0.858008
0.799959 0.858218
0.800163 0.858368
0.800367 0.858458
0.800571 0.858558
0.800775 0.85865
0.800979 0.858758
0.801183 0.85885
0.801387 0.85896
0.801591 0.859016
0.801794 0.8591
0.801998 0.859194
0.802202 0.859304
0.802406 0.85938
0.80261 0.859452
0.802814 0.860028
0.803018 0.860656
0.803222 0.861558
0.803426 0.862514
0.80363 0.863728
0.803834 0.864556
0.804038 0.864676
0.804241 0.86474
0.804445 0.864806
0.804649 0.864886
0.804853 0.864974
0.805057 0.865036
0.805261 0.86508
0.805465 0.865124
0.805669 0.86528
0.805873 0.865338
0.806077 0.86536
0.806281 0.86543
0.806485 0.865506
0.806688 0.865674
0.806892 0.865744
0.807096 0.865816
0.8073 0.865882
0.807504 0.865982
0.807708 0.866054
0.807912 0.866208
0.808116 0.866276
0.80832 0.866376
0.808524 0.86651
0.808728 0.866558
0.808931 0.866672
0.809135 0.866752
0.809339 0.86682
0.809543 0.866918
0.809747 0.866984
0.809951 0.867048
0.810155 0.867176
0.810359 0.867282
0.810563 0.867368
0.810767 0.867494
0.810971 0.867552
0.811175 0.867616
0.811378 0.867718
0.811582 0.867804
0.811786 0.867848
0.81199 0.867996
0.812194 0.868142
0.812398 0.86826
0.812602 0.868358
0.812806 0.868476
0.81301 0.868592
0.813214 0.86865
0.813418 0.868754
0.813622 0.868838
0.813825 0.86893
0.814029 0.868998
0.814233 0.869104
0.814437 0.869226
0.814641 0.869304
0.814845 0.86938
0.815049 0.869802
0.815253 0.870874
0.815457 0.8717
0.815661 0.872372
0.815865 0.873412
0.816069 0.874052
0.816272 0.87447
0.816476 0.874544
0.81668 0.87462
0.816884 0.874714
0.817088 0.874772
0.817292 0.874824
0.817496 0.875004
0.8177 0.875074
0.817904 0.875146
0.818108 0.875204
0.818312 0.875266
0.818515 0.875348
0.818719 0.875432
0.818923 0.87554
0.819127 0.87562
0.819331 0.875698
0.819535 0.875778
0.819739 0.875836
0.819943 0.875894
0.820147 0.875944
0.820351 0.876024
0.820555 0.87606
0.820759 0.87609
0.820962 0.876148
0.821166 0.876228
0.82137 0.876358
0.821574 0.876408
0.821778 0.876462
0.821982 0.87657
0.822186 0.87662
0.82239 0.8767
0.822594 0.876784
0.822798 0.876834
0.823002 0.876918
0.823206 0.877042
0.823409 0.877126
0.823613 0.8772
0.823817 0.877292
0.824021 0.877388
0.824225 0.877534
0.824429 0.87766
0.824633 0.877712
0.824837 0.877788
0.825041 0.877878
0.825245 0.877968
0.825449 0.878028
0.825653 0.878168
0.825856 0.87825
0.82606 0.878308
0.826264 0.878404
0.826468 0.878504
0.826672 0.87858
0.826876 0.878674
0.82708 0.878826
0.827284 0.878912
0.827488 0.87899
0.827692 0.879086
0.827896 0.879138
0.8281 0.879202
0.828303 0.879262
0.828507 0.879924
0.828711 0.880888
0.828915 0.881526
0.829119 0.882312
0.829323 0.883128
0.829527 0.884212
0.829731 0.884276
0.829935 0.88436
0.830139 0.88454
0.830343 0.88462
0.830546 0.884676
0.83075 0.88477
0.830954 0.884812
0.831158 0.88487
0.831362 0.884976
0.831566 0.885056
0.83177 0.8851
0.831974 0.885194
0.832178 0.885236
0.832382 0.885322
0.832586 0.885416
0.83279 0.885462
0.832993 0.88555
0.833197 0.885604
0.833401 0.88572
0.833605 0.88578
0.833809 0.885848
0.834013 0.88589
0.834217 0.885958
0.834421 0.886056
0.834625 0.88614
0.834829 0.886202
0.835033 0.886304
0.835237 0.886362
0.83544 0.88641
0.835644 0.886472
0.835848 0.886538
0.836052 0.88664
0.836256 0.886704
0.83646 0.886742
0.836664 0.8868
0.836868 0.886842
0.837072 0.88694
0.837276 0.887084
0.83748 0.887146
0.837684 0.887228
0.837887 0.88729
0.838091 0.887334
0.838295 0.88744
0.838499 0.887534
0.838703 0.8876
0.838907 0.88766
0.839111 0.88776
0.839315 0.887866
0.839519 0.887932
0.839723 0.888022
0.839927 0.888108
0.840131 0.8882
0.840334 0.88828
0.840538 0.888354
0.840742 0.888474
0.840946 0.888522
0.84115 0.888638
0.841354 0.88873
0.841558 0.888796
0.841762 0.888922
0.841966 0.88948
0.84217 0.89014
0.842374 0.891102
0.842577 0.891948
0.842781 0.892982
0.842985 0.893716
0.843189 0.893898
0.843393 0.894006
0.843597 0.894044
0.843801 0.894094
0.844005 0.89415
0.844209 0.894198
0.844413 0.894288
0.844617 0.894334
0.844821 0.894394
0.845024 0.894476
0.845228 0.894518
0.845432 0.894616
0.845636 0.894718
0.84584 0.894792
0.846044 0.894864
0.846248 0.894958
0.846452 0.895108
0.846656 0.8952
0.84686 0.895256
0.847064 0.89532
0.847268 0.895374
0.847471 0.89548
0.847675 0.895624
0.847879 0.89569
0.848083 0.895798
0.848287 0.895876
0.848491 0.89601
0.848695 0.896094
0.848899 0.896142
0.849103 0.896174
0.849307 0.896284
0.849511 0.896334
0.849715 0.896416
0.849918 0.896464
0.850122 0.896534
0.850326 0.896604
0.85053 0.896664
0.850734 0.896848
0.850938 0.896954
0.851142 0.89708
0.851346 0.897126
0.85155 0.897212
0.851754 0.897256
0.851958 0.897388
0.852162 0.897448
0.852365 0.897506
0.852569 0.89759
0.852773 0.89768
0.852977 0.897722
0.853181 0.897754
0.853385 0.897846
0.853589 0.8979
0.853793 0.897972
0.853997 0.898044
0.854201 0.898116
0.854405 0.89818
0.854608 0.898324
0.854812 0.898394
0.855016 0.898442
0.85522 0.898496
0.855424 0.898566
0.855628 0.899462
0.855832 0.900192
0.856036 0.901046
0.85624 0.902
0.856444 0.90296
0.856648 0.903366
0.856852 0.90344
0.857055 0.903532
0.857259 0.903592
0.857463 0.90366
0.857667 0.903734
0.857871 0.903802
0.858075 0.90389
0.858279 0.903958
0.858483 0.904014
0.858687 0.904086
0.858891 0.904152
0.859095 0.904248
0.859299 0.904304
0.859502 0.904346
0.859706 0.904398
0.85991 0.904488
0.860114 0.904536
0.860318 0.904602
0.860522 0.904648
0.860726 0.904766
0.86093 0.904802
0.861134 0.904872
0.861338 0.90492
0.861542 0.905026
0.861746 0.905144
0.861949 0.905276
0.862153 0.905324
0.862357 0.905406
0.862561 0.90545
0.862765 0.905536
0.862969 0.905586
0.863173 0.905638
0.863377 0.905748
0.863581 0.905828
0.863785 0.905888
0.863989 0.90596
0.864192 0.906066
0.864396 0.906144
0.8646 0.906236
0.864804 0.906286
0.865008 0.906354
0.865212 0.906478
0.865416 0.906532
0.86562 0.906594
0.865824 0.906686
0.866028 0.90674
0.866232 0.90678
0.866436 0.906842
0.866639 0.907002
0.866843 0.907066
0.867047 0.90718
0.867251 0.907296
0.867455 0.907378
0.867659 0.907428
0.867863 0.907508
0.868067 0.90755
0.868271 0.90765
0.868475 0.90773
0.868679 0.907798
0.868883 0.907868
0.869086 0.907914
0.86929 0.907972
0.869494 0.908018
0.869698 0.908056
0.869902 0.908522
0.870106 0.90979
0.87031 0.910372
0.870514 0.911504
0.870718 0.91252
0.870922 0.912872
0.871126 0.912958
0.87133 0.913002
0.871533 0.913048
0.871737 0.91312
0.871941 0.913178
0.872145 0.913208
0.872349 0.913268
0.872553 0.913338
0.872757 0.913376
0.872961 0.913466
0.873165 0.913514
0.873369 0.91361
0.873573 0.913694
0.873777 0.913736
0.87398 0.913782
0.874184 0.913842
0.874388 0.913894
0.874592 0.913994
0.874796 0.914062
0.875 0.91413
0.875204 0.91422
0.875408 0.914262
0.875612 0.914284
0.875816 0.914414
0.87602 0.914494
0.876223 0.914538
0.876427 0.9147
0.876631 0.91475
0.876835 0.914822
0.877039 0.914916
0.877243 0.91501
0.877447 0.915104
0.877651 0.915144
0.877855 0.91521
0.878059 0.915294
0.878263 0.915334
0.878467 0.91545
0.87867 0.915558
0.878874 0.915638
0.879078 0.91572
0.879282 0.91576
0.879486 0.915812
0.87969 0.915894
0.879894 0.915934
0.880098 0.916
0.880302 0.91604
0.880506 0.91607
0.88071 0.916126
0.880914 0.916176
0.881117 0.916242
0.881321 0.91631
0.881525 0.916432
0.881729 0.91658
0.881933 0.916666
0.882137 0.916788
0.882341 0.91683
0.882545 0.916882
0.882749 0.916938
0.882953 0.917064
0.883157 0.91713
0.883361 0.917218
0.883564 0.917274
0.883768 0.917362
0.883972 0.91745
0.884176 0.918044
0.88438 0.918802
0.884584 0.919398
0.884788 0.920008
0.884992 0.920926
0.885196 0.921602
0.8854 0.922192
0.885604 0.922262
0.885808 0.92232
0.886011 0.92242
0.886215 0.922508
0.886419 0.922574
0.886623 0.922644
0.886827 0.922798
0.887031 0.922824
0.887235 0.922866
0.887439 0.92293
0.887643 0.92299
0.887847 0.923066
0.888051 0.923168
0.888254 0.923236
0.888458 0.923296
0.888662 0.923344
0.888866 0.923422
0.88907 0.923506
0.889274 0.923554
0.889478 0.923618
0.889682 0.92366
0.889886 0.923716
0.89009 0.923746
0.890294 0.923838
0.890498 0.923864
0.890701 0.923906
0.890905 0.924032
0.891109 0.924108
0.891313 0.924214
0.891517 0.924316
0.891721 0.924406
0.891925 0.92452
0.892129 0.924584
0.892333 0.924744
0.892537 0.924804
0.892741 0.924868
0.892945 0.924904
0.893148 0.924954
0.893352 0.925014
0.893556 0.925104
0.89376 0.92523
0.893964 0.925292
0.894168 0.925346
0.894372 0.925392
0.894576 0.92545
0.89478 0.925556
0.894984 0.925614
0.895188 0.92565
0.895392 0.92573
0.895595 0.925768
0.895799 0.925838
0.896003 0.925908
0.896207 0.92596
0.896411 0.926046
0.896615 0.926086
0.896819 0.926212
0.897023 0.926296
0.897227 0.92635
0.897431 0.92643
0.897635 0.9265
0.897838 0.926596
0.898042 0.92667
0.898246 0.92674
0.89845 0.927382
0.898654 0.92796
0.898858 0.9287
0.899062 0.92968
0.899266 0.930814
0.89947 0.931446
0.899674 0.931484
0.899878 0.931532
0.900082 0.93158
0.900285 0.931646
0.900489 0.931688
0.900693 0.931718
0.900897 0.931746
0.901101 0.931838
0.901305 0.931874
0.901509 0.931924
0.901713 0.932042
0.901917 0.932094
0.902121 0.932128
0.902325 0.932208
0.902529 0.932282
0.902732 0.932362
0.902936 0.93244
0.90314 0.932492
0.903344 0.932556
0.903548 0.932608
0.903752 0.932654
0.903956 0.932736
0.90416 0.932782
0.904364 0.932956
0.904568 0.933014
0.904772 0.93311
0.904976 0.933194
0.905179 0.93328
0.905383 0.933342
0.905587 0.933406
0.905791 0.933492
0.905995 0.933546
0.906199 0.93366
0.906403 0.93374
0.906607 0.933808
0.906811 0.933866
0.907015 0.933906
0.907219 0.933966
0.907423 0.933998
0.907626 0.934118
0.90783 0.934202
0.908034 0.934294
0.908238 0.93435
0.908442 0.934452
0.908646 0.93449
0.90885 0.93458
0.909054 0.934652
0.909258 0.9347
0.909462 0.934778
0.909666 0.934928
0.909869 0.934984
0.910073 0.935056
0.910277 0.93514
0.910481 0.935202
0.910685 0.935268
0.910889 0.935318
0.911093 0.935362
0.911297 0.935484
0.911501 0.935548
0.911705 0.93567
0.911909 0.935726
0.912113 0.935804
0.912316 0.935868
0.91252 0.93597
0.912724 0.936062
0.912928 0.936942
0.913132 0.937746
0.913336 0.938492
0.91354 0.939118
0.913744 0.939718
0.913948 0.940684
0.914152 0.94073
0.914356 0.940784
0.91456 0.940816
0.914763 0.94089
0.914967 0.941
0.915171 0.94114
0.915375 0.941196
0.915579 0.941224
0.915783 0.941262
0.915987 0.941294
0.916191 0.941348
0.916395 0.941398
0.916599 0.94146
0.916803 0.94158
0.917007 0.941606
0.91721 0.941718
0.917414 0.941808
0.917618 0.941916
0.917822 0.942004
0.918026 0.94206
0.91823 0.94213
0.918434 0.942184
0.918638 0.94227
0.918842 0.942346
0.919046 0.94239
0.91925 0.942432
0.919454 0.94247
0.919657 0.942498
0.919861 0.942582
0.920065 0.942664
0.920269 0.94273
0.920473 0.94276
0.920677 0.942806
0.920881 0.942874
0.921085 0.943006
0.921289 0.943172
0.921493 0.943244
0.921697 0.94329
0.9219 0.943342
0.922104 0.94339
0.922308 0.943432
0.922512 0.943468
0.922716 0.943542
0.92292 0.943592
0.923124 0.943666
0.923328 0.943766
0.923532 0.943846
0.923736 0.943902
0.92394 0.94395
0.924144 0.944002
0.924347 0.944052
0.924551 0.944116
0.924755 0.944182
0.924959 0.944256
0.925163 0.944378
0.925367 0.944462
0.925571 0.944598
0.925775 0.944628
0.925979 0.944682
0.926183 0.944722
0.926387 0.944778
0.926591 0.944822
0.926794 0.944892
0.926998 0.944942
0.927202 0.945062
0.927406 0.945128
0.92761 0.945548
0.927814 0.94622
0.928018 0.947286
0.928222 0.948046
0.928426 0.94894
0.92863 0.949726
0.928834 0.949764
0.929038 0.949818
0.929241 0.949878
0.929445 0.949948
0.929649 0.950046
0.929853 0.950104
0.930057 0.950162
0.930261 0.95026
0.930465 0.950348
0.930669 0.950406
0.930873 0.95046
0.931077 0.950524
0.931281 0.950596
0.931485 0.950634
0.931688 0.950664
0.931892 0.950762
0.932096 0.950814
0.9323 0.950866
0.932504 0.95089
0.932708 0.950966
0.932912 0.95103
0.933116 0.951096
0.93332 0.95114
0.933524 0.95122
0.933728 0.951294
0.933931 0.95137
0.934135 0.951464
0.934339 0.951548
0.934543 0.951626
0.934747 0.951692
0.934951 0.951762
0.935155 0.951802
0.935359 0.951866
0.935563 0.952
0.935767 0.952038
0.935971 0.952094
0.936175 0.952204
0.936378 0.952344
0.936582 0.95238
0.936786 0.952512
0.93699 0.952546
0.937194 0.95263
0.937398 0.952684
0.937602 0.952788
0.937806 0.952866
0.93801 0.952942
0.938214 0.95302
0.938418 0.953088
0.938622 0.953184
0.938825 0.953234
0.939029 0.95332
0.939233 0.95339
0.939437 0.953438
0.939641 0.953476
0.939845 0.953534
0.940049 0.95362
0.940253 0.953716
0.940457 0.953796
0.940661 0.953912
0.940865 0.953958
0.941069 0.95401
0.941272 0.954102
0.941476 0.954212
0.94168 0.954908
0.941884 0.955762
0.942088 0.956592
0.942292 0.957422
0.942496 0.958376
0.9427 0.958756
0.942904 0.958798
0.943108 0.958832
0.943312 0.958918
0.943515 0.95897
0.943719 0.95909
0.943923 0.959154
0.944127 0.95923
0.944331 0.959312
0.944535 0.959362
0.944739 0.959436
0.944943 0.959506
0.945147 0.959554
0.945351 0.959636
0.945555 0.959686
0.945759 0.959728
0.945962 0.959784
0.946166 0.959836
0.94637 0.959958
0.946574 0.960014
0.946778 0.960088
0.946982 0.960178
0.947186 0.96022
0.94739 0.96027
0.947594 0.960292
0.947798 0.960314
0.948002 0.96036
0.948206 0.96047
0.948409 0.960542
0.948613 0.960684
0.948817 0.960828
0.949021 0.960868
0.949225 0.96094
0.949429 0.960996
0.949633 0.96107
0.949837 0.961132
0.950041 0.961274
0.950245 0.96135
0.950449 0.961436
0.950653 0.961472
0.950856 0.961524
0.95106 0.96161
0.951264 0.961686
0.951468 0.9618
0.951672 0.961944
0.951876 0.962022
0.95208 0.962074
0.952284 0.962112
0.952488 0.962174
0.952692 0.96223
0.952896 0.962322
0.9531 0.962396
0.953303 0.962482
0.953507 0.962594
0.953711 0.962744
0.953915 0.962762
0.954119 0.962856
0.954323 0.962896
0.954527 0.962976
0.954731 0.963078
0.954935 0.963218
0.955139 0.963958
0.955343 0.964986
0.955546 0.965852
0.95575 0.966462
0.955954 0.967484
0.956158 0.967674
0.956362 0.967732
0.956566 0.967774
0.95677 0.96785
0.956974 0.967924
0.957178 0.968012
0.957382 0.968098
0.957586 0.968138
0.95779 0.96824
0.957993 0.968274
0.958197 0.968356
0.958401 0.96844
0.958605 0.96853
0.958809 0.968608
0.959013 0.968628
0.959217 0.968692
0.959421 0.968764
0.959625 0.968824
0.959829 0.968916
0.960033 0.968978
0.960237 0.969076
0.96044 0.969146
0.960644 0.969218
0.960848 0.969308
0.961052 0.969372
0.961256 0.969428
0.96146 0.969458
0.961664 0.969516
0.961868 0.969612
0.962072 0.969688
0.962276 0.969778
0.96248 0.96985
0.962684 0.969932
0.962887 0.969984
0.963091 0.970022
0.963295 0.970082
0.963499 0.970162
0.963703 0.970228
0.963907 0.970308
0.964111 0.9704
0.964315 0.970424
0.964519 0.970476
0.964723 0.97054
0.964927 0.970642
0.965131 0.970756
0.965334 0.970828
0.965538 0.970982
0.965742 0.971088
0.965946 0.971156
0.96615 0.971248
0.966354 0.97136
0.966558 0.971462
0.966762 0.97152
0.966966 0.971582
0.96717 0.97164
0.967374 0.971776
0.967577 0.971816
0.967781 0.971892
0.967985 0.972016
0.968189 0.972716
0.968393 0.973756
0.968597 0.974534
0.968801 0.975618
0.969005 0.976404
0.969209 0.976494
0.969413 0.976548
0.969617 0.976616
0.969821 0.976678
0.970024 0.976714
0.970228 0.976828
0.970432 0.976894
0.970636 0.976944
0.97084 0.977052
0.971044 0.977088
0.971248 0.977132
0.971452 0.977192
0.971656 0.97725
0.97186 0.97733
0.972064 0.977408
0.972268 0.977516
0.972471 0.977626
0.972675 0.977654
0.972879 0.977696
0.973083 0.977786
0.973287 0.977826
0.973491 0.977894
0.973695 0.978022
0.973899 0.97808
0.974103 0.978134
0.974307 0.97818
0.974511 0.978238
0.974715 0.978346
0.974918 0.978368
0.975122 0.978392
0.975326 0.978456
0.97553 0.978518
0.975734 0.978622
0.975938 0.978704
0.976142 0.978784
0.976346 0.978858
0.97655 0.978912
0.976754 0.97901
0.976958 0.979094
0.977162 0.979156
0.977365 0.97924
0.977569 0.979344
0.977773 0.979404
0.977977 0.979498
0.978181 0.979646
0.978385 0.979742
0.978589 0.979812
0.978793 0.979912
0.978997 0.979984
0.979201 0.980054
0.979405 0.98013
0.979608 0.980266
0.979812 0.980306
0.980016 0.980434
0.98022 0.980542
0.980424 0.9806
0.980628 0.980674
0.980832 0.980772
0.981036 0.981378
0.98124 0.982338
0.981444 0.983412
0.981648 0.984448
0.981852 0.985218
0.982055 0.985312
0.982259 0.985354
0.982463 0.985472
0.982667 0.985528
0.982871 0.985576
0.983075 0.98565
0.983279 0.98574
0.983483 0.985874
0.983687 0.985952
0.983891 0.986084
0.984095 0.986172
0.984299 0.98631
0.984502 0.986362
0.984706 0.986476
0.98491 0.986532
0.985114 0.986572
0.985318 0.986712
0.985522 0.986826
0.985726 0.986884
0.98593 0.986952
0.986134 0.98703
0.986338 0.98718
0.986542 0.987252
0.986746 0.987312
0.986949 0.987396
0.987153 0.987468
0.987357 0.987564
0.987561 0.98772
0.987765 0.987796
0.987969 0.987904
0.988173 0.987994
0.988377 0.988114
0.988581 0.988182
0.988785 0.988276
0.988989 0.988376
0.989192 0.988486
0.989396 0.988606
0.9896 0.988794
0.989804 0.988906
0.990008 0.98899
0.990212 0.989084
0.990416 0.989174
0.99062 0.989284
0.990824 0.989516
0.991028 0.98964
0.991232 0.99049
0.991436 0.992018
0.991639 0.99284
0.991843 0.99372
0.992047 0.993938
0.992251 0.994012
0.992455 0.994034
0.992659 0.994082
0.992863 0.994146
0.993067 0.994206
0.993271 0.99426
0.993475 0.9943
0.993679 0.99436
0.993883 0.994416
0.994086 0.99445
0.99429 0.994494
0.994494 0.99462
0.994698 0.994694
0.994902 0.994784
0.995106 0.994848
0.99531 0.994914
0.995514 0.994974
0.995718 0.995096
0.995922 0.995194
0.996126 0.995288
0.99633 0.995348
0.996533 0.995454
0.996737 0.995594
0.996941 0.995706
0.997145 0.995808
0.997349 0.995984
0.997553 0.996046
0.997757 0.99632
0.997961 0.996504
0.998165 0.99674
0.998369 0.996878
0.998573 0.997128
0.998777 0.99742
0.99898 0.997744
0.999184 0.998744
0.999388 0.999744
0.999592 0.99999
0.999796 1
