0 2.25e-06
0.000234759 2.25e-06
0.000469517 2.25e-06
0.000704276 2.5e-06
0.000939035 2.75e-06
0.00117379 2.75e-06
0.00140855 3e-06
0.00164331 3e-06
0.00187807 3.25e-06
0.00211283 3.25e-06
0.00234759 3.25e-06
0.00258235 3.25e-06
0.0028171 3.25e-06
0.00305186 3.25e-06
0.00328662 3.25e-06
0.00352138 3.25e-06
0.00375614 3.25e-06
0.0039909 3.25e-06
0.00422566 3.25e-06
0.00446041 3.25e-06
0.00469517 3.5e-06
0.00492993 3.75e-06
0.00516469 4e-06
0.00539945 4.25e-06
0.00563421 4.25e-06
0.00586897 4.75e-06
0.00610373 4.75e-06
0.00633848 4.75e-06
0.00657324 5e-06
0.006808 5e-06
0.00704276 5.25e-06
0.00727752 5.25e-06
0.00751228 5.25e-06
0.00774704 5.25e-06
0.0079818 5.25e-06
0.00821655 5.25e-06
0.00845131 5.5e-06
0.00868607 5.5e-06
0.00892083 5.5e-06
0.00915559 5.5e-06
0.00939035 5.5e-06
0.00962511 5.5e-06
0.00985986 5.5e-06
0.0100946 5.5e-06
0.0103294 5.75e-06
0.0105641 5.75e-06
0.0107989 6e-06
0.0110337 6e-06
0.0112684 6.25e-06
0.0115032 6.25e-06
0.0117379 6.5e-06
0.0119727 6.5e-06
0.0122075 6.5e-06
0.0124422 6.5e-06
0.012677 6.5e-06
0.0129117 6.75e-06
0.0131465 6.75e-06
0.0133812 6.75e-06
0.013616 7e-06
0.0138508 7e-06
0.0140855 7e-06
0.0143203 7e-06
0.014555 7.25e-06
0.0147898 7.25e-06
0.0150246 7.25e-06
0.0152593 7.25e-06
0.0154941 7.5e-06
0.0157288 8e-06
0.0159636 8e-06
0.0161983 8e-06
0.0164331 8e-06
0.0166679 8e-06
0.0169026 8e-06
0.0171374 8.25e-06
0.0173721 9e-06
0.0176069 9.25e-06
0.0178417 9.5e-06
0.0180764 9.5e-06
0.0183112 9.5e-06
0.0185459 9.5e-06
0.0187807 9.5e-06
0.0190155 9.75e-06
0.0192502 9.75e-06
0.019485 9.75e-06
0.0197197 9.75e-06
0.0199545 1e-05
0.0201892 1e-05
0.020424 1e-05
0.0206588 1e-05
0.0208935 1e-05
0.0211283 1e-05
0.021363 1e-05
0.0215978 1e-05
0.0218326 1e-05
0.0220673 1e-05
0.0223021 1.05e-05
0.0225368 1.05e-05
0.0227716 1.05e-05
0.0230064 1.05e-05
0.0232411 1.05e-05
0.0234759 1.05e-05
0.0237106 1.05e-05
0.0239454 1.05e-05
0.0241801 1.05e-05
0.0244149 1.05e-05
0.0246497 1.05e-05
0.0248844 1.05e-05
0.0251192 1.05e-05
0.0253539 1.05e-05
0.0255887 1.075e-05
0.0258235 1.075e-05
0.0260582 1.075e-05
0.026293 1.075e-05
0.0265277 1.075e-05
0.0267625 1.075e-05
0.0269972 1.1e-05
0.027232 1.1e-05
0.0274668 1.1e-05
0.0277015 1.1e-05
0.0279363 1.1e-05
0.028171 1.125e-05
0.0284058 1.125e-05
0.0286406 1.15e-05
0.0288753 1.175e-05
0.0291101 1.175e-05
0.0293448 1.175e-05
0.0295796 1.175e-05
0.0298144 1.175e-05
0.0300491 1.175e-05
0.0302839 1.175e-05
0.0305186 1.2e-05
0.0307534 1.2e-05
0.0309881 1.25e-05
0.0312229 1.25e-05
0.0314577 1.25e-05
0.0316924 1.275e-05
0.0319272 1.275e-05
0.0321619 1.275e-05
0.0323967 1.275e-05
0.0326315 1.275e-05
0.0328662 1.275e-05
0.033101 1.275e-05
0.0333357 1.3e-05
0.0335705 1.3e-05
0.0338053 1.3e-05
0.03404 1.3e-05
0.0342748 1.3e-05
0.0345095 1.3e-05
0.0347443 1.3e-05
0.034979 1.35e-05
0.0352138 1.375e-05
0.0354486 1.375e-05
0.0356833 1.45e-05
0.0359181 1.6e-05
0.0361528 1.6e-05
0.0363876 1.6e-05
0.0366224 1.6e-05
0.0368571 1.6e-05
0.0370919 1.6e-05
0.0373266 1.6e-05
0.0375614 1.625e-05
0.0377961 1.625e-05
0.0380309 1.675e-05
0.0382657 1.725e-05
0.0385004 1.725e-05
0.0387352 1.725e-05
0.0389699 1.725e-05
0.0392047 1.725e-05
0.0394395 1.725e-05
0.0396742 1.725e-05
0.039909 1.75e-05
0.0401437 1.75e-05
0.0403785 1.75e-05
0.0406133 1.75e-05
0.040848 1.75e-05
0.0410828 1.75e-05
0.0413175 1.75e-05
0.0415523 1.75e-05
0.041787 1.75e-05
0.0420218 1.775e-05
0.0422566 1.8e-05
0.0424913 1.825e-05
0.0427261 1.825e-05
0.0429608 1.825e-05
0.0431956 1.825e-05
0.0434304 1.825e-05
0.0436651 1.825e-05
0.0438999 1.825e-05
0.0441346 1.825e-05
0.0443694 1.825e-05
0.0446041 1.825e-05
0.0448389 1.85e-05
0.0450737 1.925e-05
0.0453084 1.925e-05
0.0455432 1.925e-05
0.0457779 1.95e-05
0.0460127 1.95e-05
0.0462475 1.95e-05
0.0464822 2e-05
0.046717 2e-05
0.0469517 2.025e-05
0.0471865 2.025e-05
0.0474213 2.05e-05
0.047656 2.05e-05
0.0478908 2.05e-05
0.0481255 2.075e-05
0.0483603 2.075e-05
0.048595 2.075e-05
0.0488298 2.075e-05
0.0490646 2.1e-05
0.0492993 2.1e-05
0.0495341 2.1e-05
0.0497688 2.1e-05
0.0500036 2.1e-05
0.0502384 2.1e-05
0.0504731 2.1e-05
0.0507079 2.1e-05
0.0509426 2.1e-05
0.0511774 2.1e-05
0.0514122 2.125e-05
0.0516469 2.125e-05
0.0518817 2.125e-05
0.0521164 2.125e-05
0.0523512 2.125e-05
0.0525859 2.125e-05
0.0528207 2.125e-05
0.0530555 2.15e-05
0.0532902 2.15e-05
0.053525 2.175e-05
0.0537597 2.175e-05
0.0539945 2.175e-05
0.0542293 2.175e-05
0.054464 2.175e-05
0.0546988 2.175e-05
0.0549335 2.175e-05
0.0551683 2.175e-05
0.055403 2.175e-05
0.0556378 2.175e-05
0.0558726 2.2e-05
0.0561073 2.2e-05
0.0563421 2.225e-05
0.0565768 2.225e-05
0.0568116 2.25e-05
0.0570464 2.25e-05
0.0572811 2.25e-05
0.0575159 2.275e-05
0.0577506 2.275e-05
0.0579854 2.275e-05
0.0582202 2.275e-05
0.0584549 2.3e-05
0.0586897 2.3e-05
0.0589244 2.3e-05
0.0591592 2.325e-05
0.0593939 2.35e-05
0.0596287 2.35e-05
0.0598635 2.35e-05
0.0600982 2.35e-05
0.060333 2.375e-05
0.0605677 2.375e-05
0.0608025 2.375e-05
0.0610373 2.375e-05
0.061272 2.425e-05
0.0615068 2.425e-05
0.0617415 2.425e-05
0.0619763 2.425e-05
0.0622111 2.425e-05
0.0624458 2.45e-05
0.0626806 2.475e-05
0.0629153 2.475e-05
0.0631501 2.5e-05
0.0633848 2.5e-05
0.0636196 2.5e-05
0.0638544 2.5e-05
0.0640891 2.525e-05
0.0643239 2.525e-05
0.0645586 2.525e-05
0.0647934 2.55e-05
0.0650282 2.55e-05
0.0652629 2.55e-05
0.0654977 2.55e-05
0.0657324 2.6e-05
0.0659672 2.625e-05
0.0662019 2.625e-05
0.0664367 2.625e-05
0.0666715 2.625e-05
0.0669062 2.625e-05
0.067141 2.625e-05
0.0673757 2.625e-05
0.0676105 2.625e-05
0.0678453 2.625e-05
0.06808 2.625e-05
0.0683148 2.625e-05
0.0685495 2.625e-05
0.0687843 2.65e-05
0.0690191 2.65e-05
0.0692538 2.675e-05
0.0694886 2.725e-05
0.0697233 2.75e-05
0.0699581 2.775e-05
0.0701928 2.9e-05
0.0704276 2.925e-05
0.0706624 2.925e-05
0.0708971 2.925e-05
0.0711319 2.925e-05
0.0713666 2.95e-05
0.0716014 2.975e-05
0.0718362 2.975e-05
0.0720709 3.025e-05
0.0723057 3.025e-05
0.0725404 3.025e-05
0.0727752 3.025e-05
0.07301 3.025e-05
0.0732447 3.025e-05
0.0734795 3.05e-05
0.0737142 3.05e-05
0.073949 3.05e-05
0.0741837 3.05e-05
0.0744185 3.05e-05
0.0746533 3.05e-05
0.074888 3.05e-05
0.0751228 3.05e-05
0.0753575 3.05e-05
0.0755923 3.05e-05
0.0758271 3.05e-05
0.0760618 3.05e-05
0.0762966 3.05e-05
0.0765313 3.05e-05
0.0767661 3.05e-05
0.0770008 3.1e-05
0.0772356 3.1e-05
0.0774704 3.1e-05
0.0777051 3.1e-05
0.0779399 3.1e-05
0.0781746 3.1e-05
0.0784094 3.1e-05
0.0786442 3.1e-05
0.0788789 3.1e-05
0.0791137 3.1e-05
0.0793484 3.1e-05
0.0795832 3.125e-05
0.079818 3.15e-05
0.0800527 3.2e-05
0.0802875 3.225e-05
0.0805222 3.225e-05
0.080757 3.225e-05
0.0809917 3.225e-05
0.0812265 3.275e-05
0.0814613 3.275e-05
0.081696 3.275e-05
0.0819308 3.325e-05
0.0821655 3.325e-05
0.0824003 3.325e-05
0.0826351 3.325e-05
0.0828698 3.35e-05
0.0831046 3.35e-05
0.0833393 3.35e-05
0.0835741 3.35e-05
0.0838089 3.35e-05
0.0840436 3.35e-05
0.0842784 3.375e-05
0.0845131 3.375e-05
0.0847479 3.375e-05
0.0849826 3.375e-05
0.0852174 3.425e-05
0.0854522 3.45e-05
0.0856869 3.45e-05
0.0859217 3.45e-05
0.0861564 3.45e-05
0.0863912 3.475e-05
0.086626 3.475e-05
0.0868607 3.5e-05
0.0870955 3.5e-05
0.0873302 3.5e-05
0.087565 3.525e-05
0.0877997 3.525e-05
0.0880345 3.55e-05
0.0882693 3.575e-05
0.088504 3.575e-05
0.0887388 3.575e-05
0.0889735 3.625e-05
0.0892083 3.65e-05
0.0894431 3.65e-05
0.0896778 3.675e-05
0.0899126 3.675e-05
0.0901473 3.725e-05
0.0903821 3.725e-05
0.0906169 3.725e-05
0.0908516 3.725e-05
0.0910864 3.725e-05
0.0913211 3.75e-05
0.0915559 3.75e-05
0.0917906 3.775e-05
0.0920254 3.775e-05
0.0922602 3.825e-05
0.0924949 3.85e-05
0.0927297 3.85e-05
0.0929644 3.85e-05
0.0931992 3.85e-05
0.093434 3.875e-05
0.0936687 4e-05
0.0939035 4e-05
0.0941382 4e-05
0.094373 4e-05
0.0946077 4.025e-05
0.0948425 4.075e-05
0.0950773 4.075e-05
0.095312 4.075e-05
0.0955468 4.075e-05
0.0957815 4.075e-05
0.0960163 4.075e-05
0.0962511 4.1e-05
0.0964858 4.1e-05
0.0967206 4.1e-05
0.0969553 4.125e-05
0.0971901 4.125e-05
0.0974249 4.125e-05
0.0976596 4.125e-05
0.0978944 4.15e-05
0.0981291 4.175e-05
0.0983639 4.225e-05
0.0985986 4.225e-05
0.0988334 4.225e-05
0.0990682 4.225e-05
0.0993029 4.225e-05
0.0995377 4.225e-05
0.0997724 4.225e-05
0.100007 4.3e-05
0.100242 4.3e-05
0.100477 4.3e-05
0.100711 4.3e-05
0.100946 4.325e-05
0.101181 4.325e-05
0.101416 4.325e-05
0.101651 4.375e-05
0.101885 4.375e-05
0.10212 4.375e-05
0.102355 4.375e-05
0.10259 4.375e-05
0.102824 4.375e-05
0.103059 4.375e-05
0.103294 4.375e-05
0.103529 4.4e-05
0.103763 4.4e-05
0.103998 4.4e-05
0.104233 4.4e-05
0.104468 4.425e-05
0.104702 4.475e-05
0.104937 4.475e-05
0.105172 4.5e-05
0.105407 4.525e-05
0.105641 4.525e-05
0.105876 4.525e-05
0.106111 4.525e-05
0.106346 4.525e-05
0.10658 4.55e-05
0.106815 4.55e-05
0.10705 4.75e-05
0.107285 4.75e-05
0.107519 4.75e-05
0.107754 4.75e-05
0.107989 4.75e-05
0.108224 4.75e-05
0.108459 4.75e-05
0.108693 4.75e-05
0.108928 4.75e-05
0.109163 4.775e-05
0.109398 4.775e-05
0.109632 4.825e-05
0.109867 4.825e-05
0.110102 4.825e-05
0.110337 4.825e-05
0.110571 4.825e-05
0.110806 4.825e-05
0.111041 4.85e-05
0.111276 4.85e-05
0.11151 4.85e-05
0.111745 4.875e-05
0.11198 4.875e-05
0.112215 4.875e-05
0.112449 4.9e-05
0.112684 4.9e-05
0.112919 4.9e-05
0.113154 4.9e-05
0.113388 4.9e-05
0.113623 4.9e-05
0.113858 4.9e-05
0.114093 4.9e-05
0.114327 4.925e-05
0.114562 4.95e-05
0.114797 4.975e-05
0.115032 4.975e-05
0.115267 4.975e-05
0.115501 4.975e-05
0.115736 5e-05
0.115971 5e-05
0.116206 5e-05
0.11644 5e-05
0.116675 5.025e-05
0.11691 5.025e-05
0.117145 5.025e-05
0.117379 5.025e-05
0.117614 5.05e-05
0.117849 5.05e-05
0.118084 5.05e-05
0.118318 5.05e-05
0.118553 5.075e-05
0.118788 5.075e-05
0.119023 5.075e-05
0.119257 5.1e-05
0.119492 5.125e-05
0.119727 5.125e-05
0.119962 5.125e-05
0.120196 5.125e-05
0.120431 5.15e-05
0.120666 5.15e-05
0.120901 5.175e-05
0.121135 5.2e-05
0.12137 5.2e-05
0.121605 5.225e-05
0.12184 5.225e-05
0.122075 5.225e-05
0.122309 5.225e-05
0.122544 5.225e-05
0.122779 5.25e-05
0.123014 5.25e-05
0.123248 5.25e-05
0.123483 5.275e-05
0.123718 5.275e-05
0.123953 5.3e-05
0.124187 5.3e-05
0.124422 5.3e-05
0.124657 5.325e-05
0.124892 5.325e-05
0.125126 5.325e-05
0.125361 5.35e-05
0.125596 5.35e-05
0.125831 5.35e-05
0.126065 5.35e-05
0.1263 5.35e-05
0.126535 5.35e-05
0.12677 5.35e-05
0.127004 5.35e-05
0.127239 5.35e-05
0.127474 5.35e-05
0.127709 5.375e-05
0.127943 5.375e-05
0.128178 5.375e-05
0.128413 5.375e-05
0.128648 5.4e-05
0.128883 5.425e-05
0.129117 5.425e-05
0.129352 5.425e-05
0.129587 5.5e-05
0.129822 5.5e-05
0.130056 5.525e-05
0.130291 5.525e-05
0.130526 5.525e-05
0.130761 5.575e-05
0.130995 5.575e-05
0.13123 5.575e-05
0.131465 5.575e-05
0.1317 5.575e-05
0.131934 5.575e-05
0.132169 5.575e-05
0.132404 5.6e-05
0.132639 5.6e-05
0.132873 5.65e-05
0.133108 5.675e-05
0.133343 5.675e-05
0.133578 5.675e-05
0.133812 5.675e-05
0.134047 5.675e-05
0.134282 5.675e-05
0.134517 5.675e-05
0.134751 5.675e-05
0.134986 5.675e-05
0.135221 5.675e-05
0.135456 5.675e-05
0.135691 5.675e-05
0.135925 5.725e-05
0.13616 5.725e-05
0.136395 5.725e-05
0.13663 5.725e-05
0.136864 5.725e-05
0.137099 5.75e-05
0.137334 5.85e-05
0.137569 5.85e-05
0.137803 5.875e-05
0.138038 5.875e-05
0.138273 5.875e-05
0.138508 5.9e-05
0.138742 5.975e-05
0.138977 5.975e-05
0.139212 6e-05
0.139447 6.025e-05
0.139681 6.025e-05
0.139916 6.025e-05
0.140151 6.025e-05
0.140386 6.075e-05
0.14062 6.075e-05
0.140855 6.075e-05
0.14109 6.175e-05
0.141325 6.225e-05
0.141559 6.225e-05
0.141794 6.225e-05
0.142029 6.225e-05
0.142264 6.225e-05
0.142499 6.225e-05
0.142733 6.225e-05
0.142968 6.275e-05
0.143203 6.3e-05
0.143438 6.325e-05
0.143672 6.325e-05
0.143907 6.35e-05
0.144142 6.35e-05
0.144377 6.35e-05
0.144611 6.35e-05
0.144846 6.35e-05
0.145081 6.35e-05
0.145316 6.375e-05
0.14555 6.375e-05
0.145785 6.375e-05
0.14602 6.375e-05
0.146255 6.375e-05
0.146489 6.375e-05
0.146724 6.375e-05
0.146959 6.375e-05
0.147194 6.45e-05
0.147428 6.45e-05
0.147663 6.45e-05
0.147898 6.45e-05
0.148133 6.45e-05
0.148367 6.45e-05
0.148602 6.475e-05
0.148837 6.475e-05
0.149072 6.475e-05
0.149307 6.5e-05
0.149541 6.7e-05
0.149776 6.7e-05
0.150011 6.7e-05
0.150246 6.725e-05
0.15048 6.75e-05
0.150715 6.775e-05
0.15095 6.775e-05
0.151185 6.85e-05
0.151419 6.85e-05
0.151654 6.875e-05
0.151889 6.875e-05
0.152124 6.875e-05
0.152358 6.875e-05
0.152593 6.875e-05
0.152828 6.95e-05
0.153063 6.95e-05
0.153297 6.975e-05
0.153532 6.975e-05
0.153767 6.975e-05
0.154002 7.025e-05
0.154236 7.025e-05
0.154471 7.025e-05
0.154706 7.025e-05
0.154941 7.05e-05
0.155175 7.05e-05
0.15541 7.05e-05
0.155645 7.075e-05
0.15588 7.075e-05
0.156115 7.1e-05
0.156349 7.125e-05
0.156584 7.175e-05
0.156819 7.175e-05
0.157054 7.175e-05
0.157288 7.175e-05
0.157523 7.175e-05
0.157758 7.175e-05
0.157993 7.175e-05
0.158227 7.175e-05
0.158462 7.175e-05
0.158697 7.175e-05
0.158932 7.175e-05
0.159166 7.175e-05
0.159401 7.175e-05
0.159636 7.175e-05
0.159871 7.175e-05
0.160105 7.2e-05
0.16034 7.2e-05
0.160575 7.2e-05
0.16081 7.2e-05
0.161044 7.2e-05
0.161279 7.225e-05
0.161514 7.225e-05
0.161749 7.25e-05
0.161983 7.275e-05
0.162218 7.275e-05
0.162453 7.3e-05
0.162688 7.3e-05
0.162923 7.3e-05
0.163157 7.3e-05
0.163392 7.325e-05
0.163627 7.35e-05
0.163862 7.35e-05
0.164096 7.375e-05
0.164331 7.375e-05
0.164566 7.375e-05
0.164801 7.375e-05
0.165035 7.375e-05
0.16527 7.4e-05
0.165505 7.4e-05
0.16574 7.425e-05
0.165974 7.425e-05
0.166209 7.425e-05
0.166444 7.425e-05
0.166679 7.425e-05
0.166913 7.425e-05
0.167148 7.45e-05
0.167383 7.45e-05
0.167618 7.475e-05
0.167852 7.5e-05
0.168087 7.5e-05
0.168322 7.525e-05
0.168557 7.8e-05
0.168791 7.8e-05
0.169026 7.8e-05
0.169261 7.8e-05
0.169496 7.8e-05
0.169731 7.825e-05
0.169965 7.825e-05
0.1702 7.825e-05
0.170435 7.825e-05
0.17067 7.825e-05
0.170904 7.825e-05
0.171139 7.85e-05
0.171374 7.85e-05
0.171609 7.85e-05
0.171843 7.85e-05
0.172078 7.875e-05
0.172313 8.45e-05
0.172548 8.475e-05
0.172782 8.5e-05
0.173017 8.525e-05
0.173252 8.525e-05
0.173487 8.525e-05
0.173721 8.525e-05
0.173956 8.525e-05
0.174191 8.525e-05
0.174426 8.525e-05
0.17466 8.525e-05
0.174895 8.525e-05
0.17513 8.525e-05
0.175365 8.55e-05
0.175599 8.55e-05
0.175834 8.65e-05
0.176069 8.675e-05
0.176304 8.7e-05
0.176539 8.7e-05
0.176773 8.7e-05
0.177008 8.725e-05
0.177243 8.725e-05
0.177478 8.725e-05
0.177712 8.775e-05
0.177947 8.825e-05
0.178182 8.825e-05
0.178417 8.825e-05
0.178651 8.825e-05
0.178886 8.85e-05
0.179121 8.875e-05
0.179356 8.875e-05
0.17959 8.875e-05
0.179825 8.875e-05
0.18006 8.9e-05
0.180295 8.9e-05
0.180529 9.05e-05
0.180764 9.075e-05
0.180999 9.075e-05
0.181234 9.075e-05
0.181468 9.1e-05
0.181703 9.1e-05
0.181938 9.1e-05
0.182173 9.1e-05
0.182407 9.1e-05
0.182642 9.1e-05
0.182877 9.125e-05
0.183112 9.125e-05
0.183347 9.125e-05
0.183581 9.125e-05
0.183816 9.15e-05
0.184051 9.15e-05
0.184286 9.15e-05
0.18452 9.175e-05
0.184755 9.2e-05
0.18499 9.2e-05
0.185225 9.2e-05
0.185459 9.2e-05
0.185694 9.225e-05
0.185929 9.225e-05
0.186164 9.225e-05
0.186398 9.225e-05
0.186633 9.225e-05
0.186868 9.225e-05
0.187103 9.275e-05
0.187337 9.275e-05
0.187572 9.3e-05
0.187807 9.425e-05
0.188042 9.425e-05
0.188276 9.425e-05
0.188511 9.425e-05
0.188746 9.425e-05
0.188981 9.425e-05
0.189215 9.45e-05
0.18945 9.45e-05
0.189685 9.5e-05
0.18992 9.5e-05
0.190155 9.5e-05
0.190389 9.55e-05
0.190624 9.575e-05
0.190859 9.575e-05
0.191094 9.625e-05
0.191328 9.625e-05
0.191563 9.625e-05
0.191798 9.625e-05
0.192033 9.625e-05
0.192267 9.725e-05
0.192502 9.725e-05
0.192737 9.725e-05
0.192972 9.725e-05
0.193206 9.725e-05
0.193441 9.725e-05
0.193676 9.725e-05
0.193911 9.725e-05
0.194145 9.725e-05
0.19438 9.75e-05
0.194615 9.75e-05
0.19485 9.8e-05
0.195084 9.825e-05
0.195319 9.85e-05
0.195554 9.85e-05
0.195789 9.85e-05
0.196024 9.85e-05
0.196258 9.875e-05
0.196493 9.875e-05
0.196728 9.9e-05
0.196963 9.95e-05
0.197197 9.975e-05
0.197432 9.975e-05
0.197667 9.975e-05
0.197902 9.975e-05
0.198136 9.975e-05
0.198371 9.975e-05
0.198606 0.0001
0.198841 0.0001
0.199075 0.0001
0.19931 0.00010025
0.199545 0.00010025
0.19978 0.0001005
0.200014 0.0001005
0.200249 0.000101
0.200484 0.000101
0.200719 0.00010125
0.200953 0.00010125
0.201188 0.0001015
0.201423 0.0001015
0.201658 0.0001015
0.201892 0.0001015
0.202127 0.00010325
0.202362 0.0001035
0.202597 0.00010375
0.202832 0.000104
0.203066 0.000104
0.203301 0.000104
0.203536 0.000104
0.203771 0.00010425
0.204005 0.0001045
0.20424 0.000105
0.204475 0.000105
0.20471 0.000105
0.204944 0.000105
0.205179 0.0001055
0.205414 0.0001055
0.205649 0.0001055
0.205883 0.00010575
0.206118 0.00010975
0.206353 0.00010975
0.206588 0.00010975
0.206822 0.00011025
0.207057 0.00011025
0.207292 0.0001105
0.207527 0.00011075
0.207761 0.00011075
0.207996 0.00011075
0.208231 0.0001115
0.208466 0.00011175
0.2087 0.0001205
0.208935 0.0001205
0.20917 0.0001205
0.209405 0.000121
0.20964 0.00012125
0.209874 0.00012125
0.210109 0.000122
0.210344 0.00012225
0.210579 0.00012225
0.210813 0.00012225
0.211048 0.0001225
0.211283 0.0001225
0.211518 0.00012275
0.211752 0.00012275
0.211987 0.00012275
0.212222 0.00012275
0.212457 0.000123
0.212691 0.000123
0.212926 0.000123
0.213161 0.00012325
0.213396 0.0001235
0.21363 0.0001235
0.213865 0.000124
0.2141 0.0001245
0.214335 0.0001245
0.214569 0.0001245
0.214804 0.0001245
0.215039 0.00012575
0.215274 0.00012575
0.215508 0.00012575
0.215743 0.00012575
0.215978 0.000126
0.216213 0.00012625
0.216448 0.00012625
0.216682 0.00012625
0.216917 0.00012625
0.217152 0.00012625
0.217387 0.0001265
0.217621 0.0001265
0.217856 0.0001265
0.218091 0.0001265
0.218326 0.00012675
0.21856 0.00012675
0.218795 0.00012675
0.21903 0.00012675
0.219265 0.00012675
0.219499 0.00012675
0.219734 0.000127
0.219969 0.000127
0.220204 0.00012725
0.220438 0.00012725
0.220673 0.0001275
0.220908 0.0001275
0.221143 0.0001275
0.221377 0.000128
0.221612 0.000128
0.221847 0.0001285
0.222082 0.00012875
0.222316 0.00012875
0.222551 0.00012875
0.222786 0.00012875
0.223021 0.000129
0.223256 0.000129
0.22349 0.0001295
0.223725 0.0001295
0.22396 0.0001295
0.224195 0.0001295
0.224429 0.0001295
0.224664 0.0001295
0.224899 0.00013
0.225134 0.00013
0.225368 0.0001305
0.225603 0.0001305
0.225838 0.000131
0.226073 0.0001315
0.226307 0.00013175
0.226542 0.00013175
0.226777 0.00013175
0.227012 0.00013175
0.227246 0.00013225
0.227481 0.00013225
0.227716 0.0001325
0.227951 0.00013275
0.228185 0.00013325
0.22842 0.0001335
0.228655 0.0001335
0.22889 0.00013375
0.229124 0.00013425
0.229359 0.00013425
0.229594 0.00013425
0.229829 0.00014025
0.230064 0.00014075
0.230298 0.0001415
0.230533 0.000142
0.230768 0.0001425
0.231003 0.0001425
0.231237 0.00014325
0.231472 0.0001435
0.231707 0.0001435
0.231942 0.00014375
0.232176 0.00014375
0.232411 0.000144
0.232646 0.000144
0.232881 0.000144
0.233115 0.000144
0.23335 0.000144
0.233585 0.000148
0.23382 0.0001485
0.234054 0.000149
0.234289 0.0001495
0.234524 0.000152
0.234759 0.000152
0.234993 0.000152
0.235228 0.00015225
0.235463 0.00015225
0.235698 0.00015225
0.235932 0.000153
0.236167 0.00015325
0.236402 0.0001535
0.236637 0.0001535
0.236872 0.0001535
0.237106 0.00015425
0.237341 0.0001545
0.237576 0.000156
0.237811 0.00015625
0.238045 0.00015625
0.23828 0.00015625
0.238515 0.00015625
0.23875 0.00015675
0.238984 0.00015725
0.239219 0.00015725
0.239454 0.00015775
0.239689 0.00015775
0.239923 0.00015775
0.240158 0.000158
0.240393 0.000158
0.240628 0.000158
0.240862 0.00015825
0.241097 0.00015875
0.241332 0.000159
0.241567 0.00015925
0.241801 0.0001595
0.242036 0.00015975
0.242271 0.00015975
0.242506 0.00016
0.24274 0.00016
0.242975 0.00016025
0.24321 0.00016025
0.243445 0.0001605
0.24368 0.00016075
0.243914 0.00016075
0.244149 0.0001615
0.244384 0.000162
0.244619 0.000162
0.244853 0.00016225
0.245088 0.00016225
0.245323 0.00016225
0.245558 0.00016225
0.245792 0.00016225
0.246027 0.00016225
0.246262 0.00016275
0.246497 0.00016275
0.246731 0.00016275
0.246966 0.00016275
0.247201 0.00016275
0.247436 0.00016275
0.24767 0.00016275
0.247905 0.000163
0.24814 0.00016375
0.248375 0.00016375
0.248609 0.000164
0.248844 0.0001645
0.249079 0.0001645
0.249314 0.0001645
0.249548 0.0001645
0.249783 0.00016475
0.250018 0.000165
0.250253 0.000166
0.250488 0.00016625
0.250722 0.00016625
0.250957 0.0001665
0.251192 0.0001665
0.251427 0.000167
0.251661 0.0001675
0.251896 0.00016775
0.252131 0.00016775
0.252366 0.00016775
0.2526 0.00016775
0.252835 0.00016775
0.25307 0.000168
0.253305 0.00016825
0.253539 0.00016825
0.253774 0.00016925
0.254009 0.00017
0.254244 0.00017075
0.254478 0.00017125
0.254713 0.00017125
0.254948 0.0001715
0.255183 0.0001715
0.255417 0.00017475
0.255652 0.00017475
0.255887 0.00017475
0.256122 0.00017475
0.256356 0.00017525
0.256591 0.00017525
0.256826 0.0001755
0.257061 0.00017575
0.257296 0.00017575
0.25753 0.00017575
0.257765 0.00017625
0.258 0.00017625
0.258235 0.00017625
0.258469 0.0001765
0.258704 0.0001765
0.258939 0.000177
0.259174 0.00017725
0.259408 0.00017725
0.259643 0.00017725
0.259878 0.00017775
0.260113 0.00017775
0.260347 0.00019325
0.260582 0.00019325
0.260817 0.00019325
0.261052 0.00019325
0.261286 0.0001935
0.261521 0.00019375
0.261756 0.000194
0.261991 0.000194
0.262225 0.000194
0.26246 0.000194
0.262695 0.000194
0.26293 0.00019425
0.263164 0.00019425
0.263399 0.0001945
0.263634 0.0001945
0.263869 0.0001945
0.264104 0.00019475
0.264338 0.000195
0.264573 0.000195
0.264808 0.000195
0.265043 0.00019525
0.265277 0.00019525
0.265512 0.000196
0.265747 0.000196
0.265982 0.000196
0.266216 0.0001965
0.266451 0.00019675
0.266686 0.000197
0.266921 0.00019725
0.267155 0.00019725
0.26739 0.00019725
0.267625 0.0001975
0.26786 0.0001975
0.268094 0.00019775
0.268329 0.000198
0.268564 0.0001985
0.268799 0.0001985
0.269033 0.000199
0.269268 0.00019925
0.269503 0.0001995
0.269738 0.0001995
0.269972 0.0001995
0.270207 0.0001995
0.270442 0.0001995
0.270677 0.00019975
0.270912 0.00019975
0.271146 0.00020175
0.271381 0.00020175
0.271616 0.00020225
0.271851 0.0002025
0.272085 0.00020325
0.27232 0.0002035
0.272555 0.00020375
0.27279 0.000204
0.273024 0.000204
0.273259 0.00020425
0.273494 0.0002045
0.273729 0.0002045
0.273963 0.0002045
0.274198 0.00020475
0.274433 0.000205
0.274668 0.000205
0.274902 0.000205
0.275137 0.000205
0.275372 0.000205
0.275607 0.000205
0.275841 0.00020525
0.276076 0.00020525
0.276311 0.00020525
0.276546 0.00020525
0.27678 0.0002055
0.277015 0.00020825
0.27725 0.00020875
0.277485 0.00021
0.27772 0.00021025
0.277954 0.00021025
0.278189 0.00021075
0.278424 0.00021075
0.278659 0.000211
0.278893 0.000211
0.279128 0.000211
0.279363 0.0002115
0.279598 0.000212
0.279832 0.000212
0.280067 0.00021225
0.280302 0.00021225
0.280537 0.00021275
0.280771 0.0002135
0.281006 0.00021375
0.281241 0.0002145
0.281476 0.0002145
0.28171 0.0002145
0.281945 0.0002145
0.28218 0.00021475
0.282415 0.00021475
0.282649 0.000215
0.282884 0.00021675
0.283119 0.00021725
0.283354 0.0002175
0.283588 0.0002175
0.283823 0.00021775
0.284058 0.00021775
0.284293 0.00021825
0.284528 0.00021825
0.284762 0.0002185
0.284997 0.0002185
0.285232 0.000219
0.285467 0.00021925
0.285701 0.00021925
0.285936 0.00021975
0.286171 0.00022
0.286406 0.00022
0.28664 0.00022
0.286875 0.00022475
0.28711 0.00022475
0.287345 0.000225
0.287579 0.000225
0.287814 0.0002255
0.288049 0.00022575
0.288284 0.000226
0.288518 0.000226
0.288753 0.000229
0.288988 0.000229
0.289223 0.00022925
0.289457 0.00022925
0.289692 0.00022925
0.289927 0.00022975
0.290162 0.00022975
0.290396 0.00022975
0.290631 0.0002315
0.290866 0.00023175
0.291101 0.00023225
0.291336 0.00023225
0.29157 0.000233
0.291805 0.00023375
0.29204 0.000234
0.292275 0.00023475
0.292509 0.000235
0.292744 0.00023525
0.292979 0.00023575
0.293214 0.00023575
0.293448 0.000236
0.293683 0.000236
0.293918 0.000236
0.294153 0.000236
0.294387 0.0002365
0.294622 0.00023725
0.294857 0.00023725
0.295092 0.0002375
0.295326 0.0002375
0.295561 0.00023775
0.295796 0.00023775
0.296031 0.00023775
0.296265 0.0002385
0.2965 0.00023875
0.296735 0.00023875
0.29697 0.000239
0.297204 0.000239
0.297439 0.000239
0.297674 0.00023925
0.297909 0.00023925
0.298144 0.0002395
0.298378 0.00023975
0.298613 0.00023975
0.298848 0.00023975
0.299083 0.00023975
0.299317 0.00024
0.299552 0.00024
0.299787 0.00024
0.300022 0.00024025
0.300256 0.00024025
0.300491 0.00024075
0.300726 0.000241
0.300961 0.000241
0.301195 0.0002415
0.30143 0.0002415
0.301665 0.0002415
0.3019 0.0002415
0.302134 0.00024225
0.302369 0.0002425
0.302604 0.0002425
0.302839 0.00024275
0.303073 0.00024275
0.303308 0.00024275
0.303543 0.00024275
0.303778 0.00024275
0.304012 0.00024325
0.304247 0.00024325
0.304482 0.00024325
0.304717 0.00024325
0.304952 0.0002435
0.305186 0.00024375
0.305421 0.00024375
0.305656 0.00024375
0.305891 0.00024475
0.306125 0.000245
0.30636 0.00024575
0.306595 0.00024625
0.30683 0.00024675
0.307064 0.00024675
0.307299 0.000247
0.307534 0.000247
0.307769 0.000247
0.308003 0.00024725
0.308238 0.0002475
0.308473 0.00024825
0.308708 0.0002485
0.308942 0.0002485
0.309177 0.0002485
0.309412 0.0002485
0.309647 0.00025775
0.309881 0.00025775
0.310116 0.00025775
0.310351 0.00025775
0.310586 0.00025775
0.31082 0.00025775
0.311055 0.00025875
0.31129 0.000259
0.311525 0.0002605
0.31176 0.00026075
0.311994 0.0002705
0.312229 0.00027075
0.312464 0.00027075
0.312699 0.00027075
0.312933 0.00027075
0.313168 0.000271
0.313403 0.000272
0.313638 0.00027225
0.313872 0.0002725
0.314107 0.0002725
0.314342 0.0002725
0.314577 0.00027475
0.314811 0.00027475
0.315046 0.00027525
0.315281 0.0002755
0.315516 0.00027575
0.31575 0.00027575
0.315985 0.00027575
0.31622 0.00027575
0.316455 0.000276
0.316689 0.000276
0.316924 0.0002765
0.317159 0.0002765
0.317394 0.0002765
0.317628 0.00027725
0.317863 0.00027725
0.318098 0.0002775
0.318333 0.0002775
0.318568 0.00027775
0.318802 0.000278
0.319037 0.000278
0.319272 0.00027875
0.319507 0.000279
0.319741 0.00027925
0.319976 0.0002795
0.320211 0.00028025
0.320446 0.00028025
0.32068 0.00028025
0.320915 0.000281
0.32115 0.000282
0.321385 0.00028225
0.321619 0.0002825
0.321854 0.0002825
0.322089 0.00028375
0.322324 0.00028375
0.322558 0.00028425
0.322793 0.00028425
0.323028 0.000285
0.323263 0.00028575
0.323497 0.00028575
0.323732 0.0002865
0.323967 0.00028675
0.324202 0.000287
0.324437 0.00028725
0.324671 0.0002875
0.324906 0.00028825
0.325141 0.00028875
0.325376 0.000289
0.32561 0.00028925
0.325845 0.0002895
0.32608 0.00029
0.326315 0.00029025
0.326549 0.0002905
0.326784 0.000291
0.327019 0.00029225
0.327254 0.0002925
0.327488 0.00029275
0.327723 0.00029325
0.327958 0.00029375
0.328193 0.000294
0.328427 0.000294
0.328662 0.0002945
0.328897 0.00029475
0.329132 0.00029475
0.329366 0.00029475
0.329601 0.0002955
0.329836 0.0002955
0.330071 0.0002955
0.330305 0.00029625
0.33054 0.00029625
0.330775 0.00029675
0.33101 0.00029675
0.331245 0.00029675
0.331479 0.000297
0.331714 0.00029725
0.331949 0.00029725
0.332184 0.00029875
0.332418 0.00029875
0.332653 0.00029925
0.332888 0.00029975
0.333123 0.00029975
0.333357 0.00029975
0.333592 0.00029975
0.333827 0.0003
0.334062 0.0003
0.334296 0.0003
0.334531 0.000304
0.334766 0.00030425
0.335001 0.00030475
0.335235 0.00030475
0.33547 0.00030475
0.335705 0.00030525
0.33594 0.00030525
0.336174 0.00030575
0.336409 0.00030625
0.336644 0.0003065
0.336879 0.000307
0.337113 0.000307
0.337348 0.0003075
0.337583 0.00030775
0.337818 0.00030825
0.338053 0.0003085
0.338287 0.00030875
0.338522 0.000309
0.338757 0.000309
0.338992 0.00030925
0.339226 0.0003095
0.339461 0.0003095
0.339696 0.0003095
0.339931 0.0003095
0.340165 0.0003095
0.3404 0.00031025
0.340635 0.00031075
0.34087 0.00031125
0.341104 0.00031125
0.341339 0.0003115
0.341574 0.00031175
0.341809 0.000313
0.342043 0.000313
0.342278 0.000313
0.342513 0.00031325
0.342748 0.00031325
0.342982 0.00031475
0.343217 0.00031475
0.343452 0.00031575
0.343687 0.00031625
0.343921 0.0003165
0.344156 0.0003165
0.344391 0.00031675
0.344626 0.00031725
0.344861 0.00031775
0.345095 0.00031775
0.34533 0.000318
0.345565 0.000318
0.3458 0.000318
0.346034 0.000318
0.346269 0.000318
0.346504 0.000318
0.346739 0.00031825
0.346973 0.0003185
0.347208 0.0003185
0.347443 0.0003185
0.347678 0.0003265
0.347912 0.00032675
0.348147 0.00032675
0.348382 0.00032675
0.348617 0.00032675
0.348851 0.000327
0.349086 0.00032825
0.349321 0.0003285
0.349556 0.00032875
0.34979 0.000329
0.350025 0.000329
0.35026 0.00032925
0.350495 0.00032925
0.350729 0.00032925
0.350964 0.00032975
0.351199 0.00033175
0.351434 0.00033175
0.351669 0.00033175
0.351903 0.00033275
0.352138 0.000333
0.352373 0.000334
0.352608 0.00033475
0.352842 0.00033475
0.353077 0.00033475
0.353312 0.00033475
0.353547 0.000339
0.353781 0.0003395
0.354016 0.0003395
0.354251 0.0003395
0.354486 0.0003395
0.35472 0.0003395
0.354955 0.00033975
0.35519 0.00034
0.355425 0.00034
0.355659 0.0003405
0.355894 0.00034075
0.356129 0.0003415
0.356364 0.0003415
0.356598 0.000342
0.356833 0.0003425
0.357068 0.000345
0.357303 0.000346
0.357537 0.000346
0.357772 0.00034625
0.358007 0.00034725
0.358242 0.00034725
0.358477 0.0003475
0.358711 0.00034775
0.358946 0.00034875
0.359181 0.00034875
0.359416 0.00034925
0.35965 0.00034925
0.359885 0.0003495
0.36012 0.00035
0.360355 0.00035025
0.360589 0.00035025
0.360824 0.000351
0.361059 0.000351
0.361294 0.000351
0.361528 0.000351
0.361763 0.000351
0.361998 0.00035125
0.362233 0.000352
0.362467 0.00035775
0.362702 0.000358
0.362937 0.00035875
0.363172 0.00035875
0.363406 0.000359
0.363641 0.000359
0.363876 0.0003595
0.364111 0.00036
0.364345 0.0003605
0.36458 0.0003605
0.364815 0.00036075
0.36505 0.000361
0.365285 0.000361
0.365519 0.000361
0.365754 0.000361
0.365989 0.000361
0.366224 0.0003615
0.366458 0.0003615
0.366693 0.00036175
0.366928 0.000363
0.367163 0.000363
0.367397 0.00036375
0.367632 0.000364
0.367867 0.00036425
0.368102 0.00036425
0.368336 0.00036425
0.368571 0.0003645
0.368806 0.000365
0.369041 0.000365
0.369275 0.000365
0.36951 0.000365
0.369745 0.000365
0.36998 0.00036525
0.370214 0.00036525
0.370449 0.00036575
0.370684 0.00036575
0.370919 0.00036575
0.371153 0.00036575
0.371388 0.00036575
0.371623 0.00036575
0.371858 0.00036625
0.372093 0.00036725
0.372327 0.00036775
0.372562 0.00036825
0.372797 0.00036825
0.373032 0.00036825
0.373266 0.00036825
0.373501 0.0003685
0.373736 0.00036925
0.373971 0.00036925
0.374205 0.0003695
0.37444 0.00037
0.374675 0.0003705
0.37491 0.0003705
0.375144 0.00038275
0.375379 0.0003835
0.375614 0.0003835
0.375849 0.00038375
0.376083 0.00038475
0.376318 0.00038525
0.376553 0.00038575
0.376788 0.00038575
0.377022 0.00038575
0.377257 0.000386
0.377492 0.0003865
0.377727 0.000387
0.377961 0.00038725
0.378196 0.0003875
0.378431 0.00038825
0.378666 0.00039
0.378901 0.00039
0.379135 0.00039
0.37937 0.0003985
0.379605 0.00040075
0.37984 0.0004015
0.380074 0.000402
0.380309 0.00040325
0.380544 0.00040325
0.380779 0.0004035
0.381013 0.00040375
0.381248 0.00040425
0.381483 0.00040425
0.381718 0.00040425
0.381952 0.0004045
0.382187 0.0004045
0.382422 0.00040475
0.382657 0.000405
0.382891 0.000405
0.383126 0.0004055
0.383361 0.0004055
0.383596 0.000406
0.38383 0.00040625
0.384065 0.00040625
0.3843 0.00040625
0.384535 0.00040675
0.384769 0.00040725
0.385004 0.0004075
0.385239 0.0004075
0.385474 0.0004075
0.385709 0.000408
0.385943 0.000408
0.386178 0.000408
0.386413 0.000408
0.386648 0.000408
0.386882 0.000408
0.387117 0.00040925
0.387352 0.0004095
0.387587 0.000444
0.387821 0.000444
0.388056 0.000444
0.388291 0.00044425
0.388526 0.00044425
0.38876 0.00044425
0.388995 0.0004445
0.38923 0.00044475
0.389465 0.00044475
0.389699 0.00044625
0.389934 0.0004465
0.390169 0.00044725
0.390404 0.00044775
0.390638 0.0004485
0.390873 0.00045125
0.391108 0.00045175
0.391343 0.00045225
0.391577 0.0004525
0.391812 0.0004525
0.392047 0.000453
0.392282 0.00045325
0.392517 0.0004535
0.392751 0.00045425
0.392986 0.0004545
0.393221 0.0004545
0.393456 0.00045525
0.39369 0.0004555
0.393925 0.0004585
0.39416 0.000459
0.394395 0.00045975
0.394629 0.00046
0.394864 0.00046025
0.395099 0.00046125
0.395334 0.0004615
0.395568 0.00046175
0.395803 0.000462
0.396038 0.00046275
0.396273 0.00046375
0.396507 0.00046375
0.396742 0.000464
0.396977 0.00046425
0.397212 0.00046425
0.397446 0.0004645
0.397681 0.0004645
0.397916 0.00046475
0.398151 0.000465
0.398385 0.0004655
0.39862 0.0004655
0.398855 0.00046575
0.39909 0.00046725
0.399325 0.0004675
0.399559 0.000468
0.399794 0.00047
0.400029 0.00047025
0.400264 0.0004705
0.400498 0.00047125
0.400733 0.0004715
0.400968 0.00047175
0.401203 0.000472
0.401437 0.0004725
0.401672 0.00047275
0.401907 0.0004735
0.402142 0.00047375
0.402376 0.000474
0.402611 0.000474
0.402846 0.00047675
0.403081 0.00048
0.403315 0.00048
0.40355 0.00048
0.403785 0.00048
0.40402 0.00048025
0.404254 0.00048075
0.404489 0.00048175
0.404724 0.000482
0.404959 0.000482
0.405193 0.000482
0.405428 0.0004825
0.405663 0.000483
0.405898 0.000484
0.406133 0.00048425
0.406367 0.00048475
0.406602 0.00048525
0.406837 0.000486
0.407072 0.0004865
0.407306 0.0004865
0.407541 0.00048675
0.407776 0.00048675
0.408011 0.00048725
0.408245 0.00048825
0.40848 0.00048875
0.408715 0.00048875
0.40895 0.000489
0.409184 0.000489
0.409419 0.000489
0.409654 0.00049
0.409889 0.00049575
0.410123 0.0004965
0.410358 0.0004965
0.410593 0.0004965
0.410828 0.00049675
0.411062 0.00049675
0.411297 0.00049675
0.411532 0.000497
0.411767 0.0004985
0.412001 0.0004985
0.412236 0.0004995
0.412471 0.0005005
0.412706 0.0005005
0.412941 0.00050075
0.413175 0.000501
0.41341 0.00051275
0.413645 0.00051275
0.41388 0.00051325
0.414114 0.0005135
0.414349 0.00051375
0.414584 0.00051425
0.414819 0.0005145
0.415053 0.0005145
0.415288 0.0005185
0.415523 0.0005185
0.415758 0.00051875
0.415992 0.00051875
0.416227 0.00051875
0.416462 0.00051975
0.416697 0.00052
0.416931 0.00052075
0.417166 0.00052075
0.417401 0.00052075
0.417636 0.0005215
0.41787 0.0005215
0.418105 0.0005225
0.41834 0.00052275
0.418575 0.00052425
0.418809 0.00052425
0.419044 0.0005245
0.419279 0.000525
0.419514 0.0005255
0.419749 0.00052825
0.419983 0.00052925
0.420218 0.00052925
0.420453 0.0005295
0.420688 0.00052975
0.420922 0.00053
0.421157 0.00053025
0.421392 0.0005305
0.421627 0.0005505
0.421861 0.0005505
0.422096 0.00055075
0.422331 0.00055125
0.422566 0.0005515
0.4228 0.0005515
0.423035 0.00055175
0.42327 0.00055175
0.423505 0.000557
0.423739 0.0007725
0.423974 0.00077325
0.424209 0.00077425
0.424444 0.0007745
0.424678 0.00077825
0.424913 0.0007785
0.425148 0.0007785
0.425383 0.0007785
0.425617 0.00077875
0.425852 0.0007795
0.426087 0.000782
0.426322 0.00078225
0.426557 0.00078225
0.426791 0.0007825
0.427026 0.000783
0.427261 0.00078325
0.427496 0.00078325
0.42773 0.0007845
0.427965 0.0007845
0.4282 0.00078525
0.428435 0.00078525
0.428669 0.00078575
0.428904 0.0007865
0.429139 0.0007865
0.429374 0.0007875
0.429608 0.00079025
0.429843 0.00079075
0.430078 0.00079125
0.430313 0.00079175
0.430547 0.000792
0.430782 0.0007965
0.431017 0.00079725
0.431252 0.00079775
0.431486 0.0007985
0.431721 0.000799
0.431956 0.000799
0.432191 0.000799
0.432425 0.00079925
0.43266 0.00079975
0.432895 0.0008
0.43313 0.00080025
0.433365 0.00080025
0.433599 0.0008005
0.433834 0.00080075
0.434069 0.000801
0.434304 0.00080175
0.434538 0.0008085
0.434773 0.00080875
0.435008 0.00081
0.435243 0.0008105
0.435477 0.00081075
0.435712 0.00081625
0.435947 0.0008165
0.436182 0.0008165
0.436416 0.000817
0.436651 0.00081775
0.436886 0.000818
0.437121 0.00081825
0.437355 0.000819
0.43759 0.0008195
0.437825 0.0008195
0.43806 0.00081975
0.438294 0.00081975
0.438529 0.00082
0.438764 0.00082
0.438999 0.00082075
0.439233 0.00082175
0.439468 0.00082275
0.439703 0.00082325
0.439938 0.00082425
0.440173 0.000874
0.440407 0.000874
0.440642 0.0008745
0.440877 0.000875
0.441112 0.00087575
0.441346 0.00092775
0.441581 0.00092825
0.441816 0.00092875
0.442051 0.00092875
0.442285 0.00092875
0.44252 0.00092925
0.442755 0.00092975
0.44299 0.00093025
0.443224 0.000931
0.443459 0.00093175
0.443694 0.00093175
0.443929 0.00093275
0.444163 0.000933
0.444398 0.0009345
0.444633 0.000935
0.444868 0.000937
0.445102 0.0009385
0.445337 0.00095
0.445572 0.0009505
0.445807 0.000951
0.446041 0.000952
0.446276 0.0009525
0.446511 0.0009535
0.446746 0.0009545
0.446981 0.000955
0.447215 0.00095525
0.44745 0.000957
0.447685 0.0009595
0.44792 0.00096
0.448154 0.0009605
0.448389 0.000961
0.448624 0.00096125
0.448859 0.0009655
0.449093 0.0009675
0.449328 0.000968
0.449563 0.0009685
0.449798 0.00096875
0.450032 0.00096875
0.450267 0.00096875
0.450502 0.00096875
0.450737 0.00097025
0.450971 0.0009705
0.451206 0.000996
0.451441 0.0009965
0.451676 0.000997
0.45191 0.00100025
0.452145 0.0010005
0.45238 0.00100125
0.452615 0.001002
0.45285 0.00102925
0.453084 0.00103375
0.453319 0.00103525
0.453554 0.00103525
0.453789 0.00103525
0.454023 0.0010355
0.454258 0.00103575
0.454493 0.00104475
0.454728 0.00104675
0.454962 0.001048
0.455197 0.00104875
0.455432 0.00104875
0.455667 0.00105025
0.455901 0.00105075
0.456136 0.00105125
0.456371 0.00105175
0.456606 0.001052
0.45684 0.00105225
0.457075 0.0010525
0.45731 0.00105325
0.457545 0.0010535
0.457779 0.001054
0.458014 0.0010545
0.458249 0.001055
0.458484 0.0010555
0.458718 0.0010555
0.458953 0.001058
0.459188 0.001058
0.459423 0.00105825
0.459658 0.00105825
0.459892 0.0010595
0.460127 0.0010605
0.460362 0.0010625
0.460597 0.00106325
0.460831 0.00106375
0.461066 0.001068
0.461301 0.00106825
0.461536 0.001069
0.46177 0.00107175
0.462005 0.0010735
0.46224 0.001075
0.462475 0.001075
0.462709 0.00107975
0.462944 0.00108075
0.463179 0.00108125
0.463414 0.00108175
0.463648 0.0010825
0.463883 0.00108275
0.464118 0.00108325
0.464353 0.00108475
0.464587 0.00108525
0.464822 0.0010855
0.465057 0.00108625
0.465292 0.0010865
0.465526 0.001087
0.465761 0.0010875
0.465996 0.001088
0.466231 0.00108875
0.466466 0.00109
0.4667 0.00109025
0.466935 0.00109175
0.46717 0.00109175
0.467405 0.00109375
0.467639 0.0010945
0.467874 0.0011005
0.468109 0.001101
0.468344 0.001102
0.468578 0.00110225
0.468813 0.00110275
0.469048 0.00110775
0.469283 0.0011095
0.469517 0.0011105
0.469752 0.00111075
0.469987 0.00111225
0.470222 0.00111275
0.470456 0.00111425
0.470691 0.00111425
0.470926 0.0011155
0.471161 0.001117
0.471395 0.001117
0.47163 0.00111725
0.471865 0.0011185
0.4721 0.0011215
0.472334 0.0011215
0.472569 0.00112175
0.472804 0.0011225
0.473039 0.0011225
0.473274 0.001123
0.473508 0.0011255
0.473743 0.00112575
0.473978 0.001126
0.474213 0.00112675
0.474447 0.001127
0.474682 0.0011275
0.474917 0.00113
0.475152 0.00113125
0.475386 0.0011315
0.475621 0.001132
0.475856 0.001132
0.476091 0.0011325
0.476325 0.001134
0.47656 0.0011345
0.476795 0.00113475
0.47703 0.0011355
0.477264 0.00113575
0.477499 0.00113675
0.477734 0.0011375
0.477969 0.001138
0.478203 0.00117425
0.478438 0.00117425
0.478673 0.00117475
0.478908 0.00117525
0.479142 0.001176
0.479377 0.0011765
0.479612 0.00117775
0.479847 0.00117825
0.480082 0.00117875
0.480316 0.00117925
0.480551 0.00117925
0.480786 0.0011795
0.481021 0.0011795
0.481255 0.00117975
0.48149 0.00118025
0.481725 0.0011815
0.48196 0.00118175
0.482194 0.001182
0.482429 0.00118225
0.482664 0.001184
0.482899 0.00118525
0.483133 0.0011865
0.483368 0.00118675
0.483603 0.00118675
0.483838 0.00118925
0.484072 0.00119125
0.484307 0.00119275
0.484542 0.00119425
0.484777 0.00119525
0.485011 0.00119725
0.485246 0.0011975
0.485481 0.0011995
0.485716 0.0012
0.48595 0.001201
0.486185 0.00120125
0.48642 0.00120225
0.486655 0.0012055
0.48689 0.0012055
0.487124 0.001207
0.487359 0.00120775
0.487594 0.0012085
0.487829 0.00120875
0.488063 0.0012095
0.488298 0.00121275
0.488533 0.00121275
0.488768 0.00121625
0.489002 0.00121775
0.489237 0.00121825
0.489472 0.00123025
0.489707 0.00123075
0.489941 0.001246
0.490176 0.00124675
0.490411 0.001247
0.490646 0.0012475
0.49088 0.0012475
0.491115 0.0012485
0.49135 0.00124875
0.491585 0.001249
0.491819 0.001249
0.492054 0.00125
0.492289 0.0012525
0.492524 0.00125325
0.492758 0.00125375
0.492993 0.00125525
0.493228 0.001257
0.493463 0.0012575
0.493698 0.00126075
0.493932 0.0012615
0.494167 0.00126225
0.494402 0.001263
0.494637 0.00126425
0.494871 0.00126675
0.495106 0.001267
0.495341 0.001268
0.495576 0.001269
0.49581 0.0012715
0.496045 0.0012715
0.49628 0.00127575
0.496515 0.00128125
0.496749 0.0012815
0.496984 0.0012825
0.497219 0.001283
0.497454 0.00128425
0.497688 0.00128575
0.497923 0.001286
0.498158 0.00131625
0.498393 0.00131675
0.498627 0.00131725
0.498862 0.00131825
0.499097 0.00131925
0.499332 0.00132025
0.499566 0.0013255
0.499801 0.0013265
0.500036 0.00132775
0.500271 0.00132825
0.500506 0.00133
0.50074 0.00133075
0.500975 0.00133175
0.50121 0.0013355
0.501445 0.00133675
0.501679 0.0013605
0.501914 0.0013615
0.502149 0.00136175
0.502384 0.00136325
0.502618 0.0013645
0.502853 0.00136575
0.503088 0.00136725
0.503323 0.0013685
0.503557 0.00138325
0.503792 0.00138375
0.504027 0.00139875
0.504262 0.0013995
0.504496 0.0014
0.504731 0.00140175
0.504966 0.001402
0.505201 0.001404
0.505435 0.00140425
0.50567 0.00140475
0.505905 0.001406
0.50614 0.00140725
0.506374 0.001409
0.506609 0.00141075
0.506844 0.00141225
0.507079 0.001414
0.507314 0.0014255
0.507548 0.00142675
0.507783 0.0014295
0.508018 0.00143075
0.508253 0.00143175
0.508487 0.00143225
0.508722 0.00143275
0.508957 0.001433
0.509192 0.0014345
0.509426 0.001435
0.509661 0.001445
0.509896 0.00144575
0.510131 0.00144575
0.510365 0.001447
0.5106 0.0014485
0.510835 0.00145
0.51107 0.00145075
0.511304 0.001458
0.511539 0.00145825
0.511774 0.00146025
0.512009 0.0014605
0.512243 0.001465
0.512478 0.00146575
0.512713 0.001466
0.512948 0.00146625
0.513182 0.00146675
0.513417 0.0014675
0.513652 0.00146825
0.513887 0.0014685
0.514122 0.00146875
0.514356 0.00147
0.514591 0.00147125
0.514826 0.001473
0.515061 0.0014735
0.515295 0.001478
0.51553 0.00147825
0.515765 0.0014785
0.516 0.00148125
0.516234 0.0014825
0.516469 0.00148475
0.516704 0.00148575
0.516939 0.0014865
0.517173 0.00148675
0.517408 0.0014925
0.517643 0.00149325
0.517878 0.0014955
0.518112 0.001497
0.518347 0.001498
0.518582 0.00149825
0.518817 0.00149975
0.519051 0.0015005
0.519286 0.00150175
0.519521 0.00150225
0.519756 0.00150375
0.51999 0.00150475
0.520225 0.001506
0.52046 0.00150725
0.520695 0.001509
0.52093 0.00150925
0.521164 0.0015105
0.521399 0.001511
0.521634 0.001512
0.521869 0.001514
0.522103 0.001516
0.522338 0.0015175
0.522573 0.001518
0.522808 0.00152025
0.523042 0.00152325
0.523277 0.0015325
0.523512 0.001533
0.523747 0.00153325
0.523981 0.0015575
0.524216 0.00155825
0.524451 0.0015595
0.524686 0.00155975
0.52492 0.00156125
0.525155 0.0015615
0.52539 0.001562
0.525625 0.0015625
0.525859 0.001565
0.526094 0.001565
0.526329 0.001566
0.526564 0.0015665
0.526798 0.001567
0.527033 0.001567
0.527268 0.00156875
0.527503 0.0015695
0.527738 0.00157525
0.527972 0.00157575
0.528207 0.0015765
0.528442 0.00157775
0.528677 0.00157775
0.528911 0.0015785
0.529146 0.001579
0.529381 0.0015805
0.529616 0.001581
0.52985 0.00158275
0.530085 0.001583
0.53032 0.00158325
0.530555 0.00158375
0.530789 0.00159
0.531024 0.00159025
0.531259 0.001592
0.531494 0.00159275
0.531728 0.0015935
0.531963 0.00159425
0.532198 0.00159475
0.532433 0.00159575
0.532667 0.00162075
0.532902 0.0016215
0.533137 0.0017035
0.533372 0.0017055
0.533606 0.001706
0.533841 0.00170675
0.534076 0.00170725
0.534311 0.0017075
0.534546 0.0017075
0.53478 0.001708
0.535015 0.001711
0.53525 0.001713
0.535485 0.0017155
0.535719 0.00172625
0.535954 0.0017575
0.536189 0.001758
0.536424 0.00175825
0.536658 0.00176175
0.536893 0.00176175
0.537128 0.0017625
0.537363 0.001764
0.537597 0.001787
0.537832 0.0017885
0.538067 0.00179025
0.538302 0.0017915
0.538536 0.00179275
0.538771 0.00179975
0.539006 0.0018005
0.539241 0.001802
0.539475 0.001802
0.53971 0.00180225
0.539945 0.001803
0.54018 0.001803
0.540414 0.0018045
0.540649 0.001814
0.540884 0.001815
0.541119 0.0018165
0.541354 0.001819
0.541588 0.001821
0.541823 0.00182225
0.542058 0.00182275
0.542293 0.00182525
0.542527 0.00182575
0.542762 0.001827
0.542997 0.00182825
0.543232 0.00182875
0.543466 0.00182875
0.543701 0.001829
0.543936 0.0018305
0.544171 0.0018315
0.544405 0.0018335
0.54464 0.0018385
0.544875 0.00184
0.54511 0.00184175
0.545344 0.00184375
0.545579 0.001845
0.545814 0.00184525
0.546049 0.00185375
0.546283 0.001856
0.546518 0.00186325
0.546753 0.001865
0.546988 0.00186575
0.547222 0.00186725
0.547457 0.0018685
0.547692 0.00187
0.547927 0.00187075
0.548162 0.00187175
0.548396 0.00187275
0.548631 0.00187325
0.548866 0.00187375
0.549101 0.00187475
0.549335 0.00187525
0.54957 0.0019475
0.549805 0.001948
0.55004 0.00194925
0.550274 0.001951
0.550509 0.0019515
0.550744 0.00195625
0.550979 0.00196075
0.551213 0.00196225
0.551448 0.00196275
0.551683 0.002101
0.551918 0.0021025
0.552152 0.002105
0.552387 0.00210675
0.552622 0.00210875
0.552857 0.00211025
0.553091 0.00211125
0.553326 0.0021255
0.553561 0.00213
0.553796 0.00213075
0.55403 0.00213075
0.554265 0.0021315
0.5545 0.002132
0.554735 0.00213275
0.55497 0.00213425
0.555204 0.00213775
0.555439 0.00243125
0.555674 0.00243325
0.555909 0.002434
0.556143 0.00243425
0.556378 0.002435
0.556613 0.002436
0.556848 0.0024365
0.557082 0.00243925
0.557317 0.00244025
0.557552 0.0024415
0.557787 0.00244575
0.558021 0.00244575
0.558256 0.0024465
0.558491 0.0024485
0.558726 0.00244975
0.55896 0.0024505
0.559195 0.002451
0.55943 0.00245175
0.559665 0.002455
0.559899 0.00250775
0.560134 0.002514
0.560369 0.002515
0.560604 0.0025155
0.560838 0.00251725
0.561073 0.0025175
0.561308 0.002519
0.561543 0.00252075
0.561778 0.0025215
0.562012 0.0025215
0.562247 0.00252275
0.562482 0.00252425
0.562717 0.00252575
0.562951 0.002526
0.563186 0.0025265
0.563421 0.002527
0.563656 0.00252925
0.56389 0.0025355
0.564125 0.0025365
0.56436 0.0025385
0.564595 0.002539
0.564829 0.0025395
0.565064 0.00254
0.565299 0.00255875
0.565534 0.00256575
0.565768 0.00257
0.566003 0.0025715
0.566238 0.0025725
0.566473 0.0025735
0.566707 0.002577
0.566942 0.00258
0.567177 0.002582
0.567412 0.0025835
0.567646 0.00258425
0.567881 0.00258975
0.568116 0.002591
0.568351 0.00259275
0.568586 0.0025975
0.56882 0.00259875
0.569055 0.0026005
0.56929 0.0026055
0.569525 0.0026065
0.569759 0.002607
0.569994 0.002629
0.570229 0.0026315
0.570464 0.002635
0.570698 0.00263625
0.570933 0.00266675
0.571168 0.0026695
0.571403 0.0027015
0.571637 0.002702
0.571872 0.00270775
0.572107 0.00270925
0.572342 0.002712
0.572576 0.00271275
0.572811 0.002713
0.573046 0.0027145
0.573281 0.00271575
0.573515 0.0027275
0.57375 0.0027295
0.573985 0.0027315
0.57422 0.00273325
0.574454 0.00273375
0.574689 0.00273525
0.574924 0.00273575
0.575159 0.00273775
0.575394 0.00273825
0.575628 0.0027485
0.575863 0.00275025
0.576098 0.0027515
0.576333 0.00277625
0.576567 0.00277725
0.576802 0.00277825
0.577037 0.00278575
0.577272 0.00280175
0.577506 0.0028045
0.577741 0.00284625
0.577976 0.002847
0.578211 0.0028495
0.578445 0.00285175
0.57868 0.00285475
0.578915 0.003332
0.57915 0.003338
0.579384 0.0033395
0.579619 0.003341
0.579854 0.0033435
0.580089 0.0033615
0.580323 0.003368
0.580558 0.00337025
0.580793 0.0033715
0.581028 0.00337425
0.581263 0.0033745
0.581497 0.003418
0.581732 0.00342025
0.581967 0.00347275
0.582202 0.00347375
0.582436 0.00347525
0.582671 0.003477
0.582906 0.00348075
0.583141 0.00348875
0.583375 0.0034925
0.58361 0.003514
0.583845 0.003522
0.58408 0.0035255
0.584314 0.003527
0.584549 0.00352825
0.584784 0.003531
0.585019 0.003534
0.585253 0.003559
0.585488 0.00356075
0.585723 0.00356125
0.585958 0.00357125
0.586192 0.00357225
0.586427 0.0035735
0.586662 0.0035745
0.586897 0.0035785
0.587131 0.0035805
0.587366 0.003583
0.587601 0.00358575
0.587836 0.00358675
0.588071 0.00359025
0.588305 0.003591
0.58854 0.0035945
0.588775 0.0035955
0.58901 0.003599
0.589244 0.00360125
0.589479 0.003603
0.589714 0.003604
0.589949 0.003606
0.590183 0.003608
0.590418 0.00360875
0.590653 0.0036125
0.590888 0.00361375
0.591122 0.00361825
0.591357 0.00362
0.591592 0.00362225
0.591827 0.00362925
0.592061 0.00363175
0.592296 0.00363325
0.592531 0.003635
0.592766 0.0036395
0.593 0.0036415
0.593235 0.00364475
0.59347 0.00364625
0.593705 0.0036485
0.593939 0.00365225
0.594174 0.0036535
0.594409 0.003655
0.594644 0.003657
0.594879 0.003659
0.595113 0.00366175
0.595348 0.00366575
0.595583 0.00366625
0.595818 0.00366925
0.596052 0.00367
0.596287 0.0036715
0.596522 0.00367275
0.596757 0.0036745
0.596991 0.003682
0.597226 0.0036835
0.597461 0.00368475
0.597696 0.00368575
0.59793 0.00368875
0.598165 0.00369225
0.5984 0.00369325
0.598635 0.0038315
0.598869 0.00383225
0.599104 0.00383375
0.599339 0.0038375
0.599574 0.00383925
0.599808 0.00384875
0.600043 0.00385325
0.600278 0.003855
0.600513 0.0038575
0.600747 0.0038615
0.600982 0.00390925
0.601217 0.00391025
0.601452 0.00391175
0.601687 0.00391375
0.601921 0.0039205
0.602156 0.0039215
0.602391 0.0039225
0.602626 0.00393225
0.60286 0.00393275
0.603095 0.00393425
0.60333 0.0039355
0.603565 0.0039395
0.603799 0.0039415
0.604034 0.003944
0.604269 0.00394575
0.604504 0.0039475
0.604738 0.00394825
0.604973 0.00394925
0.605208 0.0039665
0.605443 0.00396975
0.605677 0.0039705
0.605912 0.00397325
0.606147 0.0039735
0.606382 0.00397475
0.606616 0.00398075
0.606851 0.0039825
0.607086 0.00402375
0.607321 0.004031
0.607555 0.00403175
0.60779 0.004034
0.608025 0.004037
0.60826 0.0040385
0.608495 0.0040405
0.608729 0.004044
0.608964 0.00404925
0.609199 0.004051
0.609434 0.0040525
0.609668 0.00405475
0.609903 0.004056
0.610138 0.00406325
0.610373 0.0040635
0.610607 0.004077
0.610842 0.00407975
0.611077 0.00408075
0.611312 0.0040815
0.611546 0.00408475
0.611781 0.004103
0.612016 0.00410725
0.612251 0.00412475
0.612485 0.00412725
0.61272 0.00414125
0.612955 0.004144
0.61319 0.0041455
0.613424 0.004147
0.613659 0.004154
0.613894 0.0041585
0.614129 0.00416275
0.614363 0.0041685
0.614598 0.00417275
0.614833 0.004175
0.615068 0.004178
0.615303 0.00418175
0.615537 0.0041835
0.615772 0.004187
0.616007 0.00419275
0.616242 0.004197
0.616476 0.0041985
0.616711 0.004209
0.616946 0.00420975
0.617181 0.0042125
0.617415 0.0042265
0.61765 0.00423975
0.617885 0.0042405
0.61812 0.0042425
0.618354 0.0042535
0.618589 0.00436275
0.618824 0.00436425
0.619059 0.00436675
0.619293 0.004369
0.619528 0.00437225
0.619763 0.00437525
0.619998 0.00437925
0.620232 0.00438325
0.620467 0.004385
0.620702 0.0043925
0.620937 0.004806
0.621171 0.0048085
0.621406 0.004812
0.621641 0.00481675
0.621876 0.00482
0.622111 0.00483275
0.622345 0.0048375
0.62258 0.0048395
0.622815 0.004841
0.62305 0.00484475
0.623284 0.004847
0.623519 0.0048495
0.623754 0.00485675
0.623989 0.004873
0.624223 0.00487475
0.624458 0.00487725
0.624693 0.004883
0.624928 0.00488475
0.625162 0.00488675
0.625397 0.00488975
0.625632 0.00489825
0.625867 0.00489925
0.626101 0.00490175
0.626336 0.0049035
0.626571 0.004909
0.626806 0.00498025
0.62704 0.0049875
0.627275 0.00498975
0.62751 0.00499425
0.627745 0.005488
0.627979 0.00549075
0.628214 0.00550025
0.628449 0.00550575
0.628684 0.00553925
0.628919 0.0055415
0.629153 0.0056185
0.629388 0.0056235
0.629623 0.00589175
0.629858 0.00589375
0.630092 0.00589775
0.630327 0.005908
0.630562 0.0059135
0.630797 0.00591525
0.631031 0.00591875
0.631266 0.005937
0.631501 0.0059395
0.631736 0.0059425
0.63197 0.005956
0.632205 0.0059585
0.63244 0.006033
0.632675 0.00604025
0.632909 0.00604175
0.633144 0.006046
0.633379 0.0061055
0.633614 0.006127
0.633848 0.00653675
0.634083 0.00654
0.634318 0.00669125
0.634553 0.00669825
0.634787 0.00670075
0.635022 0.0067045
0.635257 0.00670825
0.635492 0.0067405
0.635727 0.0072165
0.635961 0.00721875
0.636196 0.00723175
0.636431 0.00732775
0.636666 0.00732875
0.6369 0.00733025
0.637135 0.00734175
0.63737 0.007348
0.637605 0.0073555
0.637839 0.00735675
0.638074 0.007361
0.638309 0.0076535
0.638544 0.00765975
0.638778 0.0076615
0.639013 0.007664
0.639248 0.00767325
0.639483 0.0076765
0.639717 0.00768275
0.639952 0.00768925
0.640187 0.00769225
0.640422 0.00770475
0.640656 0.00770775
0.640891 0.007713
0.641126 0.007715
0.641361 0.00771775
0.641595 0.00772275
0.64183 0.00772775
0.642065 0.0077305
0.6423 0.007734
0.642535 0.007748
0.642769 0.0077675
0.643004 0.0077715
0.643239 0.00781075
0.643474 0.00784175
0.643708 0.007848
0.643943 0.00785475
0.644178 0.00786225
0.644413 0.0078675
0.644647 0.00786925
0.644882 0.0079175
0.645117 0.00792025
0.645352 0.0079265
0.645586 0.00793
0.645821 0.007933
0.646056 0.00794475
0.646291 0.0079495
0.646525 0.00795325
0.64676 0.00795575
0.646995 0.00795975
0.64723 0.00797375
0.647464 0.0079845
0.647699 0.0079865
0.647934 0.00805125
0.648169 0.00805275
0.648403 0.00806025
0.648638 0.008086
0.648873 0.0080945
0.649108 0.00822
0.649343 0.0082765
0.649577 0.00827975
0.649812 0.00829125
0.650047 0.00829725
0.650282 0.0083055
0.650516 0.00831825
0.650751 0.00831925
0.650986 0.00832525
0.651221 0.00833075
0.651455 0.008334
0.65169 0.0083415
0.651925 0.00836075
0.65216 0.0083635
0.652394 0.00840675
0.652629 0.00841075
0.652864 0.0084165
0.653099 0.008423
0.653333 0.0084295
0.653568 0.00843325
0.653803 0.00844675
0.654038 0.008452
0.654272 0.008467
0.654507 0.00846975
0.654742 0.0084745
0.654977 0.008483
0.655211 0.00849775
0.655446 0.008501
0.655681 0.00850525
0.655916 0.00851175
0.656151 0.00851925
0.656385 0.0085345
0.65662 0.00855775
0.656855 0.008571
0.65709 0.0086025
0.657324 0.00861025
0.657559 0.0086335
0.657794 0.0086375
0.658029 0.00864275
0.658263 0.00867425
0.658498 0.00868175
0.658733 0.00925825
0.658968 0.00926175
0.659202 0.00926675
0.659437 0.00927425
0.659672 0.0092795
0.659907 0.00928575
0.660141 0.00931725
0.660376 0.00933
0.660611 0.009338
0.660846 0.0093495
0.66108 0.0093545
0.661315 0.00997925
0.66155 0.009987
0.661785 0.009993
0.662019 0.0100047
0.662254 0.010024
0.662489 0.010061
0.662724 0.010087
0.662959 0.0101295
0.663193 0.0101338
0.663428 0.0101522
0.663663 0.0101568
0.663898 0.0101583
0.664132 0.010162
0.664367 0.0101668
0.664602 0.0101712
0.664837 0.010178
0.665071 0.0101972
0.665306 0.0102015
0.665541 0.0102182
0.665776 0.0102367
0.66601 0.0102413
0.666245 0.0102465
0.66648 0.0102483
0.666715 0.0102835
0.666949 0.0102905
0.667184 0.0103252
0.667419 0.0103315
0.667654 0.0103445
0.667888 0.0103648
0.668123 0.0104135
0.668358 0.010434
0.668593 0.010444
0.668827 0.0104557
0.669062 0.01046
0.669297 0.0104685
0.669532 0.0104755
0.669767 0.010501
0.670001 0.0105065
0.670236 0.0105112
0.670471 0.0105813
0.670706 0.0105973
0.67094 0.0106115
0.671175 0.0106397
0.67141 0.0106455
0.671645 0.0106505
0.671879 0.0106613
0.672114 0.0106695
0.672349 0.010711
0.672584 0.010714
0.672818 0.01072
0.673053 0.011073
0.673288 0.0111085
0.673523 0.0111298
0.673757 0.0112213
0.673992 0.0112242
0.674227 0.01123
0.674462 0.0112362
0.674696 0.0115445
0.674931 0.0115563
0.675166 0.0115683
0.675401 0.0115823
0.675635 0.0115932
0.67587 0.0116022
0.676105 0.0116118
0.67634 0.011625
0.676575 0.0116305
0.676809 0.0116433
0.677044 0.0116492
0.677279 0.0116568
0.677514 0.0116607
0.677748 0.0117085
0.677983 0.0117565
0.678218 0.0117827
0.678453 0.0117873
0.678687 0.0117935
0.678922 0.011812
0.679157 0.0127635
0.679392 0.0127685
0.679626 0.012798
0.679861 0.012833
0.680096 0.0128422
0.680331 0.0128865
0.680565 0.0128965
0.6808 0.012905
0.681035 0.0129435
0.68127 0.0129477
0.681504 0.0129543
0.681739 0.012983
0.681974 0.0129945
0.682209 0.0130098
0.682443 0.0130395
0.682678 0.013353
0.682913 0.013363
0.683148 0.013379
0.683383 0.013387
0.683617 0.0134325
0.683852 0.013499
0.684087 0.0135163
0.684322 0.0135248
0.684556 0.013549
0.684791 0.013794
0.685026 0.0138113
0.685261 0.0138315
0.685495 0.0138382
0.68573 0.013854
0.685965 0.0139138
0.6862 0.0139288
0.686434 0.0139682
0.686669 0.0139832
0.686904 0.0140092
0.687139 0.014016
0.687373 0.0140258
0.687608 0.0140418
0.687843 0.0140485
0.688078 0.0140715
0.688312 0.0140865
0.688547 0.0140932
0.688782 0.0141078
0.689017 0.0141272
0.689251 0.0141505
0.689486 0.0141715
0.689721 0.0141923
0.689956 0.014212
0.690191 0.0142378
0.690425 0.0142548
0.69066 0.0142793
0.690895 0.0142872
0.69113 0.0143007
0.691364 0.0143237
0.691599 0.0143608
0.691834 0.0143667
0.692069 0.014389
0.692303 0.014418
0.692538 0.0144255
0.692773 0.0144415
0.693008 0.0144723
0.693242 0.015433
0.693477 0.015444
0.693712 0.0155245
0.693947 0.0155575
0.694181 0.0156072
0.694416 0.0156282
0.694651 0.0156385
0.694886 0.0156445
0.69512 0.0156503
0.695355 0.015685
0.69559 0.0157112
0.695825 0.01572
0.696059 0.0157312
0.696294 0.0159515
0.696529 0.0159647
0.696764 0.0159945
0.696999 0.016013
0.697233 0.0161293
0.697468 0.0161498
0.697703 0.0161628
0.697938 0.0162185
0.698172 0.01626
0.698407 0.016266
0.698642 0.0163895
0.698877 0.0164052
0.699111 0.016417
0.699346 0.0164348
0.699581 0.0164438
0.699816 0.0164607
0.70005 0.0164863
0.700285 0.0165052
0.70052 0.0165152
0.700755 0.0165295
0.700989 0.0165997
0.701224 0.0166062
0.701459 0.0166253
0.701694 0.0166472
0.701928 0.0166708
0.702163 0.016723
0.702398 0.0167592
0.702633 0.0167708
0.702867 0.0167895
0.703102 0.016914
0.703337 0.0170362
0.703572 0.0170605
0.703807 0.0170712
0.704041 0.0170765
0.704276 0.0170922
0.704511 0.0170995
0.704746 0.01711
0.70498 0.0171658
0.705215 0.017177
0.70545 0.017189
0.705685 0.0171975
0.705919 0.017207
0.706154 0.0172288
0.706389 0.017276
0.706624 0.0172852
0.706858 0.0172975
0.707093 0.0173043
0.707328 0.017312
0.707563 0.017321
0.707797 0.0173333
0.708032 0.0173547
0.708267 0.0173668
0.708502 0.0173757
0.708736 0.0173885
0.708971 0.017393
0.709206 0.0174015
0.709441 0.0174085
0.709676 0.0174263
0.70991 0.0174342
0.710145 0.0174595
0.71038 0.0174643
0.710615 0.0175175
0.710849 0.017534
0.711084 0.017542
0.711319 0.0175635
0.711554 0.0175987
0.711788 0.017612
0.712023 0.0176225
0.712258 0.0176628
0.712493 0.0176793
0.712727 0.0177132
0.712962 0.0177358
0.713197 0.0177437
0.713432 0.0177685
0.713666 0.017895
0.713901 0.0179315
0.714136 0.0179683
0.714371 0.017984
0.714605 0.0180137
0.71484 0.0180223
0.715075 0.0180275
0.71531 0.0180648
0.715544 0.0180845
0.715779 0.0181093
0.716014 0.0181508
0.716249 0.0181635
0.716484 0.0181805
0.716718 0.018191
0.716953 0.0182143
0.717188 0.0182297
0.717423 0.0182698
0.717657 0.0183395
0.717892 0.018413
0.718127 0.0184235
0.718362 0.018439
0.718596 0.0184477
0.718831 0.018483
0.719066 0.0185027
0.719301 0.0185415
0.719535 0.0186478
0.71977 0.0186727
0.720005 0.0186975
0.72024 0.018708
0.720474 0.0187683
0.720709 0.018902
0.720944 0.0189195
0.721179 0.0189407
0.721413 0.019033
0.721648 0.0190393
0.721883 0.0190643
0.722118 0.0190703
0.722352 0.0190743
0.722587 0.019088
0.722822 0.019101
0.723057 0.0191695
0.723292 0.0191802
0.723526 0.0191975
0.723761 0.019323
0.723996 0.0193283
0.724231 0.019339
0.724465 0.0193565
0.7247 0.0194075
0.724935 0.0194225
0.72517 0.0194553
0.725404 0.0194717
0.725639 0.019488
0.725874 0.0194975
0.726109 0.019524
0.726343 0.0195482
0.726578 0.0195692
0.726813 0.0195873
0.727048 0.0195995
0.727282 0.0196277
0.727517 0.019728
0.727752 0.019745
0.727987 0.0197702
0.728221 0.0197778
0.728456 0.0204958
0.728691 0.020512
0.728926 0.0205232
0.72916 0.0205458
0.729395 0.020559
0.72963 0.0205677
0.729865 0.0206068
0.7301 0.0206393
0.730334 0.0206625
0.730569 0.020679
0.730804 0.0207328
0.731039 0.02077
0.731273 0.02079
0.731508 0.0208062
0.731743 0.020826
0.731978 0.020832
0.732212 0.0208438
0.732447 0.020877
0.732682 0.0208867
0.732917 0.0209025
0.733151 0.0210033
0.733386 0.021082
0.733621 0.0210975
0.733856 0.0211055
0.73409 0.0211248
0.734325 0.0211413
0.73456 0.0211752
0.734795 0.021316
0.735029 0.021348
0.735264 0.0213627
0.735499 0.0213708
0.735734 0.0213827
0.735968 0.0214333
0.736203 0.0214517
0.736438 0.02149
0.736673 0.0215578
0.736908 0.0215683
0.737142 0.0216155
0.737377 0.0216255
0.737612 0.0216602
0.737847 0.0217925
0.738081 0.0218265
0.738316 0.0218595
0.738551 0.0219148
0.738786 0.0219267
0.73902 0.0221748
0.739255 0.022183
0.73949 0.0221963
0.739725 0.0223518
0.739959 0.0223983
0.740194 0.02244
0.740429 0.0224587
0.740664 0.0224815
0.740898 0.0225665
0.741133 0.0225743
0.741368 0.0226583
0.741603 0.0227445
0.741837 0.0227572
0.742072 0.0227975
0.742307 0.0228425
0.742542 0.0229003
0.742776 0.02296
0.743011 0.0229668
0.743246 0.0230172
0.743481 0.0230565
0.743716 0.0230722
0.74395 0.0231998
0.744185 0.0232175
0.74442 0.0232538
0.744655 0.023275
0.744889 0.0232863
0.745124 0.0233187
0.745359 0.023607
0.745594 0.0237067
0.745828 0.0237515
0.746063 0.0238608
0.746298 0.0238767
0.746533 0.0240905
0.746767 0.024133
0.747002 0.0243368
0.747237 0.0244103
0.747472 0.0245435
0.747706 0.0245857
0.747941 0.0246013
0.748176 0.024665
0.748411 0.024685
0.748645 0.0247158
0.74888 0.0247582
0.749115 0.0247848
0.74935 0.0248145
0.749584 0.0248295
0.749819 0.0248405
0.750054 0.0248585
0.750289 0.0248692
0.750524 0.0249193
0.750758 0.0249355
0.750993 0.0249452
0.751228 0.0249745
0.751463 0.0249845
0.751697 0.0251623
0.751932 0.0252097
0.752167 0.0252305
0.752402 0.0252393
0.752636 0.0252647
0.752871 0.0252865
0.753106 0.0253107
0.753341 0.025324
0.753575 0.0253382
0.75381 0.0253473
0.754045 0.025374
0.75428 0.0254083
0.754514 0.0254578
0.754749 0.0254687
0.754984 0.0254818
0.755219 0.0255075
0.755453 0.0255875
0.755688 0.025619
0.755923 0.0256505
0.756158 0.025686
0.756392 0.0257825
0.756627 0.0258022
0.756862 0.0258127
0.757097 0.0258267
0.757332 0.025854
0.757566 0.0258695
0.757801 0.0258825
0.758036 0.025903
0.758271 0.025922
0.758505 0.0259372
0.75874 0.026002
0.758975 0.026103
0.75921 0.0261373
0.759444 0.0262338
0.759679 0.0263365
0.759914 0.0263695
0.760149 0.0263878
0.760383 0.026408
0.760618 0.026434
0.760853 0.0264463
0.761088 0.026475
0.761322 0.0264908
0.761557 0.0265215
0.761792 0.0265562
0.762027 0.026577
0.762261 0.0266075
0.762496 0.0266398
0.762731 0.0266683
0.762966 0.0266837
0.7632 0.0267
0.763435 0.0267427
0.76367 0.0267592
0.763905 0.026799
0.76414 0.026826
0.764374 0.0268628
0.764609 0.0269655
0.764844 0.0269808
0.765079 0.0270037
0.765313 0.0270542
0.765548 0.0270738
0.765783 0.0270848
0.766018 0.0271088
0.766252 0.0271355
0.766487 0.0271457
0.766722 0.0271695
0.766957 0.0272105
0.767191 0.0272187
0.767426 0.02736
0.767661 0.0273747
0.767896 0.027405
0.76813 0.0274785
0.768365 0.0274978
0.7686 0.0275502
0.768835 0.0275775
0.769069 0.0276925
0.769304 0.0277165
0.769539 0.0280943
0.769774 0.0281542
0.770008 0.028171
0.770243 0.0281873
0.770478 0.028252
0.770713 0.0282598
0.770948 0.0283013
0.771182 0.0283282
0.771417 0.0283532
0.771652 0.0283902
0.771887 0.0284033
0.772121 0.0284133
0.772356 0.028586
0.772591 0.0286043
0.772826 0.0287657
0.77306 0.0287775
0.773295 0.0288463
0.77353 0.0289368
0.773765 0.0289622
0.773999 0.0290265
0.774234 0.0290448
0.774469 0.0290845
0.774704 0.0292262
0.774938 0.0292525
0.775173 0.0292655
0.775408 0.0292822
0.775643 0.029332
0.775877 0.029352
0.776112 0.029369
0.776347 0.0293815
0.776582 0.0294315
0.776816 0.0294438
0.777051 0.0295042
0.777286 0.029527
0.777521 0.0295518
0.777756 0.029572
0.77799 0.0296338
0.778225 0.029653
0.77846 0.0296905
0.778695 0.029718
0.778929 0.0298657
0.779164 0.029881
0.779399 0.0299275
0.779634 0.0299575
0.779868 0.029967
0.780103 0.0300025
0.780338 0.030021
0.780573 0.0300325
0.780807 0.0300573
0.781042 0.030106
0.781277 0.030131
0.781512 0.030166
0.781746 0.0301995
0.781981 0.0302415
0.782216 0.0302838
0.782451 0.030363
0.782685 0.0304423
0.78292 0.030465
0.783155 0.030491
0.78339 0.030504
0.783624 0.0305387
0.783859 0.0305517
0.784094 0.0305862
0.784329 0.0306185
0.784564 0.0306815
0.784798 0.030713
0.785033 0.030814
0.785268 0.0308278
0.785503 0.0308542
0.785737 0.0308715
0.785972 0.0308833
0.786207 0.0309275
0.786442 0.0309635
0.786676 0.0309932
0.786911 0.0310372
0.787146 0.031062
0.787381 0.0310902
0.787615 0.0311035
0.78785 0.0311207
0.788085 0.0311655
0.78832 0.0312275
0.788554 0.0312457
0.788789 0.031257
0.789024 0.031267
0.789259 0.031287
0.789493 0.0313735
0.789728 0.0313983
0.789963 0.031499
0.790198 0.0315395
0.790432 0.0315768
0.790667 0.0316235
0.790902 0.0316442
0.791137 0.0316855
0.791372 0.0317135
0.791606 0.0317475
0.791841 0.0317648
0.792076 0.0317983
0.792311 0.0319015
0.792545 0.0320205
0.79278 0.0320327
0.793015 0.0321352
0.79325 0.0321865
0.793484 0.0322078
0.793719 0.0322255
0.793954 0.032269
0.794189 0.0323603
0.794423 0.032372
0.794658 0.032407
0.794893 0.0324313
0.795128 0.0324783
0.795362 0.03251
0.795597 0.0325695
0.795832 0.0326033
0.796067 0.0326295
0.796301 0.0326765
0.796536 0.0326985
0.796771 0.0327112
0.797006 0.0327335
0.79724 0.0327595
0.797475 0.0327822
0.79771 0.0328475
0.797945 0.0329105
0.79818 0.0329335
0.798414 0.0329482
0.798649 0.0329878
0.798884 0.0330273
0.799119 0.033065
0.799353 0.033183
0.799588 0.0332448
0.799823 0.0332705
0.800058 0.0333193
0.800292 0.0333463
0.800527 0.0333598
0.800762 0.0333845
0.800997 0.0334257
0.801231 0.0334428
0.801466 0.033467
0.801701 0.0334853
0.801936 0.033515
0.80217 0.033568
0.802405 0.0335905
0.80264 0.0336313
0.802875 0.0336827
0.803109 0.0337195
0.803344 0.033733
0.803579 0.0337532
0.803814 0.0338997
0.804048 0.0339765
0.804283 0.0340605
0.804518 0.0340758
0.804753 0.0340942
0.804988 0.0341277
0.805222 0.034149
0.805457 0.034178
0.805692 0.0342462
0.805927 0.034395
0.806161 0.0344163
0.806396 0.0344735
0.806631 0.0344895
0.806866 0.0345567
0.8071 0.034584
0.807335 0.0347755
0.80757 0.0348108
0.807805 0.0348265
0.808039 0.0348515
0.808274 0.0348922
0.808509 0.0349065
0.808744 0.0349283
0.808978 0.0349602
0.809213 0.0349877
0.809448 0.0350002
0.809683 0.0350925
0.809917 0.035119
0.810152 0.0351757
0.810387 0.0351913
0.810622 0.0352365
0.810856 0.0352553
0.811091 0.0352743
0.811326 0.0352997
0.811561 0.0353492
0.811796 0.035418
0.81203 0.0354467
0.812265 0.0354672
0.8125 0.0354993
0.812735 0.0355113
0.812969 0.0355512
0.813204 0.0355712
0.813439 0.0356078
0.813674 0.0356275
0.813908 0.0356487
0.814143 0.0358303
0.814378 0.0359845
0.814613 0.036023
0.814847 0.03604
0.815082 0.0360893
0.815317 0.0361493
0.815552 0.0361742
0.815786 0.0362073
0.816021 0.0362525
0.816256 0.0363487
0.816491 0.0363755
0.816725 0.0364123
0.81696 0.0364418
0.817195 0.0364575
0.81743 0.0364745
0.817664 0.0365555
0.817899 0.036595
0.818134 0.0366802
0.818369 0.0367265
0.818604 0.036767
0.818838 0.0368015
0.819073 0.0368955
0.819308 0.0369872
0.819543 0.0370687
0.819777 0.0370902
0.820012 0.0371495
0.820247 0.0372065
0.820482 0.0372743
0.820716 0.037316
0.820951 0.03734
0.821186 0.0373638
0.821421 0.0374048
0.821655 0.0374865
0.82189 0.0375135
0.822125 0.0375772
0.82236 0.0376262
0.822594 0.037651
0.822829 0.0376722
0.823064 0.0378098
0.823299 0.0378802
0.823533 0.0379323
0.823768 0.0379855
0.824003 0.0379985
0.824238 0.0380122
0.824472 0.03807
0.824707 0.038085
0.824942 0.0381153
0.825177 0.0381392
0.825412 0.038218
0.825646 0.0382432
0.825881 0.0382565
0.826116 0.0384528
0.826351 0.0384835
0.826585 0.0385663
0.82682 0.0385803
0.827055 0.0386278
0.82729 0.0386813
0.827524 0.038711
0.827759 0.0387427
0.827994 0.0387785
0.828229 0.038801
0.828463 0.0388908
0.828698 0.0389297
0.828933 0.0389615
0.829168 0.0389958
0.829402 0.0390947
0.829637 0.039152
0.829872 0.0391935
0.830107 0.0392282
0.830341 0.0392643
0.830576 0.0393208
0.830811 0.0393587
0.831046 0.039415
0.83128 0.039455
0.831515 0.0394945
0.83175 0.0395153
0.831985 0.039544
0.83222 0.0397665
0.832454 0.0397972
0.832689 0.0398507
0.832924 0.0398787
0.833159 0.039904
0.833393 0.039929
0.833628 0.0400075
0.833863 0.0400755
0.834098 0.040129
0.834332 0.0401825
0.834567 0.0402412
0.834802 0.0403193
0.835037 0.0403485
0.835271 0.0403792
0.835506 0.0404023
0.835741 0.0404202
0.835976 0.0405165
0.83621 0.040635
0.836445 0.0406582
0.83668 0.0407163
0.836915 0.0408065
0.837149 0.040844
0.837384 0.040874
0.837619 0.0409578
0.837854 0.040981
0.838089 0.0411045
0.838323 0.0411375
0.838558 0.0411705
0.838793 0.0411975
0.839028 0.041279
0.839262 0.0413253
0.839497 0.0414055
0.839732 0.0414368
0.839967 0.0414757
0.840201 0.041506
0.840436 0.041563
0.840671 0.0416653
0.840906 0.0418085
0.84114 0.041854
0.841375 0.0419928
0.84161 0.042014
0.841845 0.0420748
0.842079 0.0421282
0.842314 0.0421518
0.842549 0.042212
0.842784 0.0422903
0.843018 0.0424122
0.843253 0.0425285
0.843488 0.0425525
0.843723 0.0426145
0.843957 0.0426428
0.844192 0.0426965
0.844427 0.0427138
0.844662 0.0427395
0.844897 0.0427893
0.845131 0.0428207
0.845366 0.0428868
0.845601 0.0429045
0.845836 0.0429415
0.84607 0.0430235
0.846305 0.0432092
0.84654 0.043234
0.846775 0.043268
0.847009 0.0433497
0.847244 0.0433815
0.847479 0.0434112
0.847714 0.04345
0.847948 0.0434923
0.848183 0.0435173
0.848418 0.0435357
0.848653 0.0435815
0.848887 0.0436695
0.849122 0.043784
0.849357 0.0438055
0.849592 0.0439117
0.849826 0.0439418
0.850061 0.0439665
0.850296 0.0439965
0.850531 0.044016
0.850765 0.0440562
0.851 0.0440755
0.851235 0.0441068
0.85147 0.0441485
0.851705 0.044245
0.851939 0.0443185
0.852174 0.0443817
0.852409 0.0444037
0.852644 0.0445067
0.852878 0.0445477
0.853113 0.0445818
0.853348 0.044611
0.853583 0.0446472
0.853817 0.044673
0.854052 0.0446968
0.854287 0.0447405
0.854522 0.0448815
0.854756 0.0449107
0.854991 0.0449387
0.855226 0.0450405
0.855461 0.0451058
0.855695 0.0451325
0.85593 0.0452058
0.856165 0.0452595
0.8564 0.0452925
0.856634 0.0453153
0.856869 0.0453392
0.857104 0.0454037
0.857339 0.0454683
0.857573 0.0455313
0.857808 0.0455537
0.858043 0.0455767
0.858278 0.0456107
0.858513 0.0456317
0.858747 0.045793
0.858982 0.045891
0.859217 0.0459102
0.859452 0.0460272
0.859686 0.0460972
0.859921 0.0462125
0.860156 0.0462398
0.860391 0.0462627
0.860625 0.0462977
0.86086 0.0463275
0.861095 0.0463765
0.86133 0.0465322
0.861564 0.0465672
0.861799 0.0466302
0.862034 0.0466995
0.862269 0.0467357
0.862503 0.0467928
0.862738 0.0468293
0.862973 0.04687
0.863208 0.046894
0.863442 0.0469535
0.863677 0.0470312
0.863912 0.047181
0.864147 0.047248
0.864381 0.047445
0.864616 0.0474718
0.864851 0.0475278
0.865086 0.0475583
0.865321 0.0476497
0.865555 0.0477002
0.86579 0.0478135
0.866025 0.047836
0.86626 0.0480185
0.866494 0.0481005
0.866729 0.04817
0.866964 0.0481898
0.867199 0.0482122
0.867433 0.0482825
0.867668 0.0483403
0.867903 0.0483847
0.868138 0.04841
0.868372 0.0484435
0.868607 0.048461
0.868842 0.0484795
0.869077 0.048522
0.869311 0.0485425
0.869546 0.0485775
0.869781 0.0486135
0.870016 0.0486408
0.87025 0.0486535
0.870485 0.048687
0.87072 0.0487378
0.870955 0.0489207
0.871189 0.0489422
0.871424 0.049042
0.871659 0.0490717
0.871894 0.0491103
0.872129 0.0491432
0.872363 0.0491595
0.872598 0.049321
0.872833 0.0493463
0.873068 0.0493847
0.873302 0.0494028
0.873537 0.049453
0.873772 0.0494915
0.874007 0.0495232
0.874241 0.049564
0.874476 0.049606
0.874711 0.0497247
0.874946 0.0498985
0.87518 0.049947
0.875415 0.0499933
0.87565 0.0500345
0.875885 0.0500883
0.876119 0.0501215
0.876354 0.0501762
0.876589 0.05022
0.876824 0.0503183
0.877058 0.0505582
0.877293 0.0506077
0.877528 0.050639
0.877763 0.0507
0.877997 0.0507563
0.878232 0.050777
0.878467 0.0508093
0.878702 0.0508355
0.878937 0.0510328
0.879171 0.051065
0.879406 0.051123
0.879641 0.0511655
0.879876 0.0512092
0.88011 0.051255
0.880345 0.0513015
0.88058 0.0513323
0.880815 0.0513643
0.881049 0.051417
0.881284 0.0514517
0.881519 0.0515712
0.881754 0.051628
0.881988 0.051658
0.882223 0.0517123
0.882458 0.0517375
0.882693 0.051816
0.882927 0.0518793
0.883162 0.051912
0.883397 0.0519525
0.883632 0.0520603
0.883866 0.052081
0.884101 0.0521858
0.884336 0.0522082
0.884571 0.0522345
0.884805 0.052274
0.88504 0.0523545
0.885275 0.052389
0.88551 0.052417
0.885745 0.0524462
0.885979 0.052509
0.886214 0.0525505
0.886449 0.0526363
0.886684 0.0526645
0.886918 0.0527305
0.887153 0.0528265
0.887388 0.0528555
0.887623 0.052878
0.887857 0.0529828
0.888092 0.0530185
0.888327 0.053055
0.888562 0.0530912
0.888796 0.053127
0.889031 0.0532118
0.889266 0.0532543
0.889501 0.0532837
0.889735 0.0533617
0.88997 0.0534425
0.890205 0.0534735
0.89044 0.0535025
0.890674 0.0535562
0.890909 0.0536107
0.891144 0.0536805
0.891379 0.053718
0.891613 0.053752
0.891848 0.053805
0.892083 0.0538602
0.892318 0.0539278
0.892553 0.0539645
0.892787 0.0539963
0.893022 0.0541232
0.893257 0.0541445
0.893492 0.054196
0.893726 0.054231
0.893961 0.0542853
0.894196 0.0543047
0.894431 0.0543237
0.894665 0.0543657
0.8949 0.05442
0.895135 0.0544445
0.89537 0.0545415
0.895604 0.0546022
0.895839 0.0547007
0.896074 0.0547352
0.896309 0.0548485
0.896543 0.0548667
0.896778 0.0549432
0.897013 0.054961
0.897248 0.055043
0.897482 0.0551128
0.897717 0.0551435
0.897952 0.0551777
0.898187 0.0552645
0.898421 0.0553047
0.898656 0.0553465
0.898891 0.055389
0.899126 0.055493
0.899361 0.0555645
0.899595 0.0556085
0.89983 0.0556953
0.900065 0.0557285
0.9003 0.0558268
0.900534 0.0558502
0.900769 0.055927
0.901004 0.0559603
0.901239 0.0560335
0.901473 0.0561355
0.901708 0.056352
0.901943 0.0563745
0.902178 0.0564057
0.902412 0.056454
0.902647 0.0565097
0.902882 0.0565717
0.903117 0.0566645
0.903351 0.0567325
0.903586 0.0567773
0.903821 0.056805
0.904056 0.056837
0.90429 0.0568808
0.904525 0.056917
0.90476 0.0569708
0.904995 0.0570325
0.905229 0.0570965
0.905464 0.0571357
0.905699 0.0571603
0.905934 0.0572035
0.906169 0.057276
0.906403 0.0573668
0.906638 0.0574995
0.906873 0.0575717
0.907108 0.0576088
0.907342 0.0576525
0.907577 0.0577025
0.907812 0.0577288
0.908047 0.0577445
0.908281 0.0577978
0.908516 0.0578728
0.908751 0.0579158
0.908986 0.0579653
0.90922 0.0579965
0.909455 0.0580538
0.90969 0.0581197
0.909925 0.058185
0.910159 0.058221
0.910394 0.05825
0.910629 0.0582823
0.910864 0.0583463
0.911098 0.0584145
0.911333 0.058452
0.911568 0.0585492
0.911803 0.0586033
0.912037 0.0586467
0.912272 0.0587035
0.912507 0.05873
0.912742 0.058761
0.912977 0.0587823
0.913211 0.0588277
0.913446 0.0588583
0.913681 0.058927
0.913916 0.0589775
0.91415 0.0590357
0.914385 0.0590948
0.91462 0.0591385
0.914855 0.0592403
0.915089 0.0592772
0.915324 0.0593002
0.915559 0.0593705
0.915794 0.059614
0.916028 0.0596923
0.916263 0.0597285
0.916498 0.059763
0.916733 0.0597907
0.916967 0.0598605
0.917202 0.059913
0.917437 0.059972
0.917672 0.06005
0.917906 0.0601037
0.918141 0.0601385
0.918376 0.0602297
0.918611 0.0602735
0.918845 0.0603667
0.91908 0.0604075
0.919315 0.0605147
0.91955 0.0605562
0.919785 0.06068
0.920019 0.060721
0.920254 0.060782
0.920489 0.0608293
0.920724 0.0608532
0.920958 0.0609113
0.921193 0.0609512
0.921428 0.0610248
0.921663 0.0611032
0.921897 0.061144
0.922132 0.0611812
0.922367 0.0612265
0.922602 0.0612663
0.922836 0.0613175
0.923071 0.061371
0.923306 0.0614297
0.923541 0.0616457
0.923775 0.061689
0.92401 0.0617202
0.924245 0.0618265
0.92448 0.0618942
0.924714 0.0619688
0.924949 0.06201
0.925184 0.0620448
0.925419 0.0620853
0.925653 0.0621497
0.925888 0.0621857
0.926123 0.0622142
0.926358 0.0622468
0.926593 0.06229
0.926827 0.0623505
0.927062 0.062375
0.927297 0.0624202
0.927532 0.0624582
0.927766 0.0625243
0.928001 0.0626035
0.928236 0.0626532
0.928471 0.0627095
0.928705 0.0627637
0.92894 0.062844
0.929175 0.0629317
0.92941 0.0630653
0.929644 0.0631073
0.929879 0.063143
0.930114 0.0631748
0.930349 0.0632097
0.930583 0.0633258
0.930818 0.063359
0.931053 0.0634823
0.931288 0.0635177
0.931522 0.063568
0.931757 0.0636635
0.931992 0.063699
0.932227 0.0637738
0.932461 0.0638232
0.932696 0.0638462
0.932931 0.0639003
0.933166 0.0639263
0.933401 0.0639902
0.933635 0.064043
0.93387 0.064084
0.934105 0.0641338
0.93434 0.0641715
0.934574 0.064212
0.934809 0.0642973
0.935044 0.0643573
0.935279 0.0643917
0.935513 0.0644558
0.935748 0.0645005
0.935983 0.064554
0.936218 0.0646088
0.936452 0.0647075
0.936687 0.064795
0.936922 0.0648428
0.937157 0.0648775
0.937391 0.0649215
0.937626 0.064949
0.937861 0.0649995
0.938096 0.0650687
0.93833 0.065121
0.938565 0.0652362
0.9388 0.0653253
0.939035 0.065397
0.939269 0.0654302
0.939504 0.0655997
0.939739 0.0656313
0.939974 0.0656733
0.940209 0.0657175
0.940443 0.0657603
0.940678 0.0657973
0.940913 0.0658507
0.941148 0.0658912
0.941382 0.0659475
0.941617 0.0660017
0.941852 0.0660625
0.942087 0.066176
0.942321 0.0662165
0.942556 0.066329
0.942791 0.066377
0.943026 0.066426
0.94326 0.0665137
0.943495 0.0665802
0.94373 0.0666497
0.943965 0.0667015
0.944199 0.0667725
0.944434 0.0668047
0.944669 0.0669325
0.944904 0.0669798
0.945138 0.0670305
0.945373 0.0670623
0.945608 0.067177
0.945843 0.0672428
0.946077 0.0672785
0.946312 0.067301
0.946547 0.067362
0.946782 0.0674402
0.947017 0.0675503
0.947251 0.0676193
0.947486 0.0677065
0.947721 0.0677303
0.947956 0.0677985
0.94819 0.0678342
0.948425 0.0678635
0.94866 0.0679322
0.948895 0.0679832
0.949129 0.0680157
0.949364 0.0680358
0.949599 0.0680845
0.949834 0.0682155
0.950068 0.0682558
0.950303 0.068354
0.950538 0.068374
0.950773 0.0684608
0.951007 0.06849
0.951242 0.0685965
0.951477 0.0686443
0.951712 0.068869
0.951946 0.0690547
0.952181 0.0691482
0.952416 0.0692143
0.952651 0.0692413
0.952885 0.0693133
0.95312 0.0693648
0.953355 0.0694038
0.95359 0.0694687
0.953825 0.0695073
0.954059 0.0695677
0.954294 0.0695993
0.954529 0.0696335
0.954764 0.0697352
0.954998 0.069762
0.955233 0.069823
0.955468 0.0698923
0.955703 0.0699358
0.955937 0.0700008
0.956172 0.070074
0.956407 0.070111
0.956642 0.0701558
0.956876 0.0702592
0.957111 0.0702987
0.957346 0.0703312
0.957581 0.0703818
0.957815 0.0706922
0.95805 0.070717
0.958285 0.0707587
0.95852 0.0708245
0.958754 0.0708628
0.958989 0.0709017
0.959224 0.0709687
0.959459 0.0710217
0.959693 0.0710875
0.959928 0.0711848
0.960163 0.0712498
0.960398 0.071289
0.960633 0.0713478
0.960867 0.0713798
0.961102 0.0714595
0.961337 0.071531
0.961572 0.0715725
0.961806 0.0716502
0.962041 0.0717305
0.962276 0.0717638
0.962511 0.07182
0.962745 0.071861
0.96298 0.071942
0.963215 0.0720158
0.96345 0.0720708
0.963684 0.0721057
0.963919 0.072151
0.964154 0.0721958
0.964389 0.072262
0.964623 0.0723017
0.964858 0.072396
0.965093 0.0724225
0.965328 0.0724775
0.965562 0.072509
0.965797 0.072558
0.966032 0.072593
0.966267 0.0726395
0.966502 0.0726968
0.966736 0.0727773
0.966971 0.0728255
0.967206 0.0728625
0.967441 0.07299
0.967675 0.0730535
0.96791 0.0730902
0.968145 0.0731892
0.96838 0.073226
0.968614 0.073278
0.968849 0.0733453
0.969084 0.0733885
0.969319 0.0734893
0.969553 0.0735258
0.969788 0.073555
0.970023 0.0735998
0.970258 0.0736472
0.970492 0.0736997
0.970727 0.0737597
0.970962 0.0739212
0.971197 0.0740258
0.971431 0.0740932
0.971666 0.0741342
0.971901 0.0741943
0.972136 0.074232
0.97237 0.074267
0.972605 0.0743088
0.97284 0.074335
0.973075 0.0744273
0.97331 0.0744715
0.973544 0.074521
0.973779 0.074569
0.974014 0.07463
0.974249 0.0746798
0.974483 0.0747265
0.974718 0.074783
0.974953 0.074825
0.975188 0.0748715
0.975422 0.0749397
0.975657 0.075018
0.975892 0.0750775
0.976127 0.075166
0.976361 0.0752063
0.976596 0.0752822
0.976831 0.0754165
0.977066 0.0754873
0.9773 0.0755418
0.977535 0.0755683
0.97777 0.0756118
0.978005 0.0756972
0.978239 0.0758095
0.978474 0.0758795
0.978709 0.0759635
0.978944 0.0760103
0.979178 0.076048
0.979413 0.0761842
0.979648 0.0762768
0.979883 0.0763265
0.980118 0.0763898
0.980352 0.0764467
0.980587 0.0764838
0.980822 0.076551
0.981057 0.0766118
0.981291 0.07668
0.981526 0.076725
0.981761 0.0767955
0.981996 0.0768345
0.98223 0.0768962
0.982465 0.076969
0.9827 0.0770185
0.982935 0.077104
0.983169 0.077164
0.983404 0.0772015
0.983639 0.077287
0.983874 0.0773627
0.984108 0.0774505
0.984343 0.077478
0.984578 0.077568
0.984813 0.0776793
0.985047 0.0777132
0.985282 0.0777458
0.985517 0.0777965
0.985752 0.077859
0.985986 0.0779182
0.986221 0.0780135
0.986456 0.0780612
0.986691 0.0781345
0.986926 0.0781717
0.98716 0.0782598
0.987395 0.0783057
0.98763 0.0783543
0.987865 0.0783983
0.988099 0.078422
0.988334 0.0784933
0.988569 0.0785722
0.988804 0.078604
0.989038 0.0786893
0.989273 0.0787313
0.989508 0.078754
0.989743 0.0788028
0.989977 0.078869
0.990212 0.0789367
0.990447 0.078979
0.990682 0.079026
0.990916 0.0790683
0.991151 0.0791325
0.991386 0.079209
0.991621 0.079303
0.991855 0.07935
0.99209 0.0794238
0.992325 0.0794635
0.99256 0.0796247
0.992794 0.0798573
0.993029 0.0799447
0.993264 0.0799875
0.993499 0.0800405
0.993734 0.080101
0.993968 0.080132
0.994203 0.0801638
0.994438 0.0802148
0.994673 0.080256
0.994907 0.0803305
0.995142 0.080364
0.995377 0.080442
0.995612 0.0805147
0.995846 0.0805523
0.996081 0.0806178
0.996316 0.0806723
0.996551 0.0807102
0.996785 0.0807698
0.99702 0.0809245
0.997255 0.081068
0.99749 0.0811073
0.997724 0.0811453
0.997959 0.0811998
0.998194 0.0812387
0.998429 0.0813042
0.998663 0.0813998
0.998898 0.081467
0.999133 0.0815373
0.999368 0.081596
0.999602 0.08167
0.999837 0.081711
