0 4.125e-05
0.000715505 5.125e-05
0.00143101 6.125e-05
0.00214652 7.375e-05
0.00286202 9e-05
0.00357753 0.00010625
0.00429303 0.00011875
0.00500854 0.00013125
0.00572404 0.00014
0.00643955 0.00015375
0.00715505 0.00018625
0.00787056 0.0002075
0.00858607 0.0002175
0.00930157 0.00023375
0.0100171 0.00026375
0.0107326 0.0003
0.0114481 0.00033625
0.0121636 0.00035125
0.0128791 0.000375
0.0135946 0.000415
0.0143101 0.0004375
0.0150256 0.00047875
0.0157411 0.00050375
0.0164566 0.000575
0.0171721 0.0006
0.0178876 0.0006375
0.0186031 0.0007425
0.0193186 0.00079375
0.0200342 0.00088375
0.0207497 0.00095125
0.0214652 0.00098375
0.0221807 0.00105125
0.0228962 0.00113125
0.0236117 0.00118875
0.0243272 0.00127625
0.0250427 0.001475
0.0257582 0.001665
0.0264737 0.00196
0.0271892 0.002245
0.0279047 0.002375
0.0286202 0.002475
0.0293357 0.00257875
0.0300512 0.0029
0.0307667 0.00305125
0.0314822 0.00323875
0.0321977 0.00336125
0.0329133 0.00393625
0.0336288 0.00410375
0.0343443 0.0042675
0.0350598 0.0045825
0.0357753 0.00481375
0.0364908 0.00500125
0.0372063 0.0054575
0.0379218 0.0060275
0.0386373 0.00646375
0.0393528 0.00674875
0.0400683 0.00758875
0.0407838 0.0079375
0.0414993 0.008265
0.0422148 0.00879625
0.0429303 0.009465
0.0436458 0.00984625
0.0443613 0.01064
0.0450768 0.0120838
0.0457924 0.012815
0.0465079 0.013165
0.0472234 0.0137862
0.0479389 0.0147513
0.0486544 0.0155825
0.0493699 0.016215
0.0500854 0.0166725
0.0508009 0.0177625
0.0515164 0.018425
0.0522319 0.0192925
0.0529474 0.0198325
0.0536629 0.02031
0.0543784 0.0209338
0.0550939 0.0217663
0.0558094 0.0224575
0.0565249 0.0234887
0.0572404 0.0247075
0.0579559 0.0253862
0.0586714 0.02652
0.059387 0.0272363
0.0601025 0.0280238
0.060818 0.02898
0.0615335 0.0297337
0.062249 0.0305325
0.0629645 0.0313713
0.06368 0.03222
0.0643955 0.0329625
0.065111 0.0336087
0.0658265 0.0345525
0.066542 0.0352512
0.0672575 0.0362362
0.067973 0.0371288
0.0686885 0.0379413
0.069404 0.0388387
0.0701195 0.0398725
0.070835 0.040845
0.0715505 0.0418975
0.0722661 0.0426388
0.0729816 0.043495
0.0736971 0.0443062
0.0744126 0.0452863
0.0751281 0.0463025
0.0758436 0.0472238
0.0765591 0.04823
0.0772746 0.04928
0.0779901 0.0503975
0.0787056 0.0515475
0.0794211 0.0526337
0.0801366 0.0535675
0.0808521 0.054465
0.0815676 0.0555312
0.0822831 0.05636
0.0829986 0.0572237
0.0837141 0.0581238
0.0844296 0.0589462
0.0851452 0.0598887
0.0858607 0.06088
0.0865762 0.0618013
0.0872917 0.0628163
0.0880072 0.0639912
0.0887227 0.0650088
0.0894382 0.06607
0.0901537 0.0670112
0.0908692 0.0681425
0.0915847 0.0693187
0.0923002 0.0703613
0.0930157 0.0714075
0.0937312 0.0722712
0.0944467 0.0733675
0.0951622 0.0745237
0.0958777 0.0755275
0.0965932 0.0766975
0.0973087 0.0776488
0.0980243 0.0786562
0.0987398 0.0795913
0.0994553 0.0806387
0.100171 0.0815875
0.100886 0.0826288
0.101602 0.0838363
0.102317 0.0849962
0.103033 0.0861163
0.103748 0.0871138
0.104464 0.0880612
0.105179 0.0892375
0.105895 0.0905912
0.10661 0.091825
0.107326 0.0928988
0.108041 0.0941012
0.108757 0.0950675
0.109472 0.0961675
0.110188 0.0973
0.110903 0.09846
0.111619 0.099615
0.112334 0.100694
0.11305 0.10187
0.113765 0.102972
0.114481 0.104137
0.115196 0.105261
0.115912 0.106304
0.116627 0.107574
0.117343 0.108641
0.118058 0.109927
0.118774 0.110981
0.119489 0.112159
0.120205 0.113327
0.12092 0.114349
0.121636 0.115481
0.122351 0.11674
0.123067 0.118116
0.123782 0.119394
0.124498 0.120538
0.125213 0.121675
0.125929 0.122916
0.126644 0.124221
0.12736 0.125401
0.128075 0.126489
0.128791 0.127649
0.129506 0.128796
0.130222 0.130046
0.130938 0.131298
0.131653 0.132436
0.132369 0.133585
0.133084 0.134741
0.1338 0.135857
0.134515 0.137019
0.135231 0.138247
0.135946 0.139607
0.136662 0.140779
0.137377 0.142019
0.138093 0.143295
0.138808 0.144591
0.139524 0.145866
0.140239 0.147088
0.140955 0.148394
0.14167 0.14955
0.142386 0.150833
0.143101 0.152041
0.143817 0.153218
0.144532 0.154493
0.145248 0.155804
0.145963 0.157053
0.146679 0.158316
0.147394 0.159441
0.14811 0.160746
0.148825 0.162002
0.149541 0.163334
0.150256 0.164563
0.150972 0.165849
0.151687 0.167025
0.152403 0.168356
0.153118 0.169654
0.153834 0.170869
0.154549 0.172113
0.155265 0.173207
0.15598 0.174435
0.156696 0.175648
0.157411 0.17686
0.158127 0.178049
0.158842 0.179565
0.159558 0.180791
0.160273 0.182069
0.160989 0.183459
0.161704 0.184719
0.16242 0.186001
0.163135 0.18733
0.163851 0.188645
0.164566 0.18978
0.165282 0.190976
0.165997 0.192175
0.166713 0.193488
0.167428 0.194889
0.168144 0.196064
0.168859 0.197311
0.169575 0.198611
0.17029 0.199916
0.171006 0.201301
0.171721 0.202725
0.172437 0.203887
0.173152 0.205154
0.173868 0.206409
0.174583 0.207785
0.175299 0.209185
0.176014 0.210487
0.17673 0.211705
0.177445 0.212991
0.178161 0.214207
0.178876 0.215524
0.179592 0.216617
0.180307 0.217946
0.181023 0.219306
0.181738 0.220564
0.182454 0.221866
0.183169 0.223172
0.183885 0.224446
0.1846 0.22564
0.185316 0.227009
0.186031 0.228227
0.186747 0.229428
0.187462 0.230854
0.188178 0.232074
0.188893 0.233364
0.189609 0.234577
0.190324 0.235802
0.19104 0.237065
0.191755 0.238466
0.192471 0.239707
0.193186 0.240956
0.193902 0.242312
0.194617 0.243621
0.195333 0.244955
0.196049 0.246249
0.196764 0.247408
0.19748 0.248732
0.198195 0.250072
0.198911 0.251418
0.199626 0.25287
0.200342 0.254095
0.201057 0.255483
0.201773 0.256896
0.202488 0.258109
0.203204 0.259387
0.203919 0.26068
0.204635 0.262097
0.20535 0.263369
0.206066 0.264779
0.206781 0.26621
0.207497 0.267565
0.208212 0.26879
0.208928 0.270095
0.209643 0.271417
0.210359 0.272719
0.211074 0.27403
0.21179 0.27535
0.212505 0.276834
0.213221 0.27804
0.213936 0.279265
0.214652 0.280452
0.215367 0.281753
0.216083 0.282969
0.216798 0.284239
0.217514 0.285541
0.218229 0.286932
0.218945 0.288245
0.21966 0.289581
0.220376 0.290818
0.221091 0.292133
0.221807 0.293388
0.222522 0.294669
0.223238 0.295886
0.223953 0.297105
0.224669 0.298415
0.225384 0.299684
0.2261 0.30095
0.226815 0.302146
0.227531 0.303453
0.228246 0.304729
0.228962 0.30612
0.229677 0.307425
0.230393 0.308684
0.231108 0.30991
0.231824 0.31116
0.232539 0.312397
0.233255 0.313758
0.23397 0.314965
0.234686 0.316226
0.235401 0.31746
0.236117 0.318783
0.236832 0.320059
0.237548 0.321305
0.238263 0.322582
0.238979 0.323867
0.239694 0.325267
0.24041 0.326541
0.241125 0.327829
0.241841 0.329105
0.242556 0.330366
0.243272 0.331634
0.243987 0.332987
0.244703 0.334436
0.245418 0.335697
0.246134 0.336969
0.246849 0.338301
0.247565 0.339551
0.24828 0.340799
0.248996 0.342074
0.249711 0.343353
0.250427 0.344533
0.251142 0.345799
0.251858 0.347093
0.252573 0.348366
0.253289 0.349652
0.254004 0.350879
0.25472 0.35208
0.255435 0.353371
0.256151 0.354758
0.256866 0.356136
0.257582 0.357464
0.258297 0.358743
0.259013 0.36002
0.259728 0.361269
0.260444 0.362535
0.26116 0.363841
0.261875 0.36505
0.262591 0.366333
0.263306 0.36757
0.264022 0.368936
0.264737 0.370142
0.265453 0.371331
0.266168 0.37255
0.266884 0.373858
0.267599 0.375139
0.268315 0.376383
0.26903 0.377554
0.269746 0.378929
0.270461 0.380209
0.271177 0.381484
0.271892 0.382776
0.272608 0.3839
0.273323 0.385176
0.274039 0.386361
0.274754 0.387663
0.27547 0.388949
0.276185 0.390174
0.276901 0.391458
0.277616 0.392721
0.278332 0.394009
0.279047 0.395284
0.279763 0.396593
0.280478 0.397869
0.281194 0.399109
0.281909 0.400285
0.282625 0.401498
0.28334 0.402661
0.284056 0.403875
0.284771 0.405031
0.285487 0.40632
0.286202 0.407527
0.286918 0.408716
0.287633 0.409963
0.288349 0.411256
0.289064 0.412519
0.28978 0.413793
0.290495 0.415081
0.291211 0.416326
0.291926 0.417604
0.292642 0.418865
0.293357 0.420065
0.294073 0.421218
0.294788 0.422457
0.295504 0.423623
0.296219 0.424834
0.296935 0.426111
0.29765 0.427359
0.298366 0.428559
0.299081 0.429689
0.299797 0.430994
0.300512 0.432189
0.301228 0.433331
0.301943 0.434484
0.302659 0.435681
0.303374 0.436879
0.30409 0.438131
0.304805 0.439277
0.305521 0.440494
0.306236 0.441726
0.306952 0.442904
0.307667 0.444049
0.308383 0.445283
0.309098 0.446466
0.309814 0.447635
0.310529 0.448877
0.311245 0.450059
0.31196 0.451232
0.312676 0.45245
0.313391 0.453593
0.314107 0.45492
0.314822 0.456089
0.315538 0.457329
0.316253 0.458437
0.316969 0.459759
0.317684 0.460989
0.3184 0.46214
0.319115 0.463226
0.319831 0.464421
0.320546 0.465511
0.321262 0.466693
0.321977 0.467886
0.322693 0.469009
0.323408 0.470154
0.324124 0.471278
0.324839 0.472446
0.325555 0.473526
0.32627 0.474604
0.326986 0.475699
0.327702 0.47685
0.328417 0.477984
0.329133 0.479115
0.329848 0.48026
0.330564 0.481379
0.331279 0.482591
0.331995 0.483784
0.33271 0.484951
0.333426 0.486119
0.334141 0.487284
0.334857 0.488419
0.335572 0.489532
0.336288 0.490667
0.337003 0.49187
0.337719 0.492994
0.338434 0.494142
0.33915 0.495235
0.339865 0.496419
0.340581 0.497591
0.341296 0.498729
0.342012 0.499925
0.342727 0.501
0.343443 0.502125
0.344158 0.503254
0.344874 0.504404
0.345589 0.505521
0.346305 0.506669
0.34702 0.507805
0.347736 0.508989
0.348451 0.5102
0.349167 0.511319
0.349882 0.512432
0.350598 0.513614
0.351313 0.514763
0.352029 0.515806
0.352744 0.516955
0.35346 0.518036
0.354175 0.519191
0.354891 0.520294
0.355606 0.521429
0.356322 0.522489
0.357037 0.523561
0.357753 0.524674
0.358468 0.525884
0.359184 0.52706
0.359899 0.528184
0.360615 0.529301
0.36133 0.530423
0.362046 0.531531
0.362761 0.532594
0.363477 0.533672
0.364192 0.534802
0.364908 0.535968
0.365623 0.537086
0.366339 0.53812
0.367054 0.539199
0.36777 0.540284
0.368485 0.541324
0.369201 0.542365
0.369916 0.54347
0.370632 0.544569
0.371347 0.545664
0.372063 0.546725
0.372778 0.547821
0.373494 0.548999
0.374209 0.550091
0.374925 0.55114
0.37564 0.552249
0.376356 0.553371
0.377071 0.554532
0.377787 0.555644
0.378502 0.556701
0.379218 0.557822
0.379933 0.558878
0.380649 0.559943
0.381364 0.56103
0.38208 0.56209
0.382795 0.563206
0.383511 0.564263
0.384226 0.565316
0.384942 0.566326
0.385657 0.567371
0.386373 0.568451
0.387088 0.569441
0.387804 0.570501
0.388519 0.571526
0.389235 0.572758
0.38995 0.57377
0.390666 0.574891
0.391381 0.576004
0.392097 0.577019
0.392813 0.578145
0.393528 0.57915
0.394244 0.58013
0.394959 0.581145
0.395675 0.582156
0.39639 0.58329
0.397106 0.584292
0.397821 0.585379
0.398537 0.586436
0.399252 0.587464
0.399968 0.588507
0.400683 0.589526
0.401399 0.59059
0.402114 0.591609
0.40283 0.592689
0.403545 0.593703
0.404261 0.594754
0.404976 0.595751
0.405692 0.596685
0.406407 0.597614
0.407123 0.59863
0.407838 0.599679
0.408554 0.600679
0.409269 0.601803
0.409985 0.602841
0.4107 0.603888
0.411416 0.604931
0.412131 0.605895
0.412847 0.606944
0.413562 0.607993
0.414278 0.609052
0.414993 0.610071
0.415709 0.611094
0.416424 0.612105
0.41714 0.61313
0.417855 0.614061
0.418571 0.615214
0.419286 0.616231
0.420002 0.617275
0.420717 0.618258
0.421433 0.619361
0.422148 0.620325
0.422864 0.621336
0.423579 0.622378
0.424295 0.623519
0.42501 0.624576
0.425726 0.625568
0.426441 0.626549
0.427157 0.627519
0.427872 0.628502
0.428588 0.629419
0.429303 0.630463
0.430019 0.631354
0.430734 0.632258
0.43145 0.633247
0.432165 0.634256
0.432881 0.635243
0.433596 0.636214
0.434312 0.637234
0.435027 0.6382
0.435743 0.639118
0.436458 0.640201
0.437174 0.641129
0.437889 0.642158
0.438605 0.643088
0.43932 0.64402
0.440036 0.644985
0.440751 0.645866
0.441467 0.646781
0.442182 0.647787
0.442898 0.648746
0.443613 0.649731
0.444329 0.650589
0.445044 0.651521
0.44576 0.652475
0.446475 0.653412
0.447191 0.654445
0.447906 0.655376
0.448622 0.656281
0.449337 0.657159
0.450053 0.658111
0.450768 0.659057
0.451484 0.659968
0.452199 0.660905
0.452915 0.661875
0.45363 0.662769
0.454346 0.663701
0.455061 0.664641
0.455777 0.665591
0.456492 0.666514
0.457208 0.66745
0.457924 0.668361
0.458639 0.669321
0.459355 0.670314
0.46007 0.671266
0.460786 0.672166
0.461501 0.673098
0.462217 0.674022
0.462932 0.67492
0.463648 0.675894
0.464363 0.676779
0.465079 0.677736
0.465794 0.678649
0.46651 0.679554
0.467225 0.680456
0.467941 0.681279
0.468656 0.682169
0.469372 0.683137
0.470087 0.684004
0.470803 0.6849
0.471518 0.685875
0.472234 0.686846
0.472949 0.687691
0.473665 0.6886
0.47438 0.689545
0.475096 0.690414
0.475811 0.691276
0.476527 0.692218
0.477242 0.693049
0.477958 0.693897
0.478673 0.694771
0.479389 0.695686
0.480104 0.696588
0.48082 0.69755
0.481535 0.698396
0.482251 0.699272
0.482966 0.700149
0.483682 0.701034
0.484397 0.701926
0.485113 0.702823
0.485828 0.703665
0.486544 0.704475
0.487259 0.705418
0.487975 0.706283
0.48869 0.707145
0.489406 0.70805
0.490121 0.708917
0.490837 0.709767
0.491552 0.710642
0.492268 0.71155
0.492983 0.712414
0.493699 0.713316
0.494414 0.71411
0.49513 0.714965
0.495845 0.715838
0.496561 0.716688
0.497276 0.717571
0.497992 0.718424
0.498707 0.71931
0.499423 0.72017
0.500138 0.721044
0.500854 0.721832
0.501569 0.722694
0.502285 0.723551
0.503 0.724454
0.503716 0.725299
0.504431 0.726178
0.505147 0.727002
0.505862 0.727874
0.506578 0.72874
0.507293 0.729576
0.508009 0.7304
0.508724 0.731141
0.50944 0.731914
0.510155 0.732773
0.510871 0.733616
0.511586 0.734452
0.512302 0.735248
0.513017 0.73605
0.513733 0.736918
0.514448 0.737711
0.515164 0.73851
0.515879 0.739322
0.516595 0.740054
0.51731 0.740875
0.518026 0.74167
0.518741 0.742519
0.519457 0.743372
0.520172 0.744136
0.520888 0.745008
0.521603 0.745798
0.522319 0.746549
0.523035 0.747363
0.52375 0.748144
0.524466 0.748954
0.525181 0.749807
0.525897 0.750677
0.526612 0.75151
0.527328 0.752278
0.528043 0.753073
0.528759 0.753886
0.529474 0.754565
0.53019 0.755398
0.530905 0.75621
0.531621 0.756971
0.532336 0.757753
0.533052 0.758567
0.533767 0.759345
0.534483 0.760158
0.535198 0.760905
0.535914 0.761645
0.536629 0.762426
0.537345 0.763262
0.53806 0.764066
0.538776 0.764875
0.539491 0.76561
0.540207 0.76641
0.540922 0.767182
0.541638 0.767951
0.542353 0.768693
0.543069 0.769458
0.543784 0.770251
0.5445 0.771031
0.545215 0.771778
0.545931 0.772574
0.546646 0.773352
0.547362 0.774096
0.548077 0.774911
0.548793 0.775663
0.549508 0.776464
0.550224 0.777138
0.550939 0.777833
0.551655 0.778625
0.55237 0.779377
0.553086 0.780144
0.553801 0.7808
0.554517 0.781505
0.555232 0.782255
0.555948 0.782954
0.556663 0.783729
0.557379 0.78453
0.558094 0.785218
0.55881 0.78594
0.559525 0.786706
0.560241 0.787441
0.560956 0.788153
0.561672 0.788935
0.562387 0.789699
0.563103 0.790341
0.563818 0.791015
0.564534 0.791698
0.565249 0.792464
0.565965 0.793201
0.56668 0.79392
0.567396 0.794634
0.568111 0.79536
0.568827 0.796042
0.569542 0.79677
0.570258 0.7975
0.570973 0.798191
0.571689 0.798854
0.572404 0.799547
0.57312 0.800209
0.573835 0.800975
0.574551 0.801651
0.575266 0.802396
0.575982 0.803091
0.576697 0.803758
0.577413 0.804461
0.578128 0.805129
0.578844 0.805754
0.579559 0.806485
0.580275 0.807184
0.58099 0.807887
0.581706 0.808571
0.582421 0.809254
0.583137 0.809898
0.583852 0.810611
0.584568 0.811335
0.585283 0.812069
0.585999 0.812796
0.586714 0.813532
0.58743 0.814305
0.588146 0.814956
0.588861 0.815621
0.589577 0.816284
0.590292 0.816964
0.591008 0.817673
0.591723 0.81836
0.592439 0.819043
0.593154 0.8197
0.59387 0.820439
0.594585 0.821125
0.595301 0.821873
0.596016 0.822551
0.596732 0.82324
0.597447 0.823904
0.598163 0.824603
0.598878 0.825274
0.599594 0.825915
0.600309 0.826538
0.601025 0.827163
0.60174 0.827825
0.602456 0.828551
0.603171 0.829189
0.603887 0.829871
0.604602 0.8305
0.605318 0.831152
0.606033 0.83179
0.606749 0.832448
0.607464 0.83308
0.60818 0.8337
0.608895 0.834315
0.609611 0.834989
0.610326 0.835571
0.611042 0.836152
0.611757 0.8368
0.612473 0.83739
0.613188 0.83794
0.613904 0.838584
0.614619 0.839196
0.615335 0.839775
0.61605 0.840359
0.616766 0.841025
0.617481 0.841671
0.618197 0.842314
0.618912 0.842952
0.619628 0.843612
0.620343 0.844221
0.621059 0.844871
0.621774 0.845541
0.62249 0.846243
0.623205 0.846917
0.623921 0.847515
0.624636 0.848046
0.625352 0.848657
0.626067 0.849264
0.626783 0.849886
0.627498 0.850545
0.628214 0.851139
0.628929 0.851764
0.629645 0.852375
0.63036 0.85301
0.631076 0.853559
0.631791 0.854147
0.632507 0.854755
0.633222 0.855365
0.633938 0.855949
0.634653 0.856501
0.635369 0.857074
0.636084 0.857689
0.6368 0.85824
0.637515 0.858845
0.638231 0.859409
0.638946 0.860006
0.639662 0.860664
0.640377 0.861249
0.641093 0.861831
0.641808 0.86237
0.642524 0.862966
0.643239 0.863518
0.643955 0.864039
0.64467 0.864605
0.645386 0.865193
0.646101 0.865741
0.646817 0.866311
0.647532 0.866899
0.648248 0.867495
0.648963 0.868035
0.649679 0.868566
0.650394 0.869101
0.65111 0.869657
0.651825 0.870213
0.652541 0.870734
0.653257 0.871241
0.653972 0.871789
0.654688 0.872364
0.655403 0.872899
0.656119 0.873504
0.656834 0.874023
0.65755 0.874556
0.658265 0.875094
0.658981 0.87562
0.659696 0.876193
0.660412 0.87668
0.661127 0.877216
0.661843 0.877756
0.662558 0.87827
0.663274 0.878775
0.663989 0.879305
0.664705 0.87989
0.66542 0.880441
0.666136 0.880986
0.666851 0.88155
0.667567 0.882047
0.668282 0.882569
0.668998 0.883092
0.669713 0.883586
0.670429 0.884103
0.671144 0.884651
0.67186 0.885185
0.672575 0.885791
0.673291 0.886365
0.674006 0.886846
0.674722 0.887345
0.675437 0.887869
0.676153 0.888428
0.676868 0.88899
0.677584 0.88948
0.678299 0.889968
0.679015 0.890485
0.67973 0.891018
0.680446 0.891589
0.681161 0.892126
0.681877 0.892609
0.682592 0.89315
0.683308 0.893666
0.684023 0.894174
0.684739 0.894729
0.685454 0.895223
0.68617 0.895707
0.686885 0.896197
0.687601 0.896706
0.688316 0.897123
0.689032 0.897625
0.689747 0.898094
0.690463 0.898589
0.691178 0.899051
0.691894 0.899531
0.692609 0.900014
0.693325 0.900459
0.69404 0.90095
0.694756 0.901411
0.695471 0.901913
0.696187 0.902371
0.696902 0.902863
0.697618 0.903354
0.698333 0.903842
0.699049 0.904355
0.699764 0.904752
0.70048 0.905281
0.701195 0.905764
0.701911 0.906238
0.702626 0.906665
0.703342 0.9071
0.704057 0.907565
0.704773 0.907999
0.705488 0.908446
0.706204 0.908969
0.706919 0.909441
0.707635 0.909934
0.70835 0.910391
0.709066 0.910849
0.709781 0.911303
0.710497 0.91171
0.711212 0.912129
0.711928 0.912596
0.712643 0.913021
0.713359 0.913491
0.714074 0.913974
0.71479 0.914424
0.715505 0.914863
0.716221 0.915236
0.716936 0.915702
0.717652 0.916139
0.718368 0.91654
0.719083 0.917001
0.719799 0.917462
0.720514 0.917951
0.72123 0.918364
0.721945 0.91887
0.722661 0.919308
0.723376 0.919708
0.724092 0.920076
0.724807 0.920541
0.725523 0.921002
0.726238 0.921397
0.726954 0.92186
0.727669 0.922244
0.728385 0.922679
0.7291 0.923089
0.729816 0.923508
0.730531 0.92395
0.731247 0.92439
0.731962 0.924798
0.732678 0.9252
0.733393 0.925644
0.734109 0.926076
0.734824 0.926475
0.73554 0.926928
0.736255 0.927364
0.736971 0.927764
0.737686 0.9282
0.738402 0.928595
0.739117 0.928989
0.739833 0.929374
0.740548 0.929791
0.741264 0.93024
0.741979 0.93064
0.742695 0.93103
0.74341 0.931441
0.744126 0.931771
0.744841 0.93221
0.745557 0.932651
0.746272 0.933084
0.746988 0.933484
0.747703 0.933885
0.748419 0.934311
0.749134 0.934714
0.74985 0.935114
0.750565 0.935494
0.751281 0.935875
0.751996 0.936256
0.752712 0.936632
0.753427 0.93699
0.754143 0.937359
0.754858 0.937745
0.755574 0.938105
0.756289 0.938501
0.757005 0.938875
0.75772 0.939266
0.758436 0.939639
0.759151 0.940041
0.759867 0.940429
0.760582 0.940793
0.761298 0.941165
0.762013 0.941531
0.762729 0.941889
0.763444 0.942257
0.76416 0.942601
0.764875 0.942974
0.765591 0.943333
0.766306 0.94372
0.767022 0.944094
0.767737 0.944412
0.768453 0.944773
0.769168 0.945179
0.769884 0.945512
0.770599 0.945914
0.771315 0.946281
0.77203 0.946634
0.772746 0.947041
0.773461 0.947353
0.774177 0.94772
0.774892 0.948041
0.775608 0.948374
0.776323 0.948705
0.777039 0.94896
0.777754 0.949245
0.77847 0.949616
0.779185 0.949972
0.779901 0.950353
0.780616 0.95068
0.781332 0.951006
0.782047 0.951366
0.782763 0.951639
0.783479 0.95199
0.784194 0.95234
0.78491 0.952649
0.785625 0.952995
0.786341 0.953314
0.787056 0.953624
0.787772 0.953902
0.788487 0.954205
0.789203 0.954518
0.789918 0.954832
0.790634 0.955146
0.791349 0.955427
0.792065 0.955764
0.79278 0.956125
0.793496 0.956444
0.794211 0.956745
0.794927 0.957039
0.795642 0.957318
0.796358 0.957596
0.797073 0.957891
0.797789 0.958218
0.798504 0.958564
0.79922 0.958866
0.799935 0.959204
0.800651 0.95951
0.801366 0.959781
0.802082 0.960102
0.802797 0.96041
0.803513 0.9607
0.804228 0.960954
0.804944 0.961245
0.805659 0.961507
0.806375 0.961803
0.80709 0.962072
0.807806 0.96241
0.808521 0.962691
0.809237 0.962993
0.809952 0.963289
0.810668 0.963585
0.811383 0.963859
0.812099 0.964104
0.812814 0.96444
0.81353 0.96473
0.814245 0.965001
0.814961 0.965246
0.815676 0.965562
0.816392 0.965824
0.817107 0.966101
0.817823 0.96642
0.818538 0.966725
0.819254 0.966964
0.819969 0.967236
0.820685 0.967456
0.8214 0.967719
0.822116 0.968004
0.822831 0.968305
0.823547 0.968577
0.824262 0.968851
0.824978 0.969128
0.825693 0.96942
0.826409 0.969689
0.827124 0.969974
0.82784 0.970236
0.828555 0.970471
0.829271 0.970699
0.829986 0.970951
0.830702 0.97118
0.831417 0.971449
0.832133 0.971742
0.832848 0.97197
0.833564 0.972202
0.834279 0.972422
0.834995 0.972685
0.83571 0.972916
0.836426 0.973158
0.837141 0.973428
0.837857 0.97369
0.838572 0.973916
0.839288 0.974156
0.840003 0.974411
0.840719 0.974631
0.841434 0.974832
0.84215 0.975046
0.842865 0.975257
0.843581 0.975507
0.844296 0.975739
0.845012 0.97599
0.845727 0.976204
0.846443 0.976428
0.847158 0.976649
0.847874 0.976895
0.84859 0.977066
0.849305 0.977304
0.850021 0.977513
0.850736 0.977721
0.851452 0.977956
0.852167 0.978163
0.852883 0.978359
0.853598 0.978533
0.854314 0.978731
0.855029 0.97898
0.855745 0.979195
0.85646 0.979381
0.857176 0.979572
0.857891 0.979786
0.858607 0.98001
0.859322 0.98023
0.860038 0.980434
0.860753 0.980631
0.861469 0.980831
0.862184 0.981006
0.8629 0.981215
0.863615 0.981409
0.864331 0.9816
0.865046 0.981799
0.865762 0.981995
0.866477 0.982226
0.867193 0.982393
0.867908 0.982601
0.868624 0.9828
0.869339 0.98298
0.870055 0.983173
0.87077 0.983371
0.871486 0.983564
0.872201 0.983753
0.872917 0.983919
0.873632 0.9841
0.874348 0.984279
0.875063 0.984498
0.875779 0.984716
0.876494 0.984916
0.87721 0.985102
0.877925 0.985296
0.878641 0.98547
0.879356 0.985654
0.880072 0.98586
0.880787 0.986023
0.881503 0.986176
0.882218 0.986359
0.882934 0.986526
0.883649 0.986699
0.884365 0.98684
0.88508 0.987011
0.885796 0.987196
0.886511 0.987335
0.887227 0.987521
0.887942 0.987704
0.888658 0.987871
0.889373 0.988011
0.890089 0.988164
0.890804 0.988336
0.89152 0.988484
0.892235 0.988645
0.892951 0.988812
0.893666 0.988979
0.894382 0.98914
0.895097 0.989305
0.895813 0.989433
0.896528 0.989592
0.897244 0.989765
0.897959 0.989892
0.898675 0.990029
0.89939 0.990162
0.900106 0.990281
0.900821 0.990396
0.901537 0.990539
0.902252 0.990665
0.902968 0.990775
0.903683 0.990899
0.904399 0.991019
0.905114 0.991156
0.90583 0.991306
0.906545 0.991428
0.907261 0.991565
0.907976 0.991684
0.908692 0.991812
0.909407 0.991908
0.910123 0.992012
0.910838 0.992134
0.911554 0.992258
0.912269 0.992398
0.912985 0.99251
0.9137 0.992636
0.914416 0.992766
0.915132 0.992871
0.915847 0.993005
0.916563 0.993111
0.917278 0.99325
0.917994 0.993374
0.918709 0.99348
0.919425 0.993586
0.92014 0.993711
0.920856 0.993792
0.921571 0.993886
0.922287 0.994008
0.923002 0.994117
0.923718 0.994232
0.924433 0.994346
0.925149 0.994456
0.925864 0.994575
0.92658 0.994671
0.927295 0.994774
0.928011 0.9949
0.928726 0.995014
0.929442 0.995123
0.930157 0.995223
0.930873 0.995316
0.931588 0.995446
0.932304 0.995537
0.933019 0.995637
0.933735 0.995735
0.93445 0.995836
0.935166 0.995931
0.935881 0.996029
0.936597 0.99611
0.937312 0.996181
0.938028 0.996255
0.938743 0.996332
0.939459 0.996399
0.940174 0.996485
0.94089 0.996609
0.941605 0.996703
0.942321 0.996765
0.943036 0.996846
0.943752 0.996924
0.944467 0.99701
0.945183 0.99708
0.945898 0.997167
0.946614 0.997241
0.947329 0.997305
0.948045 0.997385
0.94876 0.997451
0.949476 0.997506
0.950191 0.997594
0.950907 0.997683
0.951622 0.997748
0.952338 0.997818
0.953053 0.997891
0.953769 0.997961
0.954484 0.998045
0.9552 0.998094
0.955915 0.998156
0.956631 0.99823
0.957346 0.998281
0.958062 0.998329
0.958777 0.998389
0.959493 0.998452
0.960208 0.998486
0.960924 0.998529
0.961639 0.998585
0.962355 0.998635
0.96307 0.998676
0.963786 0.998727
0.964501 0.998777
0.965217 0.998827
0.965932 0.998885
0.966648 0.998934
0.967363 0.998975
0.968079 0.999023
0.968794 0.999075
0.96951 0.999106
0.970225 0.99915
0.970941 0.999199
0.971656 0.999235
0.972372 0.999267
0.973087 0.9993
0.973803 0.999349
0.974518 0.999372
0.975234 0.999409
0.975949 0.999435
0.976665 0.999486
0.97738 0.999519
0.978096 0.999548
0.978811 0.999574
0.979527 0.999604
0.980243 0.999624
0.980958 0.999644
0.981674 0.999672
0.982389 0.999691
0.983105 0.999729
0.98382 0.999754
0.984536 0.999786
0.985251 0.999799
0.985967 0.999821
0.986682 0.999848
0.987398 0.99986
0.988113 0.99988
0.988829 0.999896
0.989544 0.999905
0.99026 0.999915
0.990975 0.999939
0.991691 0.999947
0.992406 0.99995
0.993122 0.999954
0.993837 0.999961
0.994553 0.999968
0.995268 0.999971
0.995984 0.99998
0.996699 0.999986
0.997415 0.999996
0.99813 0.999997
0.998846 0.999999
0.999561 0.999999
