1 449335
2 80744
3 29073.3
4 13889.7
5 7778.9
6 4864
7 3247.6
8 2252.5
9 1649.8
10 1233.2
11 971.4
12 757.6
13 604.9
14 495.4
15 397.9
16 338.6
17 285
18 241.2
19 213.9
20 177.7
21 154.7
22 133.7
23 112.8
24 101
25 89.9
26 78.4
27 68.3
28 62.3
29 56.8
30 48.9
31 42.6
32 41.7
33 38.7
34 34.1
35 30.5
36 26.8
37 24.6
38 23.5
39 21.4
40 16.7
41 17.4
42 18.6
43 15.8
44 13.6
45 12.8
46 12.8
47 10.8
48 8.7
49 8.1
50 9
51 7.9
52 6.9
53 7.3
54 5.3
55 5.7
56 6.2
57 4.4
58 5.6
59 4.3
60 4.5
61 4.5
62 4.2
63 4.2
64 3.3
65 3.1
66 2.44444
67 3.22222
68 2.5
69 3.33333
70 1.55556
71 2
72 2.75
73 2.44444
74 2.85714
75 1.66667
76 1.66667
77 1.8
78 2.25
79 1.5
80 1.71429
81 2.28571
82 1.66667
83 1.5
84 2.28571
85 1.22222
86 2
87 1.66667
88 1
89 1
90 1.42857
91 1.75
92 1
93 1.33333
94 1.4
95 1.5
96 1.14286
97 1.6
98 1
99 1
100 1.33333
101 1
102 1
103 1
104 1.25
105 1
106 1.5
107 1
108 1
109 1.33333
110 1
111 1.6
112 1
113 1
114 1
115 1
116 1
117 1
119 2
120 1
121 1
122 1
123 1
124 1
125 1
126 1
127 1
128 1
129 1
130 1
133 1
135 1
136 2
137 1
139 1
143 1
144 1
146 1
148 1
150 1
151 1
154 1
159 1
160 1
162 1
163 1
175 1
189 1
196 1
214 1
215 1
286 1
