1 55535.5
2 10618.5
3 4108.1
4 2097.1
5 1214.8
6 771.4
7 528.9
8 374.7
9 280.1
10 206.5
11 163.3
12 129.8
13 109.4
14 90.1
15 75.8
16 65.7
17 53.7
18 42.1
19 42.2
20 35
21 30.4
22 23.8
23 24.1
24 17.6
25 16.8
26 16.7
27 13.4
28 10.9
29 11.1
30 11.1
31 10.5
32 10.6
33 8.6
34 8.1
35 6
36 7.8
37 5.3
38 5.7
39 4.88889
40 4.2
41 3.5
42 5.7
43 3.77778
44 3.3
45 3.5
46 4.1
47 2.5
48 2.75
49 2.6
50 2.88889
51 3.1
52 1.88889
53 2.77778
54 2.5
55 2.5
56 2.33333
57 1.8
58 1.875
59 1.88889
60 2.28571
61 1.42857
62 1.875
63 2
64 2.2
65 1.5
66 1.42857
67 1.11111
68 1.42857
69 1
70 1.4
71 1.4
72 1.33333
73 1.66667
74 2
75 1.25
76 1.5
77 1.25
78 1
79 1
80 1.25
81 1
82 1.5
83 1.33333
84 1
85 1.5
86 1
87 1
88 1.16667
89 1
90 1
91 1
92 1
93 1.5
95 1
96 1.33333
97 1
98 1
99 1
100 1
101 1
102 1.33333
104 1
105 1
106 1
107 1
108 1
109 1
110 1
112 1
113 1
114 1
116 1
117 1
118 1
120 1
122 1
123 1
124 1
125 1
126 1
127 1
128 1
129 1.5
131 1
132 1
137 1
139 1
140 1
143 1
146 1
147 2
150 1
151 1
152 1
156 1
157 1
158 1
160 1
165 1
174 1
181 1
191 1
192 1
193 1
196 1
210 1
234 1
236 1
251 1
305 1
856084 1
856102 1
856377 1
856548 1
856815 1
856963 1
857472 1
857529 1
858294 1
858469 1
