1 61865.3
2 12378.5
3 4904.9
4 2543.7
5 1518.6
6 990.7
7 700.3
8 493.6
9 384.1
10 296.7
11 228.6
12 187.2
13 157.2
14 122.4
15 105.5
16 93.8
17 76.6
18 68.1
19 59.5
20 53.8
21 44.6
22 37.1
23 36.6
24 31.8
25 29
26 24.9
27 23.7
28 21.5
29 19.1
30 18.9
31 16.7
32 13.6
33 14.4
34 14.4
35 12.7
36 10.4
37 9.1
38 10.2
39 8.4
40 9.3
41 8.8
42 6.9
43 6.2
44 6.7
45 6.5
46 4.6
47 6.9
48 5.6
49 4.8
50 5.1
51 4.4
52 2.8
53 4
54 3
55 3.22222
56 3.8
57 2.5
58 3.33333
59 2.6
60 2.7
61 3.2
62 2.11111
63 2.66667
64 2.6
65 1.88889
66 2.33333
67 2.875
68 2.625
69 2.875
70 2.11111
71 1.85714
72 2.11111
73 2
74 2.25
75 2.14286
76 1.5
77 1.57143
78 1.42857
79 1.625
80 1.28571
81 1.375
82 1.33333
83 1.57143
84 1.5
85 1.5
86 1.71429
87 1.77778
88 1.25
89 1.57143
90 1.33333
91 1.2
92 1
93 1.25
94 1.4
95 2
96 1.6
97 1
98 1.25
99 1.8
100 1
101 1.2
102 1.4
104 1.16667
105 1
106 1
107 1.6
108 1
109 1
110 1.2
111 1.66667
112 2
113 1.2
114 2
115 1.5
116 1.5
117 1.25
118 1
119 1
121 1.5
122 1.25
123 1
124 1.5
125 1
126 1
127 1
128 1
129 1
130 2
131 1
132 1
133 1.33333
134 1.5
135 1
137 1
138 1
140 1.5
142 1
143 1
144 1
145 1
146 1
147 1
148 2
149 1
150 1
151 1
152 1
153 3
154 1
156 1
157 1
158 1
160 1
161 1
162 1
163 1.5
164 1
165 1
167 1
168 1
169 1
170 1
172 1.5
173 1
174 1
175 1
179 1
180 1
183 1
184 1
185 1
187 1
188 1
191 1
194 1
195 1
198 1
202 1
206 1
207 1
208 1
209 1
214 1
216 1
217 1
218 1
222 1
224 1
225 1
228 1
234 1
238 1
242 1
243 1
246 1
248 1
249 1
255 1
257 1
263 1
268 1
272 1
283 1
310 1
315 1
331 1
336 1
350 1
369 1
391 1
394 1
410 1
434 1
455 1
818296 1
818451 1
819378 1
819878 1
819943 1
820046 1
820114 1
820344 1
820481 1
822539 1
