1 99553.1
2 26470.6
3 13681.4
4 8862.1
5 6346.1
6 4967.9
7 4040.9
8 3403.3
9 2918.1
10 2545.1
11 2253.9
12 2021.7
13 1838.2
14 1678.9
15 1527.2
16 1385
17 1296.5
18 1159.2
19 1106
20 1015.1
21 951.8
22 856.7
23 821.6
24 762.9
25 703.7
26 642.8
27 606.8
28 545.1
29 525.2
30 468.9
31 428
32 401.2
33 364.6
34 351.3
35 319.7
36 293.8
37 262.3
38 253
39 229.4
40 199.5
41 191.7
42 171
43 162.4
44 147.9
45 133.5
46 116.1
47 108.4
48 101.1
49 86.2
50 80.2
51 71
52 68.5
53 54.9
54 54
55 45.5
56 41.6
57 35.2
58 36.5
59 30.9
60 28.3
61 26.3
62 22
63 19.1
64 17.5
65 15.3
66 11.2
67 12.6
68 8.4
69 8.9
70 9
71 7
72 6.3
73 4.5
74 3.9
75 4
76 3.4
77 2.7
78 2.625
79 2.66667
80 2.2
81 2
82 2
83 2.28571
84 1.5
85 1.28571
86 1.6
87 1.75
88 1.25
89 2
90 2
91 1.5
92 1.5
93 1
95 1
96 1
97 1
98 1
99 1
101 1
102 1
107 1
