1 131349
2 33491.7
3 16610.2
4 10608.8
5 7761.2
6 6123.1
7 5046.7
8 4341.6
9 3766.1
10 3324.4
11 2951.5
12 2706.5
13 2459.3
14 2201.6
15 2032.5
16 1834.3
17 1649.2
18 1489
19 1343.7
20 1201.9
21 1060
22 933.9
23 825
24 720.4
25 634.9
26 551.9
27 476.2
28 414.9
29 349.1
30 300.6
31 254.8
32 212.9
33 175.4
34 149.3
35 123
36 104.2
37 88.6
38 72.8
39 58.9
40 40.2
41 38.3
42 31
43 26.3
44 18.6
45 17.1
46 11.5
47 10.5
48 7.4
49 5
50 5
51 3.9
52 2.22222
53 2.375
54 2.14286
55 1.3
56 1.16667
57 1.4
58 1.75
59 1
60 1
