0 1.90848
150 1
300 1
450 1
600 1
750 1
900 1
1050 1
1200 1
1350 1
1500 1
1650 1
1800 1
1950 1
2100 1
2250 1.00096
2400 1.00102
2550 1.00108
2700 1.00114
2850 1.0012
3000 1.00126
3150 1.00132
3300 1.00138
3450 1.00144
3600 1.0015
3750 1.00156
3900 1.00324
4050 1.00336
4200 1.00348
4350 1.0036
4500 1.00558
4650 1.00576
4800 1.00594
4950 1.00612
5100 1.0084
5250 1.00864
5400 1.00888
5550 1.00912
5700 1.00936
5850 1.00959
6000 1.01229
6150 1.01259
6300 1.01289
6450 1.01319
6600 1.01349
6750 1.01379
6900 1.01409
7050 1.01439
7200 1.01469
7350 1.01499
7500 1.01529
7650 1.01559
7800 1.01589
7950 1.01619
8100 1.01649
8250 1.01679
8400 1.01709
8550 1.01739
8700 1.01768
8850 1.01798
9000 1.01828
9150 1.01858
9300 1.01888
9450 1.01918
9600 1.01948
9750 1.01978
9900 1.02008
10050 1.02037
10200 1.02067
10350 1.02097
10500 1.02127
10650 1.02157
10800 1.02187
10950 1.02217
11100 1.02246
11250 1.02276
11400 1.02306
11550 1.02336
11700 1.02366
11850 1.02396
12000 1.02426
12150 1.02456
12300 1.02486
12450 1.02516
12600 1.02545
12750 1.02575
12900 1.02605
13050 1.02635
13200 1.02664
13350 1.02694
13500 1.02724
13650 1.02754
13800 1.02784
13950 1.02814
14100 1.02843
14250 1.02873
14400 1.02903
14550 1.02933
14700 1.02963
14850 1.02993
15000 1.03023
15150 1.03052
15300 1.03082
15450 1.03112
15600 1.03142
15750 1.03171
15900 1.03201
16050 1.03231
16200 1.03261
16350 1.03291
16500 1.0332
16650 1.0335
16800 1.0338
16950 1.0341
17100 1.0344
17250 1.03469
17400 1.03499
17550 1.03528
17700 1.03558
17850 1.03588
18000 1.03618
18150 1.03647
18300 1.03677
18450 1.03707
18600 1.03736
18750 1.03766
18900 1.03796
19050 1.03826
19200 1.03855
19350 1.03885
19500 1.03914
19650 1.03944
19800 1.03973
19950 1.04003
20100 1.04033
20250 1.04063
20400 1.04093
20550 1.04122
20700 1.04151
20850 1.04181
21000 1.04211
21150 1.0424
21300 1.04269
21450 1.04299
21600 1.04329
21750 1.04358
21900 1.04388
22050 1.04418
22200 1.04447
22350 1.04477
22500 1.04507
22650 1.04536
22800 1.04566
22950 1.04595
23100 1.04625
23250 1.04654
23400 1.04683
23550 1.04713
23700 1.04742
23850 1.04772
24000 1.04801
24150 1.04831
24300 1.0486
24450 1.0489
24600 1.04919
24750 1.04949
24900 1.04978
25050 1.05008
25200 1.05037
25350 1.05066
25500 1.05095
25650 1.05125
25800 1.05154
25950 1.05184
26100 1.05212
26250 1.05242
26400 1.05271
26550 1.05301
26700 1.0533
26850 1.0536
27000 1.05389
27150 1.05418
27300 1.05448
27450 1.05477
27600 1.05506
27750 1.05536
27900 1.05565
28050 1.05595
28200 1.05624
28350 1.05654
28500 1.05683
28650 1.05726
28800 1.05755
28950 1.05785
29100 1.05814
29250 1.05843
29400 1.05873
29550 1.05902
29700 1.05931
29850 1.05961
30000 1.0599
30150 1.0602
30300 1.06049
30450 1.06078
30600 1.06108
30750 1.06138
30900 1.06167
31050 1.06196
31200 1.06226
31350 1.06255
31500 1.06285
31650 1.06314
31800 1.06343
31950 1.06373
32100 1.06402
32250 1.06431
32400 1.06461
32550 1.06491
32700 1.0652
32850 1.06549
33000 1.06579
33150 1.06608
33300 1.06661
33450 1.0669
33600 1.0672
33750 1.0675
33900 1.06779
34050 1.06809
34200 1.06839
34350 1.06868
34500 1.06898
34650 1.06928
34800 1.06957
34950 1.06987
35100 1.07017
35250 1.07046
35400 1.07076
35550 1.07106
35700 1.07135
35850 1.07165
36000 1.07195
36150 1.07224
36300 1.07254
36450 1.07283
36600 1.07313
36750 1.07342
36900 1.07371
37050 1.07401
37200 1.0743
37350 1.07459
37500 1.07489
37650 1.07518
37800 1.07548
37950 1.07577
38100 1.07641
38250 1.07671
38400 1.07701
38550 1.07731
38700 1.0776
38850 1.0779
39000 1.0782
39150 1.0785
39300 1.07879
39450 1.07909
39600 1.07939
39750 1.07969
39900 1.07999
40050 1.08029
40200 1.08059
40350 1.08089
40500 1.08119
40650 1.08148
40800 1.08178
40950 1.08208
41100 1.08238
41250 1.08268
41400 1.08298
41550 1.08328
41700 1.08358
41850 1.08388
42000 1.08418
42150 1.08448
42300 1.08478
42450 1.08508
42600 1.08538
42750 1.08568
42900 1.08598
43050 1.08673
43200 1.08703
43350 1.08733
43500 1.08764
43650 1.08794
43800 1.08824
43950 1.08855
44100 1.08885
44250 1.08916
44400 1.08946
44550 1.08976
44700 1.09007
44850 1.09037
45000 1.09067
45150 1.09098
45300 1.09128
45450 1.09158
45600 1.09189
45750 1.09219
45900 1.0925
46050 1.0928
46200 1.0931
46350 1.09341
46500 1.09371
46650 1.09401
46800 1.09432
46950 1.09462
47100 1.09493
47250 1.09523
47400 1.09554
47550 1.09584
47700 1.09615
47850 1.09645
48000 1.09675
48150 1.0977
48300 1.09801
48450 1.09832
48600 1.09863
48750 1.09894
48900 1.09925
49050 1.09956
49200 1.09987
49350 1.10018
49500 1.10049
49650 1.1008
49800 1.10112
49950 1.10143
50100 1.10173
50250 1.10204
50400 1.10235
50550 1.10267
50700 1.10298
50850 1.10329
51000 1.1036
51150 1.10391
51300 1.10422
51450 1.10453
51600 1.10483
51750 1.10515
51900 1.10546
52050 1.10576
52200 1.10607
52350 1.10638
52500 1.1067
52650 1.10701
52800 1.10732
52950 1.10763
53100 1.10794
53250 1.10826
53400 1.10857
53550 1.10888
53700 1.10919
53850 1.1095
54000 1.10981
54150 1.11013
54300 1.11044
54450 1.11075
54600 1.11107
54750 1.11138
54900 1.11169
55050 1.11201
55200 1.11232
55350 1.11264
55500 1.11295
55650 1.11326
55800 1.11357
55950 1.11388
56100 1.1142
56250 1.11451
56400 1.11483
56550 1.11514
56700 1.11545
56850 1.11576
57000 1.11607
57150 1.11639
57300 1.1167
57450 1.11701
57600 1.11732
57750 1.11764
57900 1.11796
58050 1.11827
58200 1.11858
58350 1.1189
58500 1.11921
58650 1.11952
58800 1.11984
58950 1.12015
59100 1.12046
59250 1.12078
59400 1.12109
59550 1.12141
59700 1.12172
59850 1.12203
60000 1.12235
60150 1.12267
60300 1.12298
60450 1.1233
60600 1.12361
60750 1.12392
60900 1.12424
61050 1.12455
61200 1.12486
61350 1.12518
61500 1.12549
61650 1.12581
61800 1.12612
61950 1.12643
62100 1.12675
62250 1.12707
62400 1.12738
62550 1.12769
62700 1.12801
62850 1.12833
63000 1.12864
63150 1.12896
63300 1.12927
63450 1.12958
63600 1.12991
63750 1.13022
63900 1.13054
64050 1.13085
64200 1.13117
64350 1.13149
64500 1.1318
64650 1.13212
64800 1.13244
64950 1.13275
65100 1.13307
65250 1.13339
65400 1.13371
65550 1.13403
65700 1.13434
65850 1.13466
66000 1.13497
66150 1.1353
66300 1.13561
66450 1.13593
66600 1.13625
66750 1.13656
66900 1.13688
67050 1.1372
67200 1.13752
67350 1.13784
67500 1.13816
67650 1.13848
67800 1.1388
67950 1.13911
68100 1.13944
68250 1.13975
68400 1.14007
68550 1.14039
68700 1.14071
68850 1.14103
69000 1.14135
69150 1.14167
69300 1.14199
69450 1.1423
69600 1.14262
69750 1.14294
69900 1.14327
70050 1.14358
70200 1.14391
70350 1.14423
70500 1.14455
70650 1.14487
70800 1.14519
70950 1.14551
71100 1.14583
71250 1.14615
71400 1.14647
71550 1.14679
71700 1.14711
71850 1.14744
72000 1.14776
72150 1.14808
72300 1.1484
72450 1.14872
72600 1.14905
72750 1.14937
72900 1.14969
73050 1.15001
73200 1.15033
73350 1.15065
73500 1.15096
73650 1.15129
73800 1.15161
73950 1.15193
74100 1.15225
74250 1.15257
74400 1.15289
74550 1.15322
74700 1.15354
74850 1.15387
75000 1.15419
75150 1.15452
75300 1.15484
75450 1.15516
75600 1.15548
75750 1.1558
75900 1.15613
76050 1.15645
76200 1.15676
76350 1.15708
76500 1.1574
76650 1.15772
76800 1.15804
76950 1.15836
77100 1.15869
77250 1.15901
77400 1.15933
77550 1.15966
77700 1.15998
77850 1.1603
78000 1.16063
78150 1.16095
78300 1.16128
78450 1.1616
78600 1.16193
78750 1.16225
78900 1.16257
79050 1.16289
79200 1.16322
79350 1.16354
79500 1.16386
79650 1.16419
79800 1.16451
79950 1.16484
80100 1.16516
80250 1.16549
80400 1.16581
80550 1.16613
80700 1.16645
80850 1.16677
81000 1.16709
81150 1.16741
81300 1.16774
81450 1.16806
81600 1.16838
81750 1.16871
81900 1.16903
82050 1.16936
82200 1.16968
82350 1.17
82500 1.17033
82650 1.17064
82800 1.17096
82950 1.17128
83100 1.1716
83250 1.17193
83400 1.17225
83550 1.17257
83700 1.17289
83850 1.17322
84000 1.17355
84150 1.17389
84300 1.17422
84450 1.17454
84600 1.17487
84750 1.1752
84900 1.17552
85050 1.17585
85200 1.17617
85350 1.1765
85500 1.17683
85650 1.17715
85800 1.17747
85950 1.1778
86100 1.17813
86250 1.17845
86400 1.17878
86550 1.17911
86700 1.17943
86850 1.17976
87000 1.18008
87150 1.18041
87300 1.18074
87450 1.18106
87600 1.18138
87750 1.18171
87900 1.18203
88050 1.18236
88200 1.18269
88350 1.18301
88500 1.18335
88650 1.18367
88800 1.184
88950 1.18433
89100 1.18465
89250 1.18498
89400 1.1853
89550 1.18563
89700 1.18597
89850 1.18629
90000 1.18661
90150 1.18694
90300 1.18728
90450 1.18761
90600 1.18794
90750 1.18828
90900 1.1886
91050 1.18893
91200 1.18926
91350 1.1896
91500 1.18993
91650 1.19027
91800 1.1906
91950 1.19092
92100 1.19125
92250 1.19158
92400 1.19191
92550 1.19224
92700 1.19257
92850 1.19289
93000 1.19322
93150 1.19355
93300 1.19388
93450 1.19422
93600 1.19455
93750 1.19489
93900 1.19522
94050 1.19555
94200 1.19588
94350 1.19621
94500 1.19654
94650 1.19687
94800 1.1972
94950 1.19753
95100 1.19787
95250 1.19819
95400 1.19853
95550 1.19887
95700 1.1992
95850 1.19953
96000 1.19986
96150 1.20019
96300 1.20052
96450 1.20085
96600 1.20118
96750 1.20151
96900 1.20184
97050 1.20217
97200 1.2025
97350 1.20283
97500 1.20316
97650 1.2035
97800 1.20383
97950 1.20417
98100 1.2045
98250 1.20484
98400 1.20517
98550 1.20551
98700 1.20584
98850 1.20617
99000 1.20651
99150 1.20684
99300 1.20717
99450 1.20751
99600 1.20784
99750 1.20818
99900 1.20851
100050 1.20884
100200 1.20918
100350 1.2095
100500 1.20983
100650 1.21017
100800 1.2105
100950 1.21102
101100 1.21135
101250 1.21169
101400 1.21203
101550 1.21236
101700 1.21286
101850 1.21319
102000 1.21353
102150 1.21386
102300 1.2142
102450 1.21453
102600 1.21487
102750 1.21521
102900 1.21555
103050 1.21589
103200 1.21622
103350 1.21656
103500 1.2169
103650 1.21723
103800 1.21757
103950 1.21791
104100 1.21825
104250 1.21859
104400 1.21893
104550 1.21927
104700 1.2196
104850 1.21994
105000 1.22027
105150 1.22061
105300 1.22112
105450 1.22147
105600 1.22181
105750 1.22215
105900 1.22249
106050 1.22284
106200 1.22318
106350 1.22373
106500 1.22408
106650 1.22442
106800 1.22477
106950 1.22511
107100 1.22545
107250 1.2258
107400 1.22614
107550 1.22648
107700 1.22682
107850 1.22716
108000 1.22751
108150 1.22785
108300 1.22819
108450 1.22853
108600 1.22887
108750 1.22922
108900 1.22957
109050 1.22991
109200 1.23026
109350 1.2306
109500 1.23094
109650 1.23128
109800 1.23163
109950 1.23196
110100 1.23231
110250 1.23266
110400 1.233
110550 1.23335
110700 1.23369
110850 1.23404
111000 1.23438
111150 1.23474
111300 1.23509
111450 1.23543
111600 1.23577
111750 1.23612
111900 1.23647
112050 1.23681
112200 1.23738
112350 1.23772
112500 1.23807
112650 1.23841
112800 1.23876
112950 1.2391
113100 1.23944
113250 1.23979
113400 1.24015
113550 1.24049
113700 1.24085
113850 1.24119
114000 1.24154
114150 1.24189
114300 1.24224
114450 1.24259
114600 1.24295
114750 1.2433
114900 1.24366
115050 1.24401
115200 1.24435
115350 1.2447
115500 1.24505
115650 1.2454
115800 1.24576
115950 1.24611
116100 1.24646
116250 1.24682
116400 1.24717
116550 1.24751
116700 1.24787
116850 1.24822
117000 1.24857
117150 1.24892
117300 1.24927
117450 1.24962
117600 1.24996
117750 1.25032
117900 1.25067
118050 1.25103
118200 1.25138
118350 1.25174
118500 1.25208
118650 1.25244
118800 1.25279
118950 1.25314
119100 1.2535
119250 1.25385
119400 1.2542
119550 1.25455
119700 1.25492
119850 1.25527
120000 1.25563
120150 1.25599
120300 1.25634
120450 1.25669
120600 1.25706
120750 1.25741
120900 1.25776
121050 1.25811
121200 1.25847
121350 1.25882
121500 1.25918
121650 1.25953
121800 1.25989
121950 1.26025
122100 1.26059
122250 1.26095
122400 1.26131
122550 1.26167
122700 1.26203
122850 1.26239
123000 1.26274
123150 1.26309
123300 1.26345
123450 1.2638
123600 1.26416
123750 1.26451
123900 1.26487
124050 1.26522
124200 1.26558
124350 1.26594
124500 1.26629
124650 1.26664
124800 1.26701
124950 1.26737
125100 1.26774
125250 1.26809
125400 1.26845
125550 1.2688
125700 1.26916
125850 1.26952
126000 1.26988
126150 1.27024
126300 1.27061
126450 1.27097
126600 1.27132
126750 1.27168
126900 1.27203
127050 1.27239
127200 1.27276
127350 1.27312
127500 1.27348
127650 1.27384
127800 1.27419
127950 1.27456
128100 1.27492
128250 1.27527
128400 1.27563
128550 1.27599
128700 1.27636
128850 1.27672
129000 1.27707
129150 1.27744
129300 1.27779
129450 1.27815
129600 1.27852
129750 1.27888
129900 1.27924
130050 1.2796
130200 1.27995
130350 1.28031
130500 1.28068
130650 1.28104
130800 1.2814
130950 1.28176
131100 1.28211
131250 1.28248
131400 1.28284
131550 1.2832
131700 1.28356
131850 1.28392
132000 1.28427
132150 1.28463
132300 1.285
132450 1.28537
132600 1.28573
132750 1.2861
132900 1.28647
133050 1.28683
133200 1.2872
133350 1.28756
133500 1.28793
133650 1.28829
133800 1.28867
133950 1.28904
134100 1.28941
134250 1.28978
134400 1.29015
134550 1.29052
134700 1.29088
134850 1.29125
135000 1.29161
135150 1.29198
135300 1.29235
135450 1.29272
135600 1.29308
135750 1.29344
135900 1.29381
136050 1.29417
136200 1.29453
136350 1.2949
136500 1.29527
136650 1.29564
136800 1.296
136950 1.29639
137100 1.29675
137250 1.29712
137400 1.29749
137550 1.29787
137700 1.29824
137850 1.29865
138000 1.29902
138150 1.29939
138300 1.29976
138450 1.30011
138600 1.30048
138750 1.30085
138900 1.30122
139050 1.30159
139200 1.30196
139350 1.30234
139500 1.3027
139650 1.30306
139800 1.30343
139950 1.30381
140100 1.30417
140250 1.30454
140400 1.30492
140550 1.30529
140700 1.30566
140850 1.30603
141000 1.3064
141150 1.30678
141300 1.30716
141450 1.30753
141600 1.3079
141750 1.30829
141900 1.30866
142050 1.30903
142200 1.3094
142350 1.30977
142500 1.31014
142650 1.31052
142800 1.31089
142950 1.31126
143100 1.31163
143250 1.31199
143400 1.31237
143550 1.31274
143700 1.31311
143850 1.31349
144000 1.31385
144150 1.31423
144300 1.31461
144450 1.31498
144600 1.31535
144750 1.31572
144900 1.31609
145050 1.31647
145200 1.31685
145350 1.31723
145500 1.31759
145650 1.31797
145800 1.31835
145950 1.31872
146100 1.31909
146250 1.31947
146400 1.31985
146550 1.32023
146700 1.3206
146850 1.32098
147000 1.32136
147150 1.32174
147300 1.32211
147450 1.32249
147600 1.32286
147750 1.32324
147900 1.32361
148050 1.32399
148200 1.32437
148350 1.32475
148500 1.32512
148650 1.3255
148800 1.32587
148950 1.32625
149100 1.32663
149250 1.327
149400 1.32738
149550 1.32776
149700 1.32813
149850 1.32852
150000 1.3289
150150 1.32929
150300 1.32967
150450 1.33004
150600 1.33042
150750 1.3308
150900 1.33117
151050 1.33154
151200 1.33193
151350 1.33231
151500 1.33269
151650 1.33307
151800 1.33345
151950 1.33383
152100 1.33421
152250 1.33464
152400 1.33501
152550 1.33539
152700 1.33577
152850 1.33615
153000 1.33654
153150 1.33694
153300 1.33731
153450 1.33769
153600 1.33807
153750 1.33844
153900 1.33883
154050 1.33922
154200 1.3396
154350 1.33999
154500 1.34037
154650 1.34075
154800 1.34115
154950 1.34153
155100 1.34192
155250 1.3423
155400 1.34267
155550 1.34305
155700 1.34344
155850 1.34381
156000 1.3442
156150 1.34458
156300 1.34496
156450 1.34534
156600 1.34574
156750 1.34611
156900 1.3465
157050 1.34689
157200 1.34728
157350 1.34767
157500 1.34806
157650 1.34844
157800 1.34883
157950 1.34921
158100 1.3496
158250 1.34999
158400 1.35038
158550 1.35078
158700 1.35117
158850 1.35155
159000 1.35194
159150 1.35233
159300 1.35273
159450 1.35311
159600 1.35351
159750 1.35391
159900 1.3543
160050 1.3547
160200 1.3551
160350 1.35549
160500 1.35587
160650 1.35627
160800 1.35666
160950 1.35705
161100 1.35745
161250 1.35783
161400 1.35822
161550 1.35863
161700 1.35901
161850 1.3594
162000 1.3598
162150 1.3602
162300 1.36059
162450 1.36098
162600 1.36137
162750 1.36175
162900 1.36214
163050 1.36253
163200 1.36293
163350 1.36333
163500 1.36371
163650 1.3641
163800 1.36451
163950 1.36489
164100 1.3653
164250 1.36571
164400 1.36612
164550 1.36651
164700 1.3669
164850 1.36729
165000 1.36768
165150 1.36807
165300 1.36846
165450 1.36886
165600 1.36926
165750 1.36965
165900 1.37005
166050 1.37045
166200 1.37084
166350 1.37124
166500 1.37163
166650 1.37205
166800 1.37244
166950 1.37284
167100 1.37323
167250 1.37364
167400 1.37404
167550 1.37444
167700 1.37484
167850 1.37522
168000 1.37562
168150 1.37601
168300 1.37639
168450 1.37678
168600 1.37717
168750 1.37757
168900 1.37797
169050 1.37837
169200 1.37877
169350 1.37917
169500 1.37957
169650 1.37997
169800 1.38036
169950 1.38075
170100 1.38116
170250 1.38157
170400 1.38197
170550 1.38237
170700 1.38278
170850 1.38319
171000 1.38359
171150 1.38399
171300 1.38439
171450 1.3848
171600 1.38521
171750 1.38561
171900 1.38602
172050 1.38642
172200 1.38683
172350 1.38723
172500 1.38762
172650 1.38803
172800 1.38841
172950 1.38882
173100 1.38921
173250 1.38962
173400 1.39001
173550 1.39041
173700 1.39081
173850 1.3912
174000 1.39161
174150 1.39201
174300 1.39241
174450 1.39282
174600 1.39323
174750 1.39364
174900 1.39404
175050 1.39446
175200 1.39486
175350 1.39526
175500 1.39566
175650 1.39607
175800 1.39647
175950 1.39687
176100 1.39728
176250 1.39783
176400 1.39823
176550 1.39863
176700 1.39903
176850 1.39944
177000 1.39984
177150 1.40023
177300 1.40064
177450 1.40105
177600 1.40147
177750 1.40187
177900 1.40229
178050 1.4027
178200 1.40311
178350 1.40353
178500 1.40395
178650 1.40435
178800 1.40475
178950 1.40516
179100 1.40556
179250 1.40597
179400 1.40639
179550 1.4068
179700 1.4072
179850 1.40763
180000 1.40805
180150 1.40846
180300 1.40886
180450 1.40928
180600 1.4097
180750 1.41011
180900 1.41054
181050 1.41095
181200 1.41136
181350 1.41175
181500 1.41217
181650 1.41259
181800 1.41301
181950 1.41342
182100 1.41384
182250 1.41425
182400 1.41466
182550 1.41508
182700 1.4155
182850 1.41591
183000 1.41632
183150 1.41674
183300 1.41715
183450 1.41758
183600 1.41799
183750 1.41841
183900 1.41883
184050 1.41926
184200 1.41968
184350 1.42011
184500 1.42052
184650 1.42094
184800 1.42136
184950 1.42176
185100 1.42217
185250 1.42257
185400 1.42299
185550 1.42342
185700 1.42383
185850 1.42424
186000 1.42466
186150 1.42508
186300 1.4255
186450 1.42592
186600 1.42634
186750 1.42675
186900 1.42717
187050 1.4276
187200 1.42801
187350 1.42843
187500 1.42883
187650 1.42926
187800 1.42968
187950 1.43009
188100 1.4305
188250 1.43092
188400 1.43135
188550 1.43177
188700 1.4322
188850 1.43263
189000 1.43305
189150 1.43348
189300 1.43391
189450 1.43433
189600 1.43476
189750 1.43518
189900 1.4356
190050 1.43603
190200 1.43645
190350 1.43687
190500 1.43731
190650 1.43773
190800 1.43816
190950 1.43858
191100 1.439
191250 1.43943
191400 1.43986
191550 1.44028
191700 1.4407
191850 1.44112
192000 1.44155
192150 1.44197
192300 1.44238
192450 1.44281
192600 1.44324
192750 1.44366
192900 1.44407
193050 1.4445
193200 1.44493
193350 1.44535
193500 1.44577
193650 1.44619
193800 1.44663
193950 1.44706
194100 1.44747
194250 1.44789
194400 1.44831
194550 1.44873
194700 1.44916
194850 1.44959
195000 1.45002
195150 1.45044
195300 1.45087
195450 1.4513
195600 1.45174
195750 1.45216
195900 1.4526
196050 1.45303
196200 1.45346
196350 1.4539
196500 1.45434
196650 1.45477
196800 1.45519
196950 1.45561
197100 1.45605
197250 1.45648
197400 1.4569
197550 1.45733
197700 1.45777
197850 1.4582
198000 1.45863
198150 1.45907
198300 1.45952
198450 1.45994
198600 1.46038
198750 1.46083
198900 1.46127
199050 1.4617
199200 1.46212
199350 1.46254
199500 1.46298
199650 1.46341
199800 1.46385
199950 1.46428
200100 1.46471
200250 1.46514
200400 1.46557
200550 1.466
200700 1.46644
200850 1.46688
201000 1.46732
201150 1.46775
201300 1.46819
201450 1.46862
201600 1.46907
201750 1.46948
201900 1.46992
202050 1.47036
202200 1.47081
202350 1.47123
202500 1.47166
202650 1.47212
202800 1.47256
202950 1.473
203100 1.47344
203250 1.47386
203400 1.47431
203550 1.47475
203700 1.47521
203850 1.47564
204000 1.47608
204150 1.47651
204300 1.47696
204450 1.47741
204600 1.47785
204750 1.47828
204900 1.47874
205050 1.47918
205200 1.47962
205350 1.48005
205500 1.4805
205650 1.48094
205800 1.48138
205950 1.48183
206100 1.48229
206250 1.48274
206400 1.48317
206550 1.48362
206700 1.48408
206850 1.48452
207000 1.48497
207150 1.48542
207300 1.48586
207450 1.4863
207600 1.48674
207750 1.48719
207900 1.48764
208050 1.48808
208200 1.48851
208350 1.48897
208500 1.48942
208650 1.48987
208800 1.49032
208950 1.49078
209100 1.49121
209250 1.49167
209400 1.49211
209550 1.49257
209700 1.493
209850 1.49345
210000 1.49388
210150 1.49432
210300 1.49477
210450 1.49522
210600 1.49565
210750 1.4961
210900 1.49656
211050 1.497
211200 1.49745
211350 1.49789
211500 1.49834
211650 1.49879
211800 1.49924
211950 1.49968
212100 1.50014
212250 1.50059
212400 1.50104
212550 1.50149
212700 1.50194
212850 1.50237
213000 1.50281
213150 1.50326
213300 1.50372
213450 1.50417
213600 1.50463
213750 1.50508
213900 1.50553
214050 1.50597
214200 1.50642
214350 1.50687
214500 1.50733
214650 1.50779
214800 1.50823
214950 1.50867
215100 1.50911
215250 1.50957
215400 1.51003
215550 1.51048
215700 1.51095
215850 1.51142
216000 1.51188
216150 1.51235
216300 1.51281
216450 1.51326
216600 1.51372
216750 1.51418
216900 1.51464
217050 1.5151
217200 1.51556
217350 1.51601
217500 1.51646
217650 1.51691
217800 1.51736
217950 1.51782
218100 1.51828
218250 1.51874
218400 1.51919
218550 1.51964
218700 1.52012
218850 1.52058
219000 1.52104
219150 1.5215
219300 1.52197
219450 1.52245
219600 1.52291
219750 1.52337
219900 1.52383
220050 1.5243
220200 1.52476
220350 1.52521
220500 1.52566
220650 1.52613
220800 1.52659
220950 1.52705
221100 1.52751
221250 1.52797
221400 1.52843
221550 1.5289
221700 1.52935
221850 1.52989
222000 1.53035
222150 1.53081
222300 1.53128
222450 1.53175
222600 1.53222
222750 1.5327
222900 1.53317
223050 1.53363
223200 1.5341
223350 1.53457
223500 1.53504
223650 1.53552
223800 1.53599
223950 1.53645
224100 1.53692
224250 1.53738
224400 1.53785
224550 1.53831
224700 1.53879
224850 1.53926
225000 1.53974
225150 1.54019
225300 1.54067
225450 1.54113
225600 1.5416
225750 1.54207
225900 1.54252
226050 1.54299
226200 1.54347
226350 1.54394
226500 1.5444
226650 1.54487
226800 1.54535
226950 1.54584
227100 1.54631
227250 1.54678
227400 1.54724
227550 1.54772
227700 1.54821
227850 1.54867
228000 1.54915
228150 1.54962
228300 1.55009
228450 1.55056
228600 1.55103
228750 1.55151
228900 1.5521
229050 1.55259
229200 1.55306
229350 1.55354
229500 1.554
229650 1.55447
229800 1.55494
229950 1.55541
230100 1.55588
230250 1.55636
230400 1.55683
230550 1.55731
230700 1.55779
230850 1.55827
231000 1.55875
231150 1.55924
231300 1.55971
231450 1.56019
231600 1.56068
231750 1.56115
231900 1.56163
232050 1.56211
232200 1.5626
232350 1.56308
232500 1.56355
232650 1.56404
232800 1.56451
232950 1.56497
233100 1.56546
233250 1.56596
233400 1.56645
233550 1.56692
233700 1.56741
233850 1.56789
234000 1.56837
234150 1.56884
234300 1.56932
234450 1.56981
234600 1.5703
234750 1.57078
234900 1.57127
235050 1.57176
235200 1.57222
235350 1.5727
235500 1.57319
235650 1.5737
235800 1.5742
235950 1.57468
236100 1.57515
236250 1.57564
236400 1.57612
236550 1.5766
236700 1.57709
236850 1.57757
237000 1.57805
237150 1.57855
237300 1.57902
237450 1.57952
237600 1.58
237750 1.58046
237900 1.58095
238050 1.58143
238200 1.58193
238350 1.58242
238500 1.58292
238650 1.58341
238800 1.58388
238950 1.58435
239100 1.58484
239250 1.58532
239400 1.58582
239550 1.58632
239700 1.5868
239850 1.58728
240000 1.58778
240150 1.58826
240300 1.58874
240450 1.58924
240600 1.58973
240750 1.59021
240900 1.5907
241050 1.59118
241200 1.59167
241350 1.59217
241500 1.59268
241650 1.59319
241800 1.59367
241950 1.59417
242100 1.59465
242250 1.59514
242400 1.59562
242550 1.5961
242700 1.59659
242850 1.59708
243000 1.59756
243150 1.59808
243300 1.59858
243450 1.59907
243600 1.59959
243750 1.60009
243900 1.6006
244050 1.60109
244200 1.60158
244350 1.60208
244500 1.60259
244650 1.60308
244800 1.60357
244950 1.60409
245100 1.60458
245250 1.60508
245400 1.60558
245550 1.60609
245700 1.6066
245850 1.60709
246000 1.6076
246150 1.60809
246300 1.6086
246450 1.60911
246600 1.6096
246750 1.61011
246900 1.61062
247050 1.61114
247200 1.61165
247350 1.61234
247500 1.61285
247650 1.61336
247800 1.61387
247950 1.61436
248100 1.61486
248250 1.61538
248400 1.61588
248550 1.61639
248700 1.6169
248850 1.61741
249000 1.6179
249150 1.61841
249300 1.6189
249450 1.6194
249600 1.61989
249750 1.62039
249900 1.62089
250050 1.62142
250200 1.62193
250350 1.62244
250500 1.62295
250650 1.62346
250800 1.62398
250950 1.6245
251100 1.62501
251250 1.62551
251400 1.62602
251550 1.62652
251700 1.62703
251850 1.62755
252000 1.62806
252150 1.62857
252300 1.62909
252450 1.62961
252600 1.63013
252750 1.63064
252900 1.63117
253050 1.63168
253200 1.63222
253350 1.63272
253500 1.63324
253650 1.63374
253800 1.63427
253950 1.63476
254100 1.63528
254250 1.63579
254400 1.63629
254550 1.63683
254700 1.63734
254850 1.63785
255000 1.63837
255150 1.63888
255300 1.63939
255450 1.63992
255600 1.64044
255750 1.64096
255900 1.64149
256050 1.64201
256200 1.64254
256350 1.64304
256500 1.64357
256650 1.64408
256800 1.64459
256950 1.64511
257100 1.64565
257250 1.64616
257400 1.64667
257550 1.64719
257700 1.64771
257850 1.64822
258000 1.64873
258150 1.64923
258300 1.64974
258450 1.65026
258600 1.6508
258750 1.65132
258900 1.65186
259050 1.65239
259200 1.65293
259350 1.65344
259500 1.65398
259650 1.6545
259800 1.655
259950 1.65552
260100 1.65604
260250 1.65655
260400 1.65708
260550 1.6576
260700 1.65814
260850 1.65865
261000 1.65917
261150 1.6597
261300 1.66021
261450 1.66074
261600 1.66128
261750 1.66182
261900 1.66234
262050 1.66286
262200 1.66338
262350 1.66391
262500 1.66441
262650 1.66493
262800 1.66545
262950 1.66598
263100 1.66652
263250 1.66705
263400 1.66757
263550 1.6681
263700 1.66863
263850 1.66917
264000 1.6697
264150 1.67022
264300 1.67076
264450 1.67131
264600 1.67185
264750 1.67236
264900 1.67289
265050 1.67341
265200 1.67397
265350 1.67448
265500 1.67501
265650 1.67553
265800 1.67606
265950 1.67661
266100 1.67717
266250 1.67772
266400 1.67826
266550 1.6788
266700 1.67934
266850 1.67985
267000 1.68037
267150 1.68091
267300 1.68144
267450 1.68198
267600 1.68251
267750 1.68304
267900 1.68359
268050 1.68412
268200 1.68466
268350 1.68521
268500 1.68574
268650 1.68628
268800 1.68682
268950 1.68736
269100 1.68789
269250 1.68843
269400 1.68898
269550 1.68953
269700 1.69006
269850 1.69063
270000 1.69119
270150 1.6917
270300 1.69222
270450 1.69278
270600 1.69335
270750 1.69388
270900 1.6944
271050 1.69493
271200 1.69548
271350 1.69602
271500 1.69657
271650 1.69712
271800 1.69767
271950 1.69822
272100 1.69876
272250 1.6993
272400 1.69986
272550 1.7004
272700 1.70095
272850 1.70147
273000 1.70201
273150 1.70255
273300 1.70307
273450 1.70362
273600 1.70418
273750 1.70473
273900 1.70528
274050 1.70582
274200 1.70636
274350 1.70692
274500 1.70745
274650 1.70799
274800 1.70855
274950 1.70908
275100 1.70964
275250 1.71017
275400 1.71073
275550 1.71128
275700 1.71184
275850 1.71248
276000 1.71303
276150 1.71357
276300 1.7141
276450 1.71465
276600 1.7152
276750 1.71575
276900 1.7163
277050 1.71684
277200 1.7174
277350 1.71796
277500 1.71852
277650 1.71907
277800 1.71963
277950 1.72018
278100 1.72072
278250 1.72127
278400 1.72182
278550 1.72239
278700 1.72296
278850 1.7236
279000 1.72416
279150 1.72472
279300 1.72527
279450 1.72581
279600 1.72636
279750 1.72689
279900 1.72745
280050 1.72799
280200 1.72855
280350 1.72911
280500 1.72967
280650 1.73023
280800 1.73079
280950 1.73137
281100 1.73192
281250 1.73248
281400 1.73303
281550 1.73357
281700 1.73413
281850 1.73472
282000 1.73528
282150 1.73584
282300 1.73642
282450 1.73697
282600 1.73755
282750 1.7381
282900 1.73866
283050 1.73922
283200 1.73993
283350 1.7405
283500 1.74106
283650 1.74162
283800 1.74218
283950 1.74275
284100 1.74333
284250 1.74389
284400 1.74447
284550 1.74504
284700 1.7456
284850 1.74617
285000 1.74674
285150 1.74733
285300 1.7479
285450 1.74848
285600 1.74905
285750 1.74964
285900 1.75022
286050 1.75079
286200 1.75134
286350 1.75192
286500 1.75248
286650 1.75303
286800 1.75359
286950 1.75414
287100 1.75473
287250 1.75528
287400 1.75585
287550 1.75642
287700 1.75703
287850 1.75759
288000 1.75817
288150 1.75875
288300 1.75933
288450 1.75991
288600 1.7605
288750 1.76108
288900 1.76163
289050 1.76221
289200 1.76279
289350 1.7634
289500 1.76398
289650 1.76457
289800 1.76515
289950 1.76574
290100 1.76632
290250 1.76692
290400 1.7675
290550 1.76807
290700 1.76866
290850 1.76925
291000 1.76983
291150 1.77042
291300 1.77101
291450 1.7716
291600 1.77217
291750 1.77275
291900 1.77335
292050 1.77394
292200 1.77453
292350 1.77511
292500 1.77568
292650 1.77627
292800 1.77685
292950 1.77745
293100 1.77804
293250 1.77863
293400 1.7792
293550 1.77979
293700 1.78037
293850 1.78097
294000 1.78158
294150 1.78217
294300 1.78276
294450 1.78333
294600 1.78393
294750 1.78451
294900 1.78511
295050 1.78571
295200 1.7863
295350 1.78688
295500 1.78749
295650 1.78809
295800 1.78868
295950 1.78928
296100 1.78989
296250 1.79047
296400 1.79107
296550 1.79165
296700 1.79225
296850 1.79283
297000 1.79343
297150 1.794
297300 1.79459
297450 1.79516
297600 1.79575
297750 1.79633
297900 1.79694
298050 1.79754
298200 1.79813
298350 1.79871
298500 1.79929
298650 1.79988
298800 1.80049
298950 1.80107
299100 1.80168
299250 1.80228
299400 1.80288
299550 1.80347
299700 1.80407
299850 1.80465
300000 1.80525
300150 1.80585
300300 1.80647
300450 1.80708
300600 1.80769
300750 1.80829
300900 1.80888
301050 1.80951
301200 1.81011
301350 1.81073
301500 1.81132
301650 1.81192
301800 1.81253
301950 1.81313
302100 1.81371
302250 1.81431
302400 1.81491
302550 1.81555
302700 1.81613
302850 1.81674
303000 1.81734
303150 1.81796
303300 1.81857
303450 1.81918
303600 1.81979
303750 1.82038
303900 1.82097
304050 1.82154
304200 1.82215
304350 1.82276
304500 1.82338
304650 1.82399
304800 1.8246
304950 1.82521
305100 1.82583
305250 1.82643
305400 1.82703
305550 1.82767
305700 1.82826
305850 1.82888
306000 1.82949
306150 1.83013
306300 1.83076
306450 1.83141
306600 1.83199
306750 1.83263
306900 1.83324
307050 1.83382
307200 1.83444
307350 1.83504
307500 1.83567
307650 1.83628
307800 1.83689
307950 1.83751
308100 1.83811
308250 1.83872
308400 1.83936
308550 1.83999
308700 1.84063
308850 1.84125
309000 1.84189
309150 1.84251
309300 1.84313
309450 1.84373
309600 1.84436
309750 1.84499
309900 1.84562
310050 1.84627
310200 1.84688
310350 1.84751
310500 1.84815
310650 1.84878
310800 1.8494
310950 1.85002
311100 1.85067
311250 1.85128
311400 1.85189
311550 1.85253
311700 1.85316
311850 1.8538
312000 1.85443
312150 1.85504
312300 1.85568
312450 1.85632
312600 1.85693
312750 1.85756
312900 1.85816
313050 1.8588
313200 1.85941
313350 1.86004
313500 1.8607
313650 1.86134
313800 1.86198
313950 1.86259
314100 1.86319
314250 1.86382
314400 1.86444
314550 1.86506
314700 1.86572
314850 1.86634
315000 1.86697
315150 1.86758
315300 1.86821
315450 1.86884
315600 1.86951
315750 1.87014
315900 1.87077
316050 1.87141
316200 1.87205
316350 1.87268
316500 1.87332
316650 1.87396
316800 1.8746
316950 1.87525
317100 1.87587
317250 1.87649
317400 1.87712
317550 1.87773
317700 1.87836
317850 1.87898
318000 1.87964
318150 1.88025
318300 1.88087
318450 1.88152
318600 1.88216
318750 1.8828
318900 1.88346
319050 1.88409
319200 1.88471
319350 1.88539
319500 1.88603
319650 1.88668
319800 1.8873
319950 1.88797
320100 1.8886
320250 1.88921
320400 1.88987
320550 1.89052
320700 1.89115
320850 1.8919
321000 1.89254
321150 1.89317
321300 1.89379
321450 1.89446
321600 1.89509
321750 1.89573
321900 1.8964
322050 1.89703
322200 1.89769
322350 1.89838
322500 1.89902
322650 1.89964
322800 1.90028
322950 1.90091
323100 1.90159
323250 1.90224
323400 1.90293
323550 1.90357
323700 1.90422
323850 1.90486
324000 1.90555
324150 1.9062
324300 1.9069
324450 1.90755
324600 1.90821
324750 1.90889
324900 1.90954
325050 1.91021
325200 1.91085
325350 1.91151
325500 1.91215
325650 1.91282
325800 1.91347
325950 1.91424
326100 1.9149
326250 1.91555
326400 1.9162
326550 1.91686
326700 1.91749
326850 1.91815
327000 1.9188
327150 1.9195
327300 1.92017
327450 1.92084
327600 1.9215
327750 1.92217
327900 1.92283
328050 1.92352
328200 1.92416
328350 1.92485
328500 1.92554
328650 1.92621
328800 1.92689
328950 1.92755
329100 1.9282
329250 1.92888
329400 1.92954
329550 1.93023
329700 1.93089
329850 1.93156
330000 1.93222
330150 1.93289
330300 1.93357
330450 1.93427
330600 1.93494
330750 1.93562
330900 1.93628
331050 1.93698
331200 1.93764
331350 1.93832
331500 1.93899
331650 1.93965
331800 1.94033
331950 1.941
332100 1.94167
332250 1.94236
332400 1.94305
332550 1.94373
332700 1.94441
332850 1.94512
333000 1.94579
333150 1.94645
333300 1.9471
333450 1.94776
333600 1.94845
333750 1.94914
333900 1.94986
334050 1.95051
334200 1.9512
334350 1.9519
334500 1.95256
334650 1.95324
334800 1.9539
334950 1.95459
335100 1.95526
335250 1.95592
335400 1.95657
335550 1.95724
335700 1.95794
335850 1.95862
336000 1.95929
336150 1.95997
336300 1.96068
336450 1.96136
336600 1.96201
336750 1.9627
336900 1.96337
337050 1.96406
337200 1.96474
337350 1.96546
337500 1.96615
337650 1.96684
337800 1.96752
337950 1.9682
338100 1.96887
338250 1.96956
338400 1.97044
338550 1.97114
338700 1.97182
338850 1.97249
339000 1.9732
339150 1.97391
339300 1.9746
339450 1.97526
339600 1.97595
339750 1.97665
339900 1.97738
340050 1.97806
340200 1.97872
340350 1.97943
340500 1.98012
340650 1.98082
340800 1.98151
340950 1.98218
341100 1.98288
341250 1.98359
341400 1.98431
341550 1.98501
341700 1.9857
341850 1.9864
342000 1.98707
342150 1.98777
342300 1.98848
342450 1.98919
342600 1.98989
342750 1.99059
342900 1.99127
343050 1.99199
343200 1.9927
343350 1.9934
343500 1.99412
343650 1.99481
343800 1.99557
343950 1.99629
344100 1.99713
344250 1.99783
344400 1.99854
344550 1.99926
344700 1.99998
344850 2.00068
345000 2.0014
345150 2.0021
345300 2.0028
345450 2.00351
345600 2.00423
345750 2.00492
345900 2.00565
346050 2.00634
346200 2.00708
346350 2.0078
346500 2.0085
346650 2.0092
346800 2.00989
346950 2.01062
347100 2.01135
347250 2.01204
347400 2.01278
347550 2.01348
347700 2.0142
347850 2.01488
348000 2.01558
348150 2.01631
348300 2.01703
348450 2.01774
348600 2.01844
348750 2.01916
348900 2.01988
349050 2.0206
349200 2.02131
349350 2.02202
349500 2.02274
349650 2.02349
349800 2.02424
349950 2.02499
350100 2.02573
350250 2.02646
350400 2.02718
350550 2.02792
350700 2.02868
350850 2.02939
351000 2.03009
351150 2.03081
351300 2.03156
351450 2.03227
351600 2.033
351750 2.03375
351900 2.03449
352050 2.03522
352200 2.03592
352350 2.03667
352500 2.03739
352650 2.03811
352800 2.03885
352950 2.03958
353100 2.04031
353250 2.04103
353400 2.04176
353550 2.04248
353700 2.0432
353850 2.04392
354000 2.04465
354150 2.04539
354300 2.04613
354450 2.04688
354600 2.04761
354750 2.04835
354900 2.04909
355050 2.04981
355200 2.05057
355350 2.05134
355500 2.05207
355650 2.05282
355800 2.05355
355950 2.0543
356100 2.055
356250 2.05572
356400 2.05645
356550 2.05719
356700 2.05796
356850 2.05873
357000 2.05944
357150 2.06015
357300 2.06087
357450 2.06162
357600 2.06237
357750 2.06314
357900 2.06389
358050 2.06463
358200 2.06537
358350 2.06612
358500 2.06687
358650 2.0676
358800 2.06835
358950 2.06914
359100 2.06988
359250 2.07064
359400 2.07142
359550 2.0722
359700 2.07292
359850 2.0737
360000 2.07446
360150 2.0752
360300 2.07595
360450 2.07669
360600 2.07746
360750 2.0782
360900 2.07898
361050 2.07975
361200 2.0805
361350 2.08127
361500 2.08201
361650 2.08277
361800 2.08351
361950 2.08428
362100 2.08502
362250 2.0858
362400 2.08659
362550 2.08737
362700 2.08815
362850 2.08895
363000 2.08973
363150 2.09047
363300 2.09122
363450 2.09195
363600 2.09273
363750 2.09349
363900 2.09429
364050 2.09505
364200 2.09583
364350 2.09663
364500 2.09738
364650 2.09814
364800 2.09892
364950 2.09967
365100 2.10043
365250 2.1012
365400 2.10197
365550 2.10272
365700 2.1035
365850 2.10429
366000 2.10503
366150 2.10576
366300 2.10655
366450 2.10731
366600 2.10808
366750 2.10886
366900 2.10964
367050 2.11039
367200 2.11116
367350 2.11191
367500 2.11268
367650 2.11346
367800 2.11425
367950 2.11502
368100 2.1158
368250 2.1166
368400 2.11738
368550 2.11813
368700 2.1189
368850 2.11967
369000 2.12046
369150 2.12126
369300 2.12203
369450 2.12278
369600 2.12359
369750 2.12436
369900 2.12514
370050 2.12591
370200 2.12667
370350 2.12748
370500 2.12825
370650 2.12908
370800 2.12988
370950 2.13066
371100 2.13143
371250 2.13224
371400 2.13301
371550 2.13382
371700 2.13461
371850 2.13542
372000 2.13617
372150 2.13698
372300 2.13778
372450 2.13858
372600 2.13937
372750 2.14018
372900 2.14097
373050 2.14174
373200 2.14255
373350 2.14334
373500 2.14411
373650 2.14492
373800 2.14572
373950 2.14649
374100 2.14726
374250 2.14806
374400 2.14885
374550 2.14966
374700 2.15044
374850 2.15124
375000 2.15201
375150 2.15281
375300 2.15365
375450 2.15441
375600 2.15523
375750 2.15602
375900 2.1569
376050 2.15771
376200 2.1585
376350 2.15933
376500 2.16014
376650 2.16093
376800 2.16172
376950 2.16253
377100 2.16334
377250 2.16426
377400 2.16508
377550 2.16589
377700 2.16671
377850 2.1675
378000 2.16834
378150 2.16917
378300 2.16996
378450 2.17081
378600 2.17162
378750 2.17244
378900 2.17328
379050 2.17411
379200 2.17495
379350 2.17578
379500 2.1766
379650 2.1774
379800 2.17821
379950 2.17902
380100 2.17986
380250 2.18071
380400 2.18155
380550 2.18237
380700 2.18319
380850 2.18404
381000 2.18486
381150 2.18572
381300 2.18655
381450 2.1874
381600 2.18819
381750 2.18902
381900 2.18985
382050 2.19072
382200 2.19156
382350 2.1924
382500 2.19321
382650 2.19405
382800 2.19485
382950 2.19567
383100 2.19647
383250 2.19728
383400 2.19831
383550 2.19912
383700 2.19997
383850 2.20081
384000 2.20166
384150 2.2025
384300 2.20332
384450 2.20415
384600 2.20501
384750 2.20583
384900 2.20663
385050 2.20744
385200 2.2083
385350 2.20912
385500 2.20994
385650 2.21077
385800 2.21163
385950 2.21248
386100 2.21328
386250 2.2141
386400 2.21492
386550 2.21576
386700 2.21666
386850 2.21748
387000 2.21837
387150 2.21924
387300 2.22013
387450 2.22099
387600 2.22183
387750 2.2227
387900 2.22357
388050 2.22441
388200 2.22527
388350 2.22612
388500 2.22695
388650 2.22779
388800 2.22863
388950 2.22947
389100 2.23035
389250 2.23122
389400 2.23209
389550 2.23296
389700 2.23388
389850 2.23474
390000 2.23562
390150 2.2365
390300 2.23731
390450 2.23813
390600 2.23903
390750 2.23987
390900 2.2407
391050 2.24152
391200 2.24232
391350 2.24321
391500 2.24406
391650 2.24497
391800 2.24583
391950 2.24673
392100 2.24761
392250 2.24845
392400 2.24931
392550 2.2502
392700 2.25104
392850 2.25195
393000 2.25289
393150 2.25378
393300 2.25473
393450 2.25561
393600 2.25648
393750 2.25735
393900 2.25819
394050 2.25906
394200 2.25991
394350 2.26075
394500 2.26161
394650 2.26247
394800 2.2633
394950 2.26417
395100 2.26506
395250 2.26595
395400 2.26685
395550 2.26773
395700 2.26859
395850 2.26948
396000 2.27038
396150 2.27125
396300 2.27212
396450 2.273
396600 2.27387
396750 2.27479
396900 2.27566
397050 2.27653
397200 2.27741
397350 2.27825
397500 2.27911
397650 2.28
397800 2.28089
397950 2.28181
398100 2.28268
398250 2.28356
398400 2.28443
398550 2.2857
398700 2.28656
398850 2.28744
399000 2.28833
399150 2.28917
399300 2.29005
399450 2.29092
399600 2.29181
399750 2.29273
399900 2.29362
400050 2.29451
400200 2.29543
400350 2.29634
400500 2.29723
400650 2.29815
400800 2.29907
400950 2.29996
401100 2.30085
401250 2.30171
401400 2.30258
401550 2.30351
401700 2.30441
401850 2.30531
402000 2.30622
402150 2.30712
402300 2.30803
402450 2.30893
402600 2.30981
402750 2.31074
402900 2.3116
403050 2.31249
403200 2.31343
403350 2.31436
403500 2.31525
403650 2.31612
403800 2.31706
403950 2.31796
404100 2.31888
404250 2.31983
404400 2.3207
404550 2.32161
404700 2.32254
404850 2.3234
405000 2.32429
405150 2.3252
405300 2.32611
405450 2.32704
405600 2.32794
405750 2.32882
405900 2.3298
406050 2.33072
406200 2.33169
406350 2.33261
406500 2.33349
406650 2.33437
406800 2.33529
406950 2.3362
407100 2.33712
407250 2.33801
407400 2.33893
407550 2.33988
407700 2.3408
407850 2.34173
408000 2.34263
408150 2.34361
408300 2.34451
408450 2.34549
408600 2.34639
408750 2.34734
408900 2.34828
409050 2.34918
409200 2.35015
409350 2.35109
409500 2.35202
409650 2.35294
409800 2.35385
409950 2.3548
410100 2.35573
410250 2.35667
410400 2.35757
410550 2.35848
410700 2.35943
410850 2.36037
411000 2.36131
411150 2.36227
411300 2.36326
411450 2.36426
411600 2.36518
411750 2.36612
411900 2.36709
412050 2.36803
412200 2.36896
412350 2.36991
412500 2.37089
412650 2.37188
412800 2.37282
412950 2.37375
413100 2.37466
413250 2.37564
413400 2.37661
413550 2.37752
413700 2.37845
413850 2.37938
414000 2.38034
414150 2.38126
414300 2.38224
414450 2.3832
414600 2.38418
414750 2.38514
414900 2.38612
415050 2.38709
415200 2.38802
415350 2.38893
415500 2.38988
415650 2.39086
415800 2.39184
415950 2.39274
416100 2.39368
416250 2.39462
416400 2.39563
416550 2.39661
416700 2.39755
416850 2.39847
417000 2.39944
417150 2.40038
417300 2.40131
417450 2.40226
417600 2.40322
417750 2.40422
417900 2.40522
418050 2.40617
418200 2.40717
418350 2.40809
418500 2.40908
418650 2.41005
418800 2.41102
418950 2.41198
419100 2.41298
419250 2.41394
419400 2.41489
419550 2.41588
419700 2.41684
419850 2.41782
420000 2.41881
420150 2.41976
420300 2.42073
420450 2.42171
420600 2.42272
420750 2.4237
420900 2.42469
421050 2.42571
421200 2.42673
421350 2.42768
421500 2.42866
421650 2.42969
421800 2.43063
421950 2.43162
422100 2.43254
422250 2.43351
422400 2.43449
422550 2.43553
422700 2.43649
422850 2.43749
423000 2.43848
423150 2.4395
423300 2.44049
423450 2.4415
423600 2.44249
423750 2.44348
423900 2.44448
424050 2.44551
424200 2.4465
424350 2.44751
424500 2.44845
424650 2.44943
424800 2.45044
424950 2.45142
425100 2.45239
425250 2.45342
425400 2.45443
425550 2.45543
425700 2.45641
425850 2.45744
426000 2.45838
426150 2.45938
426300 2.4604
426450 2.46139
426600 2.46242
426750 2.46344
426900 2.46447
427050 2.46547
427200 2.46653
427350 2.46751
427500 2.46858
427650 2.46958
427800 2.47064
427950 2.47168
428100 2.47266
428250 2.4737
428400 2.47474
428550 2.47576
428700 2.47681
428850 2.47783
429000 2.47886
429150 2.47991
429300 2.48093
429450 2.48192
429600 2.48292
429750 2.48402
429900 2.48508
430050 2.48611
430200 2.4872
430350 2.48827
430500 2.48935
430650 2.49036
430800 2.49142
430950 2.49245
431100 2.49347
431250 2.49451
431400 2.49552
431550 2.49656
431700 2.4976
431850 2.49865
432000 2.49969
432150 2.50072
432300 2.5018
432450 2.50283
432600 2.50383
432750 2.5049
432900 2.50595
433050 2.50702
433200 2.50806
433350 2.50914
433500 2.51018
433650 2.51126
433800 2.51231
433950 2.51336
434100 2.51441
434250 2.51545
434400 2.51655
434550 2.51764
434700 2.51869
434850 2.51974
435000 2.52078
435150 2.52177
435300 2.52287
435450 2.52393
435600 2.52496
435750 2.52599
435900 2.52703
436050 2.52813
436200 2.52915
436350 2.53018
436500 2.53125
436650 2.53244
436800 2.53347
436950 2.53449
437100 2.53552
437250 2.53656
437400 2.53761
437550 2.53868
437700 2.53977
437850 2.5408
438000 2.54189
438150 2.54301
438300 2.54406
438450 2.54512
438600 2.54623
438750 2.54727
438900 2.54834
439050 2.54948
439200 2.55052
439350 2.55155
439500 2.55262
439650 2.55368
439800 2.55474
439950 2.55579
440100 2.55687
440250 2.55792
440400 2.55906
440550 2.56009
440700 2.56112
440850 2.56219
441000 2.56324
441150 2.56428
441300 2.56532
441450 2.56643
441600 2.56756
441750 2.56861
441900 2.56968
442050 2.57073
442200 2.57176
442350 2.5729
442500 2.57398
442650 2.57509
442800 2.5762
442950 2.57731
443100 2.57838
443250 2.57948
443400 2.58056
443550 2.58168
443700 2.58277
443850 2.58382
444000 2.5849
444150 2.58605
444300 2.58717
444450 2.58822
444600 2.58933
444750 2.59048
444900 2.59161
445050 2.59277
445200 2.59381
445350 2.59492
445500 2.59606
445650 2.59717
445800 2.59827
445950 2.5994
446100 2.60057
446250 2.60172
446400 2.60284
446550 2.60391
446700 2.60502
446850 2.60611
447000 2.6072
447150 2.60833
447300 2.6095
447450 2.61058
447600 2.61171
447750 2.61285
447900 2.61395
448050 2.61509
448200 2.61613
448350 2.61726
448500 2.61839
448650 2.61946
448800 2.62057
448950 2.62167
449100 2.62281
449250 2.62391
449400 2.625
449550 2.6261
449700 2.62721
449850 2.62837
450000 2.62947
450150 2.63055
450300 2.63167
450450 2.63277
450600 2.63394
450750 2.63505
450900 2.63623
451050 2.63734
451200 2.63843
451350 2.63952
451500 2.64061
451650 2.64178
451800 2.6429
451950 2.64404
452100 2.6452
452250 2.6464
452400 2.64749
452550 2.64868
452700 2.64981
452850 2.65096
453000 2.65211
453150 2.65322
453300 2.65441
453450 2.65556
453600 2.6567
453750 2.65785
453900 2.65896
454050 2.66017
454200 2.66127
454350 2.66244
454500 2.66357
454650 2.66468
454800 2.66585
454950 2.66701
455100 2.66815
455250 2.66928
455400 2.67041
455550 2.67155
455700 2.67268
455850 2.67383
456000 2.67503
456150 2.67618
456300 2.67733
456450 2.6784
456600 2.67952
456750 2.68064
456900 2.68184
457050 2.68298
457200 2.68453
457350 2.68559
457500 2.68673
457650 2.68786
457800 2.68901
457950 2.69017
458100 2.69132
458250 2.69247
458400 2.69369
458550 2.69491
458700 2.69608
458850 2.69721
459000 2.69835
459150 2.69954
459300 2.7007
459450 2.70188
459600 2.70305
459750 2.7042
459900 2.70538
460050 2.7066
460200 2.70783
460350 2.70906
460500 2.71025
460650 2.71143
460800 2.71262
460950 2.71379
461100 2.71502
461250 2.7162
461400 2.71743
461550 2.71864
461700 2.7199
461850 2.72106
462000 2.72232
462150 2.72352
462300 2.72473
462450 2.72595
462600 2.72719
462750 2.72846
462900 2.7296
463050 2.73078
463200 2.73196
463350 2.73316
463500 2.73439
463650 2.73562
463800 2.73683
463950 2.73804
464100 2.73924
464250 2.74048
464400 2.74167
464550 2.74288
464700 2.74412
464850 2.74524
465000 2.74641
465150 2.74754
465300 2.7488
465450 2.74992
465600 2.75119
465750 2.75241
465900 2.75374
466050 2.75496
466200 2.75612
466350 2.7573
466500 2.75851
466650 2.75975
466800 2.76095
466950 2.76217
467100 2.76338
467250 2.76457
467400 2.7658
467550 2.76704
467700 2.7683
467850 2.76951
468000 2.77068
468150 2.77185
468300 2.77312
468450 2.77432
468600 2.77552
468750 2.77674
468900 2.77803
469050 2.77921
469200 2.78044
469350 2.78164
469500 2.78283
469650 2.78414
469800 2.78532
469950 2.78654
470100 2.78777
470250 2.78898
470400 2.79018
470550 2.7914
470700 2.79267
470850 2.79387
471000 2.79542
471150 2.79662
471300 2.79787
471450 2.79912
471600 2.80032
471750 2.80167
471900 2.80295
472050 2.80431
472200 2.80554
472350 2.80682
472500 2.80808
472650 2.80933
472800 2.8106
472950 2.81188
473100 2.81313
473250 2.81445
473400 2.81568
473550 2.81695
473700 2.81827
473850 2.8195
474000 2.8208
474150 2.82208
474300 2.82337
474450 2.82464
474600 2.82592
474750 2.82718
474900 2.82847
475050 2.82984
475200 2.83117
475350 2.83249
475500 2.83377
475650 2.83505
475800 2.83635
475950 2.83759
476100 2.83887
476250 2.84016
476400 2.84142
476550 2.84262
476700 2.84386
476850 2.84521
477000 2.84649
477150 2.84777
477300 2.84907
477450 2.85041
477600 2.8517
477750 2.85298
477900 2.85429
478050 2.85563
478200 2.85693
478350 2.85821
478500 2.85954
478650 2.86089
478800 2.86223
478950 2.8635
479100 2.86484
479250 2.86615
479400 2.86737
479550 2.86868
479700 2.87
479850 2.87119
480000 2.87245
480150 2.87376
480300 2.87505
480450 2.87631
480600 2.87756
480750 2.87887
480900 2.8802
481050 2.88146
481200 2.88272
481350 2.8841
481500 2.8854
481650 2.88672
481800 2.88809
481950 2.88937
482100 2.89066
482250 2.89196
482400 2.89323
482550 2.89457
482700 2.89599
482850 2.89725
483000 2.89854
483150 2.89988
483300 2.90125
483450 2.90255
483600 2.90387
483750 2.90526
483900 2.90667
484050 2.90804
484200 2.90933
484350 2.91069
484500 2.912
484650 2.91332
484800 2.91463
484950 2.91599
485100 2.91729
485250 2.9186
485400 2.91999
485550 2.92138
485700 2.92272
485850 2.92404
486000 2.92537
486150 2.92673
486300 2.92807
486450 2.92945
486600 2.93074
486750 2.93202
486900 2.93337
487050 2.9347
487200 2.93609
487350 2.93749
487500 2.9389
487650 2.94032
487800 2.94164
487950 2.94297
488100 2.94437
488250 2.94605
488400 2.94744
488550 2.94877
488700 2.95013
488850 2.95151
489000 2.95283
489150 2.95425
489300 2.95557
489450 2.957
489600 2.95841
489750 2.95982
489900 2.96122
490050 2.96263
490200 2.96401
490350 2.96538
490500 2.96669
490650 2.9681
490800 2.96948
490950 2.9709
491100 2.97229
491250 2.97369
491400 2.97504
491550 2.97651
491700 2.97796
491850 2.97932
492000 2.98072
492150 2.98215
492300 2.98357
492450 2.98494
492600 2.98624
492750 2.98756
492900 2.989
493050 2.99042
493200 2.99179
493350 2.99319
493500 2.99458
493650 2.99601
493800 2.99744
493950 2.9989
494100 3.00038
494250 3.00182
494400 3.00323
494550 3.00463
494700 3.00601
494850 3.0074
495000 3.0088
495150 3.01018
495300 3.01162
495450 3.01299
495600 3.0144
495750 3.01588
495900 3.01735
496050 3.01875
496200 3.02014
496350 3.02149
496500 3.02304
496650 3.02442
496800 3.02583
496950 3.02729
497100 3.02868
497250 3.03007
497400 3.03154
497550 3.03305
497700 3.03453
497850 3.03605
498000 3.03751
498150 3.03894
498300 3.04045
498450 3.04185
498600 3.04332
498750 3.04477
498900 3.04622
499050 3.04763
499200 3.04914
499350 3.05053
499500 3.05198
499650 3.05348
499800 3.05487
499950 3.05632
500100 3.05778
500250 3.05925
500400 3.0607
500550 3.06214
500700 3.06357
500850 3.06507
501000 3.06656
501150 3.06808
501300 3.0695
501450 3.07092
501600 3.07231
501750 3.07374
501900 3.07521
502050 3.07677
502200 3.07843
502350 3.07979
502500 3.08124
502650 3.08271
502800 3.08418
502950 3.08577
503100 3.08725
503250 3.08879
503400 3.09033
503550 3.0918
503700 3.09328
503850 3.09476
504000 3.09625
504150 3.09768
504300 3.09912
504450 3.10058
504600 3.10207
504750 3.1036
504900 3.10504
505050 3.10645
505200 3.10793
505350 3.1094
505500 3.11093
505650 3.11245
505800 3.11394
505950 3.11548
506100 3.11702
506250 3.11843
506400 3.11992
506550 3.12136
506700 3.12292
506850 3.12447
507000 3.12604
507150 3.12757
507300 3.12908
507450 3.13055
507600 3.132
507750 3.13357
507900 3.13515
508050 3.13665
508200 3.13826
508350 3.13981
508500 3.1413
508650 3.14283
508800 3.14434
508950 3.14583
509100 3.1474
509250 3.14891
509400 3.15048
509550 3.15197
509700 3.15355
509850 3.15511
510000 3.15666
510150 3.15817
510300 3.15975
510450 3.1613
510600 3.16285
510750 3.16437
510900 3.16595
511050 3.16749
511200 3.169
511350 3.1706
511500 3.17215
511650 3.17378
511800 3.17533
511950 3.17696
512100 3.17855
512250 3.18008
512400 3.18173
512550 3.18329
512700 3.18494
512850 3.18663
513000 3.18825
513150 3.18983
513300 3.19146
513450 3.1931
513600 3.19461
513750 3.19622
513900 3.19773
514050 3.19923
514200 3.20084
514350 3.20249
514500 3.20413
514650 3.20576
514800 3.20734
514950 3.20893
515100 3.21054
515250 3.21207
515400 3.21361
515550 3.21526
515700 3.21686
515850 3.21852
516000 3.22017
516150 3.22174
516300 3.22345
516450 3.22504
516600 3.2267
516750 3.22824
516900 3.22988
517050 3.23146
517200 3.23306
517350 3.23463
517500 3.2362
517650 3.23781
517800 3.23942
517950 3.24106
518100 3.24293
518250 3.24464
518400 3.24622
518550 3.24787
518700 3.24958
518850 3.2513
519000 3.25294
519150 3.25461
519300 3.25628
519450 3.25789
519600 3.25948
519750 3.26112
519900 3.26284
520050 3.26451
520200 3.26614
520350 3.26785
520500 3.26946
520650 3.2711
520800 3.27267
520950 3.2743
521100 3.27603
521250 3.27782
521400 3.27946
521550 3.28124
521700 3.28287
521850 3.28459
522000 3.28626
522150 3.28789
522300 3.28948
522450 3.29113
522600 3.29271
522750 3.29441
522900 3.29602
523050 3.29776
523200 3.29936
523350 3.30105
523500 3.30267
523650 3.30435
523800 3.30601
523950 3.30766
524100 3.30935
524250 3.31105
524400 3.31283
524550 3.31443
524700 3.31614
524850 3.31785
525000 3.31957
525150 3.32134
525300 3.32312
525450 3.32479
525600 3.32644
525750 3.3282
525900 3.32995
526050 3.33164
526200 3.3334
526350 3.33513
526500 3.33679
526650 3.33845
526800 3.34018
526950 3.34174
527100 3.34366
527250 3.34544
527400 3.34711
527550 3.3487
527700 3.3505
527850 3.35227
528000 3.35407
528150 3.35575
528300 3.35742
528450 3.35933
528600 3.36106
528750 3.36284
528900 3.36467
529050 3.36638
529200 3.36808
529350 3.36987
529500 3.37156
529650 3.37323
529800 3.37499
529950 3.37668
530100 3.37836
530250 3.38006
530400 3.38187
530550 3.38364
530700 3.3854
530850 3.3872
531000 3.38897
531150 3.39081
531300 3.39256
531450 3.39432
531600 3.39607
531750 3.39781
531900 3.39964
532050 3.40147
532200 3.40322
532350 3.40496
532500 3.40669
532650 3.40844
532800 3.41036
532950 3.41211
533100 3.4139
533250 3.41563
533400 3.41743
533550 3.41909
533700 3.42083
533850 3.42271
534000 3.42461
534150 3.42635
534300 3.42806
534450 3.42995
534600 3.43176
534750 3.43352
534900 3.43523
535050 3.43697
535200 3.43874
535350 3.44064
535500 3.44252
535650 3.44436
535800 3.44617
535950 3.44793
536100 3.44976
536250 3.45144
536400 3.45328
536550 3.45517
536700 3.45697
536850 3.45885
537000 3.46073
537150 3.46252
537300 3.46433
537450 3.46615
537600 3.46797
537750 3.46986
537900 3.47165
538050 3.47355
538200 3.47545
538350 3.4772
538500 3.47915
538650 3.48096
538800 3.48262
538950 3.48434
539100 3.48614
539250 3.48785
539400 3.48969
539550 3.49141
539700 3.49327
539850 3.49506
540000 3.49707
540150 3.49893
540300 3.50086
540450 3.50274
540600 3.50455
540750 3.50645
540900 3.50824
541050 3.51019
541200 3.512
541350 3.51389
541500 3.51573
541650 3.51757
541800 3.51945
541950 3.52127
542100 3.52322
542250 3.52514
542400 3.52701
542550 3.52895
542700 3.53093
542850 3.53297
543000 3.5348
543150 3.53676
543300 3.53866
543450 3.54057
543600 3.54254
543750 3.5445
543900 3.54644
544050 3.54837
544200 3.55029
544350 3.55217
544500 3.55408
544650 3.55595
544800 3.55791
544950 3.55982
545100 3.56174
545250 3.56358
545400 3.56548
545550 3.56733
545700 3.56919
545850 3.57115
546000 3.573
546150 3.5748
546300 3.57665
546450 3.5786
546600 3.58055
546750 3.58249
546900 3.5844
547050 3.58626
547200 3.58825
547350 3.59015
547500 3.59208
547650 3.59405
547800 3.59608
547950 3.59797
548100 3.59992
548250 3.60195
548400 3.60389
548550 3.60581
548700 3.60792
548850 3.60984
549000 3.61175
549150 3.61358
549300 3.61561
549450 3.61764
549600 3.61956
549750 3.62159
549900 3.62367
550050 3.62557
550200 3.62766
550350 3.62967
550500 3.63175
550650 3.63357
550800 3.63559
550950 3.63753
551100 3.63952
551250 3.64156
551400 3.64356
551550 3.64541
551700 3.6474
551850 3.64935
552000 3.65133
552150 3.65326
552300 3.65529
552450 3.65743
552600 3.65939
552750 3.66148
552900 3.66333
553050 3.66525
553200 3.66725
553350 3.66937
553500 3.67136
553650 3.67343
553800 3.67541
553950 3.67738
554100 3.67937
554250 3.68147
554400 3.68348
554550 3.6855
554700 3.6875
554850 3.68964
555000 3.6917
555150 3.69375
555300 3.6958
555450 3.69783
555600 3.69993
555750 3.70193
555900 3.70411
556050 3.70618
556200 3.70833
556350 3.71031
556500 3.71233
556650 3.71435
556800 3.71631
556950 3.71841
557100 3.7206
557250 3.7227
557400 3.72494
557550 3.727
557700 3.72895
557850 3.73095
558000 3.73298
558150 3.73511
558300 3.73714
558450 3.73922
558600 3.74125
558750 3.74346
558900 3.74557
559050 3.74764
559200 3.74973
559350 3.75185
559500 3.75383
559650 3.75583
559800 3.75787
559950 3.76012
560100 3.76224
560250 3.76433
560400 3.76647
560550 3.76865
560700 3.77089
560850 3.77304
561000 3.77523
561150 3.77746
561300 3.77958
561450 3.78183
561600 3.78398
561750 3.78611
561900 3.78825
562050 3.79032
562200 3.79247
562350 3.79459
562500 3.79668
562650 3.79873
562800 3.80079
562950 3.80277
563100 3.80494
563250 3.80699
563400 3.8091
563550 3.81128
563700 3.81345
563850 3.81568
564000 3.81782
564150 3.82012
564300 3.82215
564450 3.82429
564600 3.82646
564750 3.82862
564900 3.83091
565050 3.83303
565200 3.83522
565350 3.8374
565500 3.83959
565650 3.84172
565800 3.84395
565950 3.84605
566100 3.84807
566250 3.85023
566400 3.85257
566550 3.85478
566700 3.85705
566850 3.85927
567000 3.86137
567150 3.86361
567300 3.86589
567450 3.86821
567600 3.8705
567750 3.87278
567900 3.87505
568050 3.87732
568200 3.87957
568350 3.88185
568500 3.88414
568650 3.88639
568800 3.88857
568950 3.89067
569100 3.89296
569250 3.89526
569400 3.89739
569550 3.89962
569700 3.90195
569850 3.90418
570000 3.90645
570150 3.9085
570300 3.91059
570450 3.91292
570600 3.91502
570750 3.91729
570900 3.9195
571050 3.92173
571200 3.92398
571350 3.92619
571500 3.92843
571650 3.93064
571800 3.93299
571950 3.93525
572100 3.93746
572250 3.93962
572400 3.94193
572550 3.94424
572700 3.94662
572850 3.94893
573000 3.95115
573150 3.95335
573300 3.95568
573450 3.95797
573600 3.96036
573750 3.96277
573900 3.96499
574050 3.96739
574200 3.96965
574350 3.97206
574500 3.97432
574650 3.97662
574800 3.97907
574950 3.98143
575100 3.9838
575250 3.98606
575400 3.98847
575550 3.99083
575700 3.99295
575850 3.99526
576000 3.99768
576150 4.00032
576300 4.00257
576450 4.00494
576600 4.00726
576750 4.00968
576900 4.01227
577050 4.01452
577200 4.01687
577350 4.01934
577500 4.02167
577650 4.02411
577800 4.0265
577950 4.02887
578100 4.03134
578250 4.03374
578400 4.03623
578550 4.03858
578700 4.04098
578850 4.04337
579000 4.04577
579150 4.04822
579300 4.05077
579450 4.0531
579600 4.05534
579750 4.05768
579900 4.06013
580050 4.06244
580200 4.06479
580350 4.06726
580500 4.06957
580650 4.07212
580800 4.07458
580950 4.077
581100 4.07936
581250 4.08167
581400 4.08411
581550 4.08667
581700 4.0891
581850 4.09174
582000 4.09408
582150 4.0965
582300 4.09914
582450 4.10156
582600 4.10404
582750 4.10643
582900 4.10898
583050 4.11145
583200 4.11373
583350 4.11634
583500 4.11863
583650 4.12096
583800 4.12358
583950 4.12601
584100 4.1286
584250 4.13114
584400 4.13355
584550 4.13612
584700 4.13865
584850 4.14126
585000 4.14377
585150 4.14613
585300 4.14867
585450 4.15116
585600 4.1538
585750 4.15627
585900 4.15881
586050 4.16137
586200 4.16376
586350 4.16618
586500 4.16901
586650 4.17164
586800 4.17417
586950 4.17663
587100 4.17918
587250 4.1816
587400 4.18409
587550 4.1868
587700 4.18943
587850 4.19205
588000 4.19467
588150 4.19706
588300 4.19953
588450 4.20227
588600 4.20495
588750 4.20762
588900 4.21014
589050 4.21271
589200 4.2152
589350 4.21796
589500 4.22057
589650 4.22319
589800 4.22584
589950 4.22823
590100 4.23084
590250 4.23326
590400 4.23583
590550 4.23841
590700 4.24097
590850 4.24374
591000 4.24638
591150 4.24886
591300 4.2515
591450 4.25419
591600 4.2567
591750 4.25948
591900 4.26219
592050 4.26483
592200 4.26743
592350 4.26995
592500 4.2726
592650 4.27516
592800 4.27777
592950 4.28027
593100 4.28278
593250 4.28551
593400 4.28835
593550 4.29116
593700 4.29397
593850 4.29646
594000 4.29916
594150 4.30188
594300 4.30439
594450 4.30691
594600 4.30958
594750 4.3122
594900 4.3148
595050 4.31753
595200 4.32028
595350 4.32301
595500 4.32578
595650 4.32863
595800 4.33127
595950 4.33398
596100 4.33657
596250 4.33916
596400 4.34182
596550 4.34435
596700 4.34711
596850 4.34979
597000 4.35257
597150 4.35527
597300 4.35796
597450 4.36059
597600 4.36339
597750 4.36606
597900 4.36881
598050 4.37163
598200 4.37458
598350 4.37732
598500 4.38007
598650 4.38287
598800 4.38562
598950 4.38846
599100 4.3911
599250 4.39389
599400 4.39672
599550 4.39948
599700 4.40222
599850 4.40506
600000 4.40793
600150 4.41077
600300 4.41354
600450 4.41651
600600 4.41946
600750 4.42244
600900 4.42531
601050 4.42814
601200 4.43083
601350 4.43376
601500 4.43664
601650 4.43942
601800 4.44218
601950 4.44514
602100 4.44792
602250 4.45089
602400 4.45357
602550 4.45637
602700 4.45923
602850 4.46209
603000 4.46505
603150 4.46805
603300 4.47094
603450 4.47368
603600 4.47634
603750 4.47928
603900 4.48206
604050 4.48502
604200 4.48779
604350 4.49078
604500 4.49357
604650 4.49627
604800 4.49916
604950 4.50185
605100 4.5047
605250 4.50781
605400 4.51071
605550 4.51361
605700 4.5163
605850 4.51915
606000 4.52241
606150 4.52517
606300 4.5284
606450 4.53116
606600 4.53434
606750 4.53723
606900 4.54001
607050 4.54291
607200 4.54588
607350 4.54879
607500 4.55179
607650 4.55513
607800 4.55799
607950 4.56109
608100 4.5642
608250 4.56718
608400 4.56996
608550 4.57293
608700 4.57587
608850 4.57881
609000 4.5818
609150 4.5846
609300 4.58772
609450 4.59046
609600 4.59342
609750 4.59647
609900 4.59944
610050 4.60254
610200 4.60551
610350 4.60862
610500 4.61164
610650 4.61485
610800 4.61772
610950 4.62079
611100 4.62368
611250 4.62685
611400 4.63002
611550 4.63297
611700 4.63602
611850 4.63901
612000 4.64226
612150 4.64525
612300 4.64849
612450 4.6515
612600 4.65463
612750 4.65774
612900 4.66088
613050 4.66412
613200 4.66721
613350 4.67036
613500 4.6735
613650 4.67669
613800 4.67976
613950 4.6828
614100 4.68588
614250 4.68912
614400 4.69214
614550 4.69537
614700 4.69847
614850 4.70178
615000 4.70495
615150 4.70825
615300 4.71118
615450 4.71441
615600 4.71749
615750 4.72053
615900 4.72357
616050 4.72671
616200 4.73033
616350 4.73322
616500 4.73626
616650 4.73955
616800 4.74281
616950 4.74603
617100 4.74922
617250 4.75218
617400 4.75544
617550 4.75866
617700 4.762
617850 4.76535
618000 4.76865
618150 4.77198
618300 4.77519
618450 4.77833
618600 4.78159
618750 4.78487
618900 4.78812
619050 4.79146
619200 4.79457
619350 4.7984
619500 4.80159
619650 4.80465
619800 4.80791
619950 4.81115
620100 4.81429
620250 4.81747
620400 4.8208
620550 4.8241
620700 4.82726
620850 4.83054
621000 4.8336
621150 4.83691
621300 4.84021
621450 4.84324
621600 4.84655
621750 4.84986
621900 4.85321
622050 4.85645
622200 4.85986
622350 4.86319
622500 4.8666
622650 4.87001
622800 4.87319
622950 4.87666
623100 4.8799
623250 4.88337
623400 4.88662
623550 4.89005
623700 4.89335
623850 4.89667
624000 4.9
624150 4.90339
624300 4.90658
624450 4.90996
624600 4.91336
624750 4.91686
624900 4.92043
625050 4.92394
625200 4.9271
625350 4.93053
625500 4.93402
625650 4.93753
625800 4.94083
625950 4.9442
626100 4.94741
626250 4.95099
626400 4.95437
626550 4.95782
626700 4.96144
626850 4.96496
627000 4.96819
627150 4.9717
627300 4.97515
627450 4.97902
627600 4.98252
627750 4.98604
627900 4.98951
628050 4.99308
628200 4.99652
628350 5.00014
628500 5.00348
628650 5.00707
628800 5.0105
628950 5.01403
629100 5.01742
629250 5.02114
629400 5.02469
629550 5.02788
629700 5.03159
629850 5.0352
630000 5.03863
630150 5.042
630300 5.04546
630450 5.04903
630600 5.05246
630750 5.05608
630900 5.05962
631050 5.06337
631200 5.06684
631350 5.07034
631500 5.07373
631650 5.07734
631800 5.08097
631950 5.0844
632100 5.0879
632250 5.09168
632400 5.09537
632550 5.09902
632700 5.10262
632850 5.10622
633000 5.10971
633150 5.11354
633300 5.11703
633450 5.12057
633600 5.12415
633750 5.12806
633900 5.13169
634050 5.13525
634200 5.13889
634350 5.14242
634500 5.14593
634650 5.14964
634800 5.15343
634950 5.15731
635100 5.16094
635250 5.16446
635400 5.16817
635550 5.172
635700 5.17567
635850 5.17944
636000 5.18302
636150 5.18677
636300 5.19074
636450 5.19441
636600 5.19797
636750 5.20188
636900 5.20578
637050 5.2096
637200 5.21337
637350 5.21735
637500 5.22124
637650 5.22506
637800 5.22867
637950 5.23255
638100 5.23604
638250 5.24011
638400 5.24395
638550 5.24756
638700 5.25142
638850 5.25549
639000 5.25931
639150 5.2633
639300 5.26711
639450 5.27083
639600 5.27456
639750 5.27811
639900 5.2821
640050 5.28587
640200 5.28964
640350 5.29366
640500 5.29751
640650 5.30114
640800 5.30476
640950 5.30868
641100 5.3124
641250 5.31651
641400 5.32071
641550 5.32447
641700 5.32851
641850 5.33225
642000 5.33616
642150 5.3402
642300 5.344
642450 5.34788
642600 5.35187
642750 5.35612
642900 5.36017
643050 5.3641
643200 5.368
643350 5.37214
643500 5.37626
643650 5.38032
643800 5.38454
643950 5.38842
644100 5.39256
644250 5.39652
644400 5.40057
644550 5.40466
644700 5.40884
644850 5.41302
645000 5.417
645150 5.421
645300 5.42531
645450 5.42942
645600 5.43331
645750 5.43739
645900 5.44137
646050 5.44518
646200 5.44911
646350 5.45306
646500 5.4569
646650 5.46088
646800 5.46504
646950 5.46933
647100 5.4739
647250 5.47848
647400 5.48261
647550 5.48702
647700 5.49162
647850 5.49562
648000 5.49961
648150 5.50372
648300 5.50781
648450 5.51232
648600 5.51631
648750 5.52067
648900 5.52514
649050 5.52956
649200 5.53372
649350 5.53805
649500 5.54204
649650 5.54595
649800 5.5503
649950 5.5547
650100 5.55896
650250 5.56342
650400 5.56754
650550 5.57156
650700 5.57616
650850 5.58046
651000 5.58464
651150 5.58885
651300 5.59321
651450 5.59784
651600 5.60217
651750 5.60641
651900 5.61051
652050 5.61441
652200 5.61852
652350 5.62292
652500 5.62691
652650 5.63125
652800 5.63546
652950 5.63946
653100 5.64379
653250 5.64803
653400 5.65237
653550 5.65688
653700 5.66129
653850 5.66598
654000 5.67034
654150 5.67475
654300 5.67917
654450 5.68379
654600 5.68833
654750 5.69266
654900 5.69725
655050 5.70167
655200 5.70607
655350 5.71059
655500 5.71547
655650 5.71974
655800 5.72399
655950 5.72822
656100 5.73276
656250 5.73706
656400 5.74131
656550 5.74568
656700 5.75019
656850 5.7547
657000 5.75923
657150 5.76388
657300 5.76826
657450 5.77292
657600 5.77719
657750 5.7816
657900 5.78594
658050 5.79052
658200 5.79516
658350 5.79961
658500 5.8041
658650 5.80836
658800 5.81271
658950 5.81702
659100 5.82144
659250 5.82574
659400 5.83051
659550 5.83517
659700 5.83967
659850 5.84396
660000 5.84896
660150 5.854
660300 5.85879
660450 5.86344
660600 5.86805
660750 5.87293
660900 5.87763
661050 5.88261
661200 5.88722
661350 5.89208
661500 5.89659
661650 5.9015
661800 5.90635
661950 5.91105
662100 5.91569
662250 5.92078
662400 5.92573
662550 5.93013
662700 5.93483
662850 5.93928
663000 5.94385
663150 5.94879
663300 5.95322
663450 5.95817
663600 5.9632
663750 5.9681
663900 5.97263
664050 5.977
664200 5.98159
664350 5.98668
664500 5.99122
664650 5.99611
664800 6.00067
664950 6.00523
665100 6.00991
665250 6.01476
665400 6.01939
665550 6.02431
665700 6.02953
665850 6.03434
666000 6.03921
666150 6.04396
666300 6.04899
666450 6.05385
666600 6.05865
666750 6.06373
666900 6.06871
667050 6.07354
667200 6.07848
667350 6.08366
667500 6.08866
667650 6.09374
667800 6.09851
667950 6.10389
668100 6.10907
668250 6.11415
668400 6.11925
668550 6.12415
668700 6.12866
668850 6.13409
669000 6.13937
669150 6.14455
669300 6.14969
669450 6.15445
669600 6.15951
669750 6.16431
669900 6.16885
670050 6.17372
670200 6.1787
670350 6.18329
670500 6.18841
670650 6.19357
670800 6.19872
670950 6.20398
671100 6.20904
671250 6.21401
671400 6.21916
671550 6.22444
671700 6.22972
671850 6.23495
672000 6.24045
672150 6.24521
672300 6.25031
672450 6.25581
672600 6.26077
672750 6.26573
672900 6.27078
673050 6.27598
673200 6.28182
673350 6.28717
673500 6.29273
673650 6.29825
673800 6.3035
673950 6.30884
674100 6.31419
674250 6.31965
674400 6.32513
674550 6.33037
674700 6.33553
674850 6.34094
675000 6.34629
675150 6.35177
675300 6.35722
675450 6.3628
675600 6.36797
675750 6.37306
675900 6.37863
676050 6.38397
676200 6.38911
676350 6.39469
676500 6.40036
676650 6.40559
676800 6.41143
676950 6.41637
677100 6.42185
677250 6.42724
677400 6.43284
677550 6.43849
677700 6.44442
677850 6.45013
678000 6.45542
678150 6.46108
678300 6.46699
678450 6.47266
678600 6.47842
678750 6.48371
678900 6.48942
679050 6.49486
679200 6.5004
679350 6.50602
679500 6.51176
679650 6.51731
679800 6.52283
679950 6.52844
680100 6.53407
680250 6.53976
680400 6.54518
680550 6.55089
680700 6.55675
680850 6.56225
681000 6.56806
681150 6.57398
681300 6.57976
681450 6.58597
681600 6.59164
681750 6.59715
681900 6.60279
682050 6.6083
682200 6.61388
682350 6.62008
682500 6.62586
682650 6.63173
682800 6.6372
682950 6.64291
683100 6.64864
683250 6.65498
683400 6.66076
683550 6.66663
683700 6.67275
683850 6.67841
684000 6.68407
684150 6.68998
684300 6.69685
684450 6.70302
684600 6.70892
684750 6.71449
684900 6.72048
685050 6.72651
685200 6.73288
685350 6.73907
685500 6.74508
685650 6.75123
685800 6.75742
685950 6.76379
686100 6.76937
686250 6.77543
686400 6.78168
686550 6.78772
686700 6.79358
686850 6.79929
687000 6.80505
687150 6.81132
687300 6.81786
687450 6.82417
687600 6.83018
687750 6.83677
687900 6.84291
688050 6.8484
688200 6.85454
688350 6.86102
688500 6.86748
688650 6.87392
688800 6.88005
688950 6.88649
689100 6.89265
689250 6.89924
689400 6.90559
689550 6.91183
689700 6.91793
689850 6.92407
690000 6.93047
690150 6.93696
690300 6.94322
690450 6.95013
690600 6.95683
690750 6.96294
690900 6.96873
691050 6.97472
691200 6.98104
691350 6.98795
691500 6.99436
691650 7.00028
691800 7.00637
691950 7.01286
692100 7.01881
692250 7.02536
692400 7.03129
692550 7.03826
692700 7.04444
692850 7.05091
693000 7.05809
693150 7.06433
693300 7.07095
693450 7.07748
693600 7.08393
693750 7.0907
693900 7.09738
694050 7.10392
694200 7.11059
694350 7.11743
694500 7.12344
694650 7.13008
694800 7.13666
694950 7.14341
695100 7.15003
695250 7.15726
695400 7.16408
695550 7.17066
695700 7.17703
695850 7.1835
696000 7.19008
696150 7.19661
696300 7.20314
696450 7.21006
696600 7.21707
696750 7.2237
696900 7.23066
697050 7.2375
697200 7.24392
697350 7.25071
697500 7.25741
697650 7.26383
697800 7.27071
697950 7.2776
698100 7.28462
698250 7.29199
698400 7.29861
698550 7.30558
698700 7.31258
698850 7.31923
699000 7.3264
699150 7.33369
699300 7.34053
699450 7.34812
699600 7.35536
699750 7.36256
699900 7.36942
700050 7.37646
700200 7.38348
700350 7.39048
700500 7.39745
700650 7.40457
700800 7.41163
700950 7.4188
701100 7.42613
701250 7.43289
701400 7.44025
701550 7.4479
701700 7.4548
701850 7.46146
702000 7.46851
702150 7.47584
702300 7.48272
702450 7.49023
702600 7.49783
702750 7.50522
702900 7.51263
703050 7.51999
703200 7.52743
703350 7.53481
703500 7.54181
703650 7.54898
703800 7.55659
703950 7.56352
704100 7.57055
704250 7.57741
704400 7.58483
704550 7.59155
704700 7.59917
704850 7.60668
705000 7.61375
705150 7.62113
705300 7.62801
705450 7.63557
705600 7.64348
705750 7.65102
705900 7.65951
706050 7.66681
706200 7.67396
706350 7.68157
706500 7.68971
706650 7.69756
706800 7.70593
706950 7.71346
707100 7.72165
707250 7.72919
707400 7.73725
707550 7.74553
707700 7.75346
707850 7.76097
708000 7.76858
708150 7.77593
708300 7.78375
708450 7.79135
708600 7.79917
708750 7.80698
708900 7.81471
709050 7.82308
709200 7.83144
709350 7.83937
709500 7.84712
709650 7.85496
709800 7.86347
709950 7.87128
710100 7.87965
710250 7.88793
710400 7.89565
710550 7.90367
710700 7.91184
710850 7.91898
711000 7.92699
711150 7.93451
711300 7.94256
711450 7.95073
711600 7.95854
711750 7.96681
711900 7.97456
712050 7.98293
712200 7.99033
712350 7.99855
712500 8.00616
712650 8.01518
712800 8.02383
712950 8.03214
713100 8.04086
713250 8.04951
713400 8.05784
713550 8.06622
713700 8.07502
713850 8.08335
714000 8.09208
714150 8.10107
714300 8.10997
714450 8.11733
714600 8.12628
714750 8.13455
714900 8.14258
715050 8.15071
715200 8.15915
715350 8.16741
715500 8.17557
715650 8.18414
715800 8.19313
715950 8.20103
716100 8.20936
716250 8.21739
716400 8.22592
716550 8.23506
716700 8.24435
716850 8.25303
717000 8.26098
717150 8.26943
717300 8.27812
717450 8.28707
717600 8.29529
717750 8.30356
717900 8.31189
718050 8.32097
718200 8.32922
718350 8.33774
718500 8.34625
718650 8.35551
718800 8.36374
718950 8.3728
719100 8.3819
719250 8.39069
719400 8.39961
719550 8.40866
719700 8.41744
719850 8.42643
720000 8.43526
720150 8.44396
720300 8.45298
720450 8.46161
720600 8.47066
720750 8.48008
720900 8.48915
721050 8.49813
721200 8.50698
721350 8.51539
721500 8.52515
721650 8.53416
721800 8.54463
721950 8.55505
722100 8.56482
722250 8.57419
722400 8.58357
722550 8.59249
722700 8.60233
722850 8.61113
723000 8.62015
723150 8.62955
723300 8.6389
723450 8.64864
723600 8.65834
723750 8.66829
723900 8.67819
724050 8.68753
724200 8.69754
724350 8.70706
724500 8.71643
724650 8.72595
724800 8.73531
724950 8.74462
725100 8.75459
725250 8.76503
725400 8.77488
725550 8.78481
725700 8.79458
725850 8.80428
726000 8.81389
726150 8.82353
726300 8.83327
726450 8.84216
726600 8.85197
726750 8.86174
726900 8.87161
727050 8.88197
727200 8.89133
727350 8.90145
727500 8.91127
727650 8.92077
727800 8.93067
727950 8.93998
728100 8.9501
728250 8.95975
728400 8.97
728550 8.98137
728700 8.99219
728850 9.0023
729000 9.01249
729150 9.02345
729300 9.03428
729450 9.04451
729600 9.05422
729750 9.06426
729900 9.07415
730050 9.08394
730200 9.09428
730350 9.10494
730500 9.11461
730650 9.12624
730800 9.13709
730950 9.14665
731100 9.15712
731250 9.16766
731400 9.17907
731550 9.18938
731700 9.19982
731850 9.20957
732000 9.22023
732150 9.23049
732300 9.24126
732450 9.25152
732600 9.26162
732750 9.27094
732900 9.28173
733050 9.29237
733200 9.3036
733350 9.31501
733500 9.32549
733650 9.33595
733800 9.34635
733950 9.35782
734100 9.36881
734250 9.37812
734400 9.38894
734550 9.39991
734700 9.41096
734850 9.42142
735000 9.43152
735150 9.44292
735300 9.45461
735450 9.46556
735600 9.47657
735750 9.48764
735900 9.49956
736050 9.51022
736200 9.5217
736350 9.53236
736500 9.54472
736650 9.55613
736800 9.56788
736950 9.5789
737100 9.59077
737250 9.60217
737400 9.61322
737550 9.62447
737700 9.63591
737850 9.64819
738000 9.66004
738150 9.67084
738300 9.68161
738450 9.69351
738600 9.70499
738750 9.71599
738900 9.72718
739050 9.73917
739200 9.75045
739350 9.76169
739500 9.77334
739650 9.78541
739800 9.79741
739950 9.81043
740100 9.82248
740250 9.83266
740400 9.84419
740550 9.85603
740700 9.86848
740850 9.88006
741000 9.89153
741150 9.90364
741300 9.91616
741450 9.92752
741600 9.93984
741750 9.95192
741900 9.96425
742050 9.97572
742200 9.98894
742350 10.0008
742500 10.0125
742650 10.0249
742800 10.0371
742950 10.0493
743100 10.0617
743250 10.0742
743400 10.0866
743550 10.1001
743700 10.1126
743850 10.1256
744000 10.1383
744150 10.1505
744300 10.1632
744450 10.1759
744600 10.1881
744750 10.2018
744900 10.2132
745050 10.2253
745200 10.238
745350 10.2506
745500 10.2629
745650 10.2758
745800 10.2888
745950 10.3016
746100 10.3137
746250 10.3263
746400 10.3398
746550 10.3527
746700 10.366
746850 10.3783
747000 10.3912
747150 10.4058
747300 10.4188
747450 10.4322
747600 10.4458
747750 10.4589
747900 10.4732
748050 10.487
748200 10.5004
748350 10.5136
748500 10.5266
748650 10.5406
748800 10.5539
748950 10.5671
749100 10.5808
749250 10.5936
749400 10.6073
749550 10.6205
749700 10.6347
749850 10.648
750000 10.6632
750150 10.6778
750300 10.6916
750450 10.7047
750600 10.7193
750750 10.7335
750900 10.747
751050 10.7611
751200 10.7749
751350 10.7892
751500 10.8035
751650 10.8172
751800 10.8321
751950 10.8457
752100 10.8594
752250 10.8736
752400 10.8872
752550 10.9004
752700 10.9146
752850 10.9298
753000 10.9449
753150 10.9608
753300 10.9752
753450 10.9895
753600 11.0057
753750 11.0209
753900 11.037
754050 11.0504
754200 11.0648
754350 11.0796
754500 11.0944
754650 11.1083
754800 11.1225
754950 11.1386
755100 11.1541
755250 11.1688
755400 11.1831
755550 11.198
755700 11.212
755850 11.2274
756000 11.242
756150 11.257
756300 11.2721
756450 11.2879
756600 11.3034
756750 11.3182
756900 11.3333
757050 11.3482
757200 11.3635
757350 11.3773
757500 11.393
757650 11.4083
757800 11.4249
757950 11.4406
758100 11.4573
758250 11.4719
758400 11.4871
758550 11.5022
758700 11.5171
758850 11.5323
759000 11.5487
759150 11.5653
759300 11.5805
759450 11.5966
759600 11.6125
759750 11.6292
759900 11.6463
760050 11.6631
760200 11.6798
760350 11.6966
760500 11.7128
760650 11.7287
760800 11.7451
760950 11.7605
761100 11.7776
761250 11.7949
761400 11.8109
761550 11.8279
761700 11.8443
761850 11.861
762000 11.8761
762150 11.8927
762300 11.9103
762450 11.9272
762600 11.9447
762750 11.9622
762900 11.979
763050 11.9971
763200 12.0141
763350 12.03
763500 12.0468
763650 12.0657
763800 12.0823
763950 12.0993
764100 12.1153
764250 12.1319
764400 12.1493
764550 12.1675
764700 12.1845
764850 12.2013
765000 12.2188
765150 12.2369
765300 12.2548
765450 12.2717
765600 12.29
765750 12.308
765900 12.3258
766050 12.3449
766200 12.3635
766350 12.3824
766500 12.4019
766650 12.4201
766800 12.438
766950 12.4576
767100 12.476
767250 12.4935
767400 12.5136
767550 12.5325
767700 12.5506
767850 12.5685
768000 12.5878
768150 12.6053
768300 12.6243
768450 12.6426
768600 12.6621
768750 12.6827
768900 12.7013
769050 12.7201
769200 12.7403
769350 12.7603
769500 12.7795
769650 12.7999
769800 12.8197
769950 12.8379
770100 12.8577
770250 12.8797
770400 12.9008
770550 12.9192
770700 12.9372
770850 12.9565
771000 12.9775
771150 12.9976
771300 13.0168
771450 13.0375
771600 13.0563
771750 13.0757
771900 13.0961
772050 13.1166
772200 13.1373
772350 13.157
772500 13.1789
772650 13.1984
772800 13.2191
772950 13.2403
773100 13.2609
773250 13.2828
773400 13.3026
773550 13.3236
773700 13.3446
773850 13.3677
774000 13.3882
774150 13.4098
774300 13.4309
774450 13.4515
774600 13.4723
774750 13.494
774900 13.5138
775050 13.5355
775200 13.557
775350 13.5768
775500 13.598
775650 13.6183
775800 13.6411
775950 13.6631
776100 13.6847
776250 13.706
776400 13.7286
776550 13.7506
776700 13.7722
776850 13.7966
777000 13.8217
777150 13.8437
777300 13.8648
777450 13.8848
777600 13.9075
777750 13.9295
777900 13.9506
778050 13.9725
778200 13.9926
778350 14.0169
778500 14.0379
778650 14.0621
778800 14.0837
778950 14.1061
779100 14.1279
779250 14.1504
779400 14.1756
779550 14.1983
779700 14.2196
779850 14.2455
780000 14.2693
780150 14.2938
780300 14.3172
780450 14.3414
780600 14.3641
780750 14.3895
780900 14.4127
781050 14.4386
781200 14.4615
781350 14.486
781500 14.5122
781650 14.5376
781800 14.5611
781950 14.5837
782100 14.6089
782250 14.6346
782400 14.6594
782550 14.6829
782700 14.7077
782850 14.7341
783000 14.76
783150 14.7833
783300 14.8097
783450 14.8343
783600 14.8602
783750 14.8851
783900 14.9089
784050 14.9329
784200 14.9599
784350 14.9867
784500 15.0105
784650 15.0364
784800 15.0618
784950 15.087
785100 15.113
785250 15.1394
785400 15.1663
785550 15.1933
785700 15.2168
785850 15.2449
786000 15.2747
786150 15.3016
786300 15.3299
786450 15.3562
786600 15.3843
786750 15.4132
786900 15.4395
787050 15.467
787200 15.493
787350 15.5209
787500 15.5458
787650 15.5751
787800 15.6029
787950 15.6329
788100 15.661
788250 15.6875
788400 15.7133
788550 15.7425
788700 15.7714
788850 15.7989
789000 15.8271
789150 15.8569
789300 15.8839
789450 15.9151
789600 15.9449
789750 15.9734
789900 16.0031
790050 16.0325
790200 16.0624
790350 16.0896
790500 16.1198
790650 16.1513
790800 16.1789
790950 16.2063
791100 16.2368
791250 16.2647
791400 16.2971
791550 16.3281
791700 16.3589
791850 16.3881
792000 16.4162
792150 16.4455
792300 16.4772
792450 16.5082
792600 16.5404
792750 16.5709
792900 16.6005
793050 16.6323
793200 16.6643
793350 16.6933
793500 16.7244
793650 16.7547
793800 16.7837
793950 16.8191
794100 16.8497
794250 16.8827
794400 16.9145
794550 16.9451
794700 16.9784
794850 17.0122
795000 17.0466
795150 17.0788
795300 17.1114
795450 17.1483
795600 17.1826
795750 17.215
795900 17.253
796050 17.2844
796200 17.3171
796350 17.3501
796500 17.3861
796650 17.4211
796800 17.4576
796950 17.4917
797100 17.5265
797250 17.5603
797400 17.5942
797550 17.6286
797700 17.6607
797850 17.6945
798000 17.7309
798150 17.7681
798300 17.8048
798450 17.8419
798600 17.8763
798750 17.9104
798900 17.946
799050 17.9817
799200 18.0166
799350 18.0492
799500 18.0838
799650 18.1186
799800 18.1554
799950 18.1908
800100 18.2266
800250 18.2629
800400 18.2997
800550 18.3363
800700 18.3729
800850 18.4109
801000 18.4489
801150 18.489
801300 18.5256
801450 18.5639
801600 18.6011
801750 18.6374
801900 18.6781
802050 18.7171
802200 18.7532
802350 18.7933
802500 18.8312
802650 18.8701
802800 18.9087
802950 18.9471
803100 18.9864
803250 19.0276
803400 19.0668
803550 19.109
803700 19.1477
803850 19.1873
804000 19.2314
804150 19.2683
804300 19.313
804450 19.3556
804600 19.3932
804750 19.4364
804900 19.4773
805050 19.5182
805200 19.5604
805350 19.6032
805500 19.6457
805650 19.6848
805800 19.7282
805950 19.7693
806100 19.8136
806250 19.8606
806400 19.9043
806550 19.9491
806700 19.9886
806850 20.0337
807000 20.0758
807150 20.1192
807300 20.1643
807450 20.208
807600 20.2489
807750 20.2914
807900 20.3355
808050 20.3845
808200 20.4262
808350 20.4665
808500 20.5095
808650 20.552
808800 20.5985
808950 20.6475
809100 20.6987
809250 20.7508
809400 20.7967
809550 20.8419
809700 20.8909
809850 20.9401
810000 20.9933
810150 21.0426
810300 21.0884
810450 21.1395
810600 21.1851
810750 21.2348
810900 21.2799
811050 21.3265
811200 21.3795
811350 21.4281
811500 21.4772
811650 21.5242
811800 21.5731
811950 21.6251
812100 21.6737
812250 21.7288
812400 21.7823
812550 21.8282
812700 21.8814
812850 21.9313
813000 21.9821
813150 22.0298
813300 22.0841
813450 22.1364
813600 22.1849
813750 22.2384
813900 22.2928
814050 22.3464
814200 22.397
814350 22.4493
814500 22.4988
814650 22.551
814800 22.6043
814950 22.6599
815100 22.7169
815250 22.7755
815400 22.8317
815550 22.8899
815700 22.9499
815850 23.0055
816000 23.0622
816150 23.1219
816300 23.178
816450 23.2418
816600 23.299
816750 23.3622
816900 23.4267
817050 23.4832
817200 23.5379
817350 23.5963
817500 23.6539
817650 23.7172
817800 23.779
817950 23.8445
818100 23.9058
818250 23.9733
818400 24.0357
818550 24.0966
818700 24.1589
818850 24.2199
819000 24.2866
819150 24.3486
819300 24.4107
819450 24.4674
819600 24.5304
819750 24.5921
819900 24.6606
820050 24.7219
820200 24.7857
820350 24.8526
820500 24.9219
820650 24.9919
820800 25.0501
820950 25.1109
821100 25.1759
821250 25.2417
821400 25.3192
821550 25.3919
821700 25.462
821850 25.526
822000 25.6014
822150 25.6701
822300 25.7413
822450 25.8042
822600 25.8756
822750 25.9441
822900 26.014
823050 26.084
823200 26.1606
823350 26.229
823500 26.2981
823650 26.3756
823800 26.4512
823950 26.526
824100 26.5963
824250 26.6725
824400 26.7453
824550 26.8214
824700 26.8928
824850 26.9722
825000 27.0418
825150 27.117
825300 27.1988
825450 27.2759
825600 27.3505
825750 27.4237
825900 27.4884
826050 27.5722
826200 27.6571
826350 27.7401
826500 27.8172
826650 27.8954
826800 27.9832
826950 28.0637
827100 28.148
827250 28.236
827400 28.3231
827550 28.4039
827700 28.4776
827850 28.5594
828000 28.6419
828150 28.7177
828300 28.8161
828450 28.9077
828600 29.0052
828750 29.0967
828900 29.1829
829050 29.2677
829200 29.3468
829350 29.4294
829500 29.5214
829650 29.6109
829800 29.6869
829950 29.7811
830100 29.8746
830250 29.9788
830400 30.0693
830550 30.1619
830700 30.2598
830850 30.3561
831000 30.4508
831150 30.5464
831300 30.6422
831450 30.7351
831600 30.8304
831750 30.9244
831900 31.0236
832050 31.1071
832200 31.2062
832350 31.3042
832500 31.4066
832650 31.4988
832800 31.5969
832950 31.7035
833100 31.8042
833250 31.9002
833400 32.002
833550 32.1001
833700 32.2119
833850 32.3114
834000 32.4073
834150 32.5182
834300 32.613
834450 32.7194
834600 32.8308
834750 32.9438
834900 33.0551
835050 33.1578
835200 33.2671
835350 33.3841
835500 33.5056
835650 33.637
835800 33.7557
835950 33.8845
836100 33.997
836250 34.118
836400 34.2341
836550 34.3503
836700 34.4713
836850 34.5878
837000 34.7057
837150 34.8184
837300 34.9444
837450 35.078
837600 35.2042
837750 35.3338
837900 35.4553
838050 35.586
838200 35.7116
838350 35.8412
838500 35.9617
838650 36.0881
838800 36.2154
838950 36.3472
839100 36.4834
839250 36.6113
839400 36.7384
839550 36.8623
839700 37.0021
839850 37.1366
840000 37.2785
840150 37.4179
840300 37.5674
840450 37.7072
840600 37.8341
840750 37.9933
840900 38.1429
841050 38.2808
841200 38.4145
841350 38.5511
841500 38.6973
841650 38.8327
841800 38.9814
841950 39.1372
842100 39.2895
842250 39.4286
842400 39.5752
842550 39.7331
842700 39.8873
842850 40.0537
843000 40.2085
843150 40.3838
843300 40.5519
843450 40.7157
843600 40.8681
843750 41.0125
843900 41.1972
844050 41.3726
844200 41.5492
844350 41.7111
844500 41.8821
844650 42.0432
844800 42.2099
844950 42.4058
845100 42.5829
845250 42.7485
845400 42.9335
845550 43.1082
845700 43.2694
845850 43.4435
846000 43.6226
846150 43.8138
846300 44.0009
846450 44.1932
846600 44.3641
846750 44.5435
846900 44.7401
847050 44.9441
847200 45.1376
847350 45.3315
847500 45.5155
847650 45.7301
847800 45.9153
847950 46.1437
848100 46.3564
848250 46.5646
848400 46.7602
848550 46.9766
848700 47.1972
848850 47.4096
849000 47.6076
849150 47.8028
849300 48.0312
849450 48.2496
849600 48.4879
849750 48.7112
849900 48.9355
850050 49.1353
850200 49.3848
850350 49.6152
850500 49.8561
850650 50.1082
850800 50.376
850950 50.5992
851100 50.812
851250 51.0279
851400 51.2216
851550 51.4535
851700 51.6954
851850 51.9551
852000 52.1978
852150 52.4463
852300 52.689
852450 52.9454
852600 53.2078
852750 53.4526
852900 53.729
853050 53.9934
853200 54.2633
853350 54.534
853500 54.7924
853650 55.0851
853800 55.3909
853950 55.6497
854100 55.9335
854250 56.2601
854400 56.5603
854550 56.8465
854700 57.1376
854850 57.4306
855000 57.7711
855150 58.0989
855300 58.4044
855450 58.6888
855600 59.0222
855750 59.3657
855900 59.6898
856050 60.0427
856200 60.3709
856350 60.6911
856500 60.997
856650 61.348
856800 61.6776
856950 62.0385
857100 62.3994
857250 62.7561
857400 63.1019
857550 63.4913
857700 63.8467
857850 64.2009
858000 64.5484
858150 64.9245
858300 65.278
858450 65.7067
858600 66.0559
858750 66.4547
858900 66.854
859050 67.2334
859200 67.6592
859350 68.0897
859500 68.53
859650 68.9253
859800 69.356
859950 69.7658
860100 70.2084
860250 70.7191
860400 71.172
860550 71.6523
860700 72.1071
860850 72.5828
861000 73.0268
861150 73.5074
861300 74.0274
861450 74.4923
861600 74.9757
861750 75.4522
861900 76.0052
862050 76.5208
862200 77.0636
862350 77.5913
862500 78.1338
862650 78.7012
862800 79.2645
862950 79.8008
863100 80.3325
863250 80.8728
863400 81.3691
863550 81.9086
863700 82.4604
863850 83.0863
864000 83.7199
864150 84.3393
864300 84.9649
864450 85.6916
864600 86.311
864750 86.8942
864900 87.5132
865050 88.1893
865200 88.9025
865350 89.5249
865500 90.1911
865650 90.9531
865800 91.7186
865950 92.3753
866100 93.2639
866250 93.9811
866400 94.7494
866550 95.5736
866700 96.4215
866850 97.1874
867000 98.0714
867150 98.9176
867300 99.6149
867450 100.497
867600 101.38
867750 102.229
867900 103.074
868050 103.938
868200 104.9
868350 105.808
868500 106.733
868650 107.676
868800 108.797
868950 109.79
869100 110.857
869250 111.864
869400 113.069
869550 114.028
869700 115.161
869850 116.179
870000 117.321
870150 118.582
870300 119.701
870450 120.836
870600 122.02
870750 123.516
870900 124.8
871050 126.304
871200 127.549
871350 128.621
871500 129.919
871650 131.267
871800 132.61
871950 133.979
872100 135.485
872250 136.795
872400 138.235
872550 139.829
872700 141.216
872850 142.675
873000 144.289
873150 145.774
873300 147.529
873450 149.377
873600 151.234
873750 152.834
873900 154.572
874050 156.437
874200 158.287
874350 160.3
874500 162.139
874650 164.08
874800 166.48
874950 168.689
875100 171.254
875250 173.331
875400 175.489
875550 177.706
875700 179.916
875850 182.421
876000 185.031
876150 187.657
876300 190.082
876450 193.056
876600 195.797
876750 198.663
876900 201.736
877050 204.844
877200 207.884
877350 210.908
877500 214.139
877650 217.696
877800 221.419
877950 224.943
878100 229.361
878250 233.898
878400 237.48
878550 241.555
878700 246.093
878850 250.593
879000 254.975
879150 259.934
879300 265.813
879450 271.785
879600 276.761
879750 282.364
879900 288.462
880050 294.324
880200 300.68
880350 308.079
880500 313.937
880650 319.886
880800 327.471
880950 333.958
881100 341.938
881250 349.229
881400 358.77
881550 368.493
881700 379.837
881850 391.198
882000 400.763
882150 410.575
882300 421.843
882450 434.007
882600 446.743
882750 461.613
882900 477.833
883050 495.883
883200 512.144
883350 528.595
883500 550.147
883650 566.069
883800 585.918
883950 610.37
884100 636.488
884250 669.246
884400 708.019
884550 751.941
884700 788.336
884850 824.641
885000 862.487
885150 919.268
885300 984.971
885450 1043.89
885600 1104.65
885750 1191.21
885900 1278.76
886050 1385.99
886200 1481.31
886350 1643.04
886500 1899.35
886650 2186.74
886800 2568.21
886950 3038.45
887100 3512.18
887250 4401.4
887400 4863.53
887550 4718.83
887700 3436.37
887850 2646.89
888000 1754.48
888150 2014.64
888300 2374.83
888450 2643.71
888600 1457.01
888750 1795.1
888900 2185.42
889050 1460.31
889200 725.486
889350 434.999
889500 414.808
889650 406.698
889800 407.735
889950 392.598
890100 327.073
890250 313.987
890400 308.319
890550 303.807
890700 304.228
890850 298.016
891000 297.099
891150 288.708
891300 258.726
891450 261.095
891600 260.3
891750 260.296
891900 250.515
892050 211.803
892200 208.556
892350 204.144
892500 199.458
892650 200.227
892800 192.223
892950 192.19
893100 191.731
893250 178.493
893400 166.307
893550 168.48
893700 156.233
893850 156.193
894000 156.657
894150 147.522
894300 147.613
894450 145.457
894600 138.226
894750 140.101
894900 140.011
895050 139.775
895200 141.945
895350 141.791
895500 142.433
895650 141.877
895800 140.235
895950 140.38
896100 140.577
896250 139.199
896400 140.166
896550 128.706
896700 128.631
896850 129.444
897000 130.297
897150 130.803
897300 131.354
897450 128.269
897600 122.529
897750 122.87
897900 123.305
898050 123.579
898200 125.163
898350 125.205
898500 125.394
898650 126.551
898800 128.023
898950 126.419
899100 121.815
899250 122.054
899400 121.534
899550 119.207
899700 113.857
899850 108.5
900000 104.172
900150 104.331
900300 106.726
900450 107.026
900600 104.98
900750 100.182
900900 95.4728
901050 96.2886
901200 98.4395
901350 91.7971
901500 84.8494
901650 84.6094
901800 84.5093
901950 82.1436
902100 82.0556
902250 82.0887
902400 77.275
902550 75.956
902700 75.4975
902850 75.5015
903000 75.5425
903150 75.9734
903300 76.192
903450 76.2841
903600 72.2183
903750 72.2492
903900 72.2204
904050 71.8754
904200 71.8301
904350 65.6021
904500 65.6875
904650 65.6582
904800 66.1656
904950 66.2064
905100 66.2561
905250 66.8173
905400 67.0094
905550 60.5396
905700 60.5769
905850 61.018
906000 60.9069
906150 60.3823
906300 60.4514
906450 60.5087
906600 60.4793
906750 56.9433
906900 57.0889
907050 57.5053
907200 57.8323
907350 57.8708
907500 57.9002
907650 58.3215
907800 58.8629
907950 58.972
908100 59.2234
908250 59.2706
908400 57.9611
908550 58.1579
908700 58.2377
908850 59.2169
909000 59.0478
909150 59.5198
909300 60.9091
909450 61.3431
909600 61.4675
909750 61.5058
909900 56.12
910050 55.9283
910200 56.0215
910350 56.1177
910500 56.1745
910650 56.2813
910800 57.7854
910950 58.0537
911100 58.1064
911250 57.9162
911400 57.6514
911550 57.7015
911700 57.8119
911850 57.3702
912000 57.3932
912150 57.0274
912300 57.0763
912450 57.2426
912600 56.241
912750 55.8202
912900 55.9326
913050 56.0825
913200 56.2972
913350 56.0254
913500 50.4535
913650 50.6286
913800 49.7722
913950 49.6254
914100 49.5122
914250 48.8389
914400 48.6871
914550 42.2544
914700 42.3756
914850 42.3128
915000 42.3671
915150 42.4135
915300 42.4347
915450 42.4831
915600 42.3942
915750 42.006
915900 42.0202
916050 42.0034
916200 42.0175
916350 42.1303
916500 42.1344
916650 42.6594
916800 42.821
916950 42.2641
917100 42.2635
917250 42.2966
917400 42.313
917550 42.2002
917700 42.237
917850 42.0826
918000 41.8887
918150 41.9061
918300 41.5237
918450 41.5527
918600 41.5849
918750 41.5263
918900 41.5361
919050 41.5602
919200 41.587
919350 41.6278
919500 40.9558
919650 41.2409
919800 40.8404
919950 40.6537
920100 40.6694
920250 40.6786
920400 40.7325
920550 41.1981
920700 41.3731
920850 42.7736
921000 42.5564
921150 42.9167
921300 42.8352
921450 42.8351
921600 42.8019
921750 42.9185
921900 42.5399
922050 42.563
922200 42.8249
922350 42.8893
922500 42.8917
922650 43.1017
922800 43.0243
922950 42.6576
923100 42.8511
923250 43.2324
923400 43.2149
923550 43.1135
923700 43.1765
923850 43.2426
924000 43.3483
924150 43.3751
924300 43.458
924450 43.3714
924600 43.5881
924750 43.5784
924900 43.5601
925050 43.4546
925200 43.4408
925350 43.3352
925500 43.3768
925650 43.4482
925800 43.4746
925950 43.6983
926100 43.7498
926250 43.7158
926400 43.9498
926550 43.884
926700 43.97
926850 43.9703
927000 44.1616
927150 37.4651
927300 37.4925
927450 37.4877
927600 37.7741
927750 37.7763
927900 37.6687
928050 37.6899
928200 37.3715
928350 37.4038
928500 36.9656
928650 36.9826
928800 37.0128
928950 37.0459
929100 36.9459
929250 36.8256
929400 33.9618
929550 33.7654
929700 33.8355
929850 33.8833
930000 33.9096
930150 34.0584
930300 34.066
930450 34.0449
930600 34.2019
930750 34.093
930900 34.1089
931050 34.1378
931200 34.1607
931350 34.1622
931500 33.9279
931650 33.7762
931800 33.781
931950 33.7531
932100 33.7558
932250 33.7715
932400 33.9702
932550 33.9861
932700 34.0101
932850 34.0148
933000 33.1483
933150 33.1524
933300 33.1623
933450 33.3478
933600 33.3605
933750 33.3795
933900 32.0134
934050 32.0169
934200 32.1007
934350 32.1137
934500 32.2781
934650 32.1424
934800 32.0834
934950 32.0248
935100 32.0375
935250 32.0418
935400 32.1765
935550 32.0425
935700 32.0889
935850 32.099
936000 32.1094
936150 32.1196
936300 32.1304
936450 31.6753
936600 31.6339
936750 31.6444
936900 31.7345
937050 31.7407
937200 31.806
937350 31.8224
937500 31.8275
937650 31.5587
937800 31.5825
937950 31.5982
938100 31.2375
938250 31.2393
938400 31.018
938550 31.034
938700 31.0448
938850 30.9901
939000 30.9659
939150 30.9673
939300 30.978
939450 30.9977
939600 31.0355
939750 30.7121
939900 30.6921
940050 30.8123
940200 30.8358
940350 30.808
940500 30.8016
940650 30.8171
940800 30.8343
940950 30.8445
941100 30.8508
941250 30.8704
941400 30.8882
941550 31.0276
941700 30.3972
941850 30.4608
942000 30.6898
942150 25.2582
942300 25.2552
942450 25.2638
942600 25.2609
942750 25.2673
942900 25.2522
943050 25.1883
943200 25.2072
943350 25.2705
943500 25.2807
943650 25.2884
943800 25.3002
943950 25.3164
944100 25.2434
944250 25.245
944400 25.176
944550 25.1649
944700 25.1752
944850 25.0543
945000 19.1841
945150 19.1925
945300 19.1976
945450 19.1998
945600 19.207
945750 19.2479
945900 19.2596
946050 19.2643
946200 19.2628
946350 18.7725
946500 18.7802
946650 18.7875
946800 18.823
946950 18.6537
947100 18.6759
947250 18.677
947400 18.6875
947550 18.578
947700 18.5734
947850 18.4875
948000 18.5049
948150 18.4461
948300 18.4736
948450 18.4888
948600 18.4741
948750 18.4557
948900 18.4546
949050 18.4595
949200 18.4807
949350 18.5552
949500 18.5607
949650 18.5582
949800 18.7246
949950 18.7286
950100 18.6631
950250 18.6595
950400 18.6521
950550 18.6553
950700 18.5639
950850 18.5682
951000 18.5749
951150 18.5018
951300 18.4794
951450 18.0284
951600 18.0279
951750 18.0338
951900 18.0444
952050 18.3219
952200 18.3294
952350 18.3415
952500 18.3426
952650 18.1248
952800 18.1392
952950 18.1433
953100 18.1547
953250 18.1618
953400 18.1893
953550 18.199
953700 18.2055
953850 17.2387
954000 17.213
954150 17.1897
954300 17.2451
954450 17.2475
954600 17.2552
954750 17.259
954900 17.1151
955050 17.0238
955200 17.0147
955350 17.0578
955500 17.1096
955650 17.1114
955800 17.1244
955950 17.1827
956100 17.1695
956250 17.1762
956400 17.3068
956550 17.3205
956700 17.369
956850 17.3765
957000 17.3802
957150 17.3255
957300 17.3311
957450 17.3381
957600 17.3469
957750 17.3537
957900 17.3575
958050 17.4001
958200 17.4063
958350 17.3155
958500 17.1692
958650 17.1735
958800 17.1717
958950 17.1688
959100 17.1724
959250 17.1758
959400 17.2244
959550 17.22
959700 17.2064
959850 17.2194
960000 17.2232
960150 17.1956
960300 16.3997
960450 16.4035
960600 16.1885
960750 16.1715
960900 16.1407
961050 16.1409
961200 16.1469
961350 16.101
961500 16.1013
961650 16.0393
961800 16.0493
961950 16.0608
962100 16.0676
962250 16.0869
962400 16.0892
962550 16.0919
962700 16.0939
962850 16.1024
963000 16.0216
963150 16.0193
963300 16.0213
963450 16.0295
963600 16.0774
963750 16.057
963900 15.9908
964050 16.0028
964200 16.0059
964350 15.9695
964500 15.887
964650 15.8889
964800 15.8923
964950 15.8553
965100 15.8047
965250 15.7889
965400 15.7968
965550 15.7954
965700 15.8028
965850 15.8095
966000 15.8131
966150 15.7462
966300 15.7648
966450 15.7114
966600 15.6896
966750 15.7014
966900 15.699
967050 15.7003
967200 15.7004
967350 15.6492
967500 15.6587
967650 15.6488
967800 15.652
967950 15.6482
968100 15.5606
968250 15.5692
968400 15.5761
968550 15.5204
968700 15.5395
968850 15.5583
969000 15.5158
969150 15.4337
969300 15.4391
969450 15.4579
969600 15.3852
969750 15.3881
969900 15.3908
970050 15.3896
970200 15.393
970350 15.3946
970500 15.4057
970650 15.4124
970800 15.3357
970950 15.3159
971100 15.3193
971250 15.3235
971400 15.3228
971550 15.2755
971700 15.2814
971850 15.2827
972000 15.2595
972150 15.2236
972300 15.2271
972450 15.2282
972600 15.095
972750 15.0275
972900 15.0349
973050 15.0413
973200 15.0483
973350 14.9807
973500 15.0212
973650 15.0442
973800 15.0572
973950 15.0751
974100 15.0909
974250 15.0953
974400 15.0827
974550 15.0529
974700 15.0576
974850 15.0595
975000 15.0595
975150 15.0606
975300 15.067
975450 15.0924
975600 15.1087
975750 15.1167
975900 15.1196
976050 15.1202
976200 15.123
976350 15.1275
976500 15.0688
976650 15.0593
976800 15.0617
976950 15.0656
977100 15.065
977250 15.0316
977400 15.0152
977550 14.9404
977700 14.9291
977850 14.9327
978000 14.9417
978150 14.9544
978300 14.9573
978450 14.9595
978600 14.951
978750 14.9371
978900 14.9274
979050 14.9334
979200 14.8038
979350 14.7937
979500 14.7973
979650 14.7937
979800 14.7719
979950 14.7481
980100 14.7528
980250 14.7545
980400 14.7591
980550 14.763
980700 14.7642
980850 14.7433
981000 14.7019
981150 14.715
981300 14.7215
981450 14.7234
981600 14.7517
981750 14.7534
981900 14.7579
982050 14.7388
982200 14.71
982350 14.1169
982500 14.1193
982650 14.0922
982800 14.0939
982950 14.0983
983100 13.9662
983250 13.3796
983400 13.3818
983550 13.3878
983700 13.4003
983850 13.4042
984000 13.3718
984150 13.3684
984300 13.361
984450 13.3622
984600 13.3669
984750 13.3667
984900 13.3554
985050 13.3349
985200 13.3347
985350 13.4146
985500 13.4267
985650 13.4284
985800 13.4206
985950 13.3669
986100 13.3706
986250 13.3718
986400 13.3247
986550 13.2571
986700 13.2221
986850 13.2431
987000 13.2505
987150 13.2533
987300 13.2542
987450 13.2573
987600 13.2589
987750 13.2849
987900 13.2885
988050 13.2902
988200 13.2939
988350 13.2964
988500 13.299
988650 13.3068
988800 13.3257
988950 13.3219
989100 13.3248
989250 13.3165
989400 12.7646
989550 12.7652
989700 12.7658
989850 12.772
990000 12.7755
990150 12.7787
990300 12.738
990450 12.4172
990600 12.4197
990750 12.4199
990900 12.4215
991050 12.4284
991200 12.4007
991350 12.3682
991500 12.1319
991650 12.1047
991800 12.1105
991950 12.1126
992100 12.1142
992250 12.1191
992400 12.1204
992550 12.1112
992700 12.1185
992850 12.1214
993000 12.146
993150 12.1481
993300 12.1484
993450 12.1515
993600 12.1551
993750 12.1587
993900 12.1665
994050 12.1761
994200 12.1206
994350 11.9966
994500 11.9979
994650 12.0036
994800 12.0226
994950 11.9467
995100 11.9669
995250 11.9516
995400 11.9251
995550 11.9119
995700 11.9115
995850 11.8818
996000 11.7411
996150 11.7478
996300 11.7511
996450 11.7637
996600 11.7718
996750 11.7692
996900 11.7745
997050 11.7914
997200 11.7951
997350 11.7968
997500 11.8009
997650 11.8032
997800 11.8006
997950 11.8039
998100 11.8016
998250 11.7405
998400 11.7024
998550 11.7066
998700 11.7079
998850 11.7095
999000 11.7071
999150 11.7091
999300 11.7112
999450 11.7105
999600 11.7354
999750 11.306
