0 1
0.000203915 1
0.00040783 1
0.000611746 1
0.000815661 1
0.00101958 1
0.00122349 1
0.00142741 1
0.00163132 1
0.00183524 1
0.00203915 1
0.00224307 1
0.00244698 1
0.0026509 1
0.00285481 1
0.00305873 1.00959
0.00326264 1.01019
0.00346656 1.01079
0.00367047 1.01139
0.00387439 1.01199
0.0040783 1.01258
0.00428222 1.01318
0.00448613 1.01378
0.00469005 1.01436
0.00489396 1.01496
0.00509788 1.01555
0.00530179 1.01614
0.00550571 1.01673
0.00570962 1.01733
0.00591354 1.01792
0.00611746 1.01851
0.00632137 1.01911
0.00652529 1.01971
0.0067292 1.02031
0.00693312 1.0209
0.00713703 1.02149
0.00734095 1.02209
0.00754486 1.02269
0.00774878 1.02329
0.00795269 1.02388
0.00815661 1.02447
0.00836052 1.02507
0.00856444 1.02564
0.00876835 1.02624
0.00897227 1.02684
0.00917618 1.02744
0.0093801 1.02802
0.00958401 1.02862
0.00978793 1.0292
0.00999184 1.0298
0.0101958 1.0304
0.0103997 1.031
0.0106036 1.03157
0.0108075 1.03217
0.0110114 1.03277
0.0112153 1.03336
0.0114192 1.03394
0.0116232 1.03453
0.0118271 1.0351
0.012031 1.03569
0.0122349 1.03628
0.0124388 1.03686
0.0126427 1.03746
0.0128467 1.03805
0.0130506 1.03861
0.0132545 1.0392
0.0134584 1.03979
0.0136623 1.04038
0.0138662 1.04095
0.0140701 1.04153
0.0142741 1.04214
0.014478 1.04269
0.0146819 1.04327
0.0148858 1.04385
0.0150897 1.04444
0.0152936 1.04504
0.0154976 1.04562
0.0157015 1.04618
0.0159054 1.04676
0.0161093 1.04733
0.0163132 1.04792
0.0165171 1.0485
0.016721 1.04908
0.016925 1.04966
0.0171289 1.05025
0.0173328 1.05084
0.0175367 1.05141
0.0177406 1.052
0.0179445 1.05259
0.0181485 1.05316
0.0183524 1.05372
0.0185563 1.05428
0.0187602 1.05484
0.0189641 1.05541
0.019168 1.05597
0.0193719 1.05655
0.0195759 1.05712
0.0197798 1.05769
0.0199837 1.05823
0.0201876 1.05878
0.0203915 1.05934
0.0205954 1.05991
0.0207993 1.06048
0.0210033 1.06309
0.0212072 1.0637
0.0214111 1.06431
0.021615 1.06493
0.0218189 1.06555
0.0220228 1.06616
0.0222268 1.06677
0.0224307 1.06738
0.0226346 1.06801
0.0228385 1.06861
0.0230424 1.06921
0.0232463 1.06983
0.0234502 1.07047
0.0236542 1.07109
0.0238581 1.07171
0.024062 1.07233
0.0242659 1.07295
0.0244698 1.07357
0.0246737 1.07419
0.0248777 1.07481
0.0250816 1.07542
0.0252855 1.07604
0.0254894 1.07666
0.0256933 1.07727
0.0258972 1.07792
0.0261011 1.07855
0.0263051 1.07915
0.026509 1.07976
0.0267129 1.08039
0.0269168 1.08102
0.0271207 1.08165
0.0273246 1.08229
0.0275285 1.08291
0.0277325 1.08353
0.0279364 1.08414
0.0281403 1.08477
0.0283442 1.08541
0.0285481 1.08603
0.028752 1.08666
0.028956 1.0873
0.0291599 1.08794
0.0293638 1.08858
0.0295677 1.0892
0.0297716 1.08983
0.0299755 1.09047
0.0301794 1.09111
0.0303834 1.09173
0.0305873 1.09237
0.0307912 1.09297
0.0309951 1.0936
0.031199 1.09421
0.0314029 1.09485
0.0316069 1.09547
0.0318108 1.09608
0.0320147 1.09669
0.0322186 1.09732
0.0324225 1.09796
0.0326264 1.09859
0.0328303 1.09919
0.0330343 1.09981
0.0332382 1.10046
0.0334421 1.10109
0.033646 1.10171
0.0338499 1.10232
0.0340538 1.10297
0.0342577 1.10361
0.0344617 1.10425
0.0346656 1.10488
0.0348695 1.10552
0.0350734 1.10615
0.0352773 1.10679
0.0354812 1.10744
0.0356852 1.10809
0.0358891 1.10872
0.036093 1.10937
0.0362969 1.11
0.0365008 1.11064
0.0367047 1.11128
0.0369086 1.11192
0.0371126 1.11257
0.0373165 1.11322
0.0375204 1.11389
0.0377243 1.11451
0.0379282 1.11517
0.0381321 1.11581
0.0383361 1.11644
0.03854 1.11709
0.0387439 1.11774
0.0389478 1.1184
0.0391517 1.11898
0.0393556 1.11963
0.0395595 1.12027
0.0397635 1.12088
0.0399674 1.12153
0.0401713 1.12219
0.0403752 1.12285
0.0405791 1.1235
0.040783 1.12416
0.0409869 1.12479
0.0411909 1.12541
0.0413948 1.12605
0.0415987 1.12671
0.0418026 1.12735
0.0420065 1.128
0.0422104 1.12866
0.0424144 1.1293
0.0426183 1.12996
0.0428222 1.13061
0.0430261 1.13127
0.04323 1.13195
0.0434339 1.13259
0.0436378 1.13327
0.0438418 1.13388
0.0440457 1.1345
0.0442496 1.13515
0.0444535 1.13579
0.0446574 1.13645
0.0448613 1.1371
0.0450653 1.13774
0.0452692 1.1384
0.0454731 1.13903
0.045677 1.13965
0.0458809 1.14029
0.0460848 1.14096
0.0462887 1.1416
0.0464927 1.14224
0.0466966 1.14288
0.0469005 1.14355
0.0471044 1.14415
0.0473083 1.14478
0.0475122 1.14543
0.0477162 1.14608
0.0479201 1.14673
0.048124 1.14735
0.0483279 1.14797
0.0485318 1.14862
0.0487357 1.14926
0.0489396 1.14991
0.0491436 1.15056
0.0493475 1.1512
0.0495514 1.15181
0.0497553 1.15247
0.0499592 1.15311
0.0501631 1.15373
0.050367 1.15438
0.050571 1.15502
0.0507749 1.15567
0.0509788 1.15631
0.0511827 1.15699
0.0513866 1.15762
0.0515905 1.15826
0.0517945 1.15889
0.0519984 1.15955
0.0522023 1.16019
0.0524062 1.1608
0.0526101 1.16148
0.052814 1.16213
0.0530179 1.1628
0.0532219 1.16344
0.0534258 1.16409
0.0536297 1.16472
0.0538336 1.16537
0.0540375 1.16604
0.0542414 1.1667
0.0544454 1.16736
0.0546493 1.16801
0.0548532 1.16867
0.0550571 1.1693
0.055261 1.16997
0.0554649 1.1706
0.0556688 1.17131
0.0558728 1.172
0.0560767 1.17266
0.0562806 1.17333
0.0564845 1.17403
0.0566884 1.17467
0.0568923 1.17534
0.0570962 1.17599
0.0573002 1.17667
0.0575041 1.17734
0.057708 1.17799
0.0579119 1.18041
0.0581158 1.18109
0.0583197 1.18178
0.0585237 1.18242
0.0587276 1.18309
0.0589315 1.18376
0.0591354 1.18448
0.0593393 1.18519
0.0595432 1.18587
0.0597471 1.18657
0.0599511 1.18724
0.060155 1.18798
0.0603589 1.18865
0.0605628 1.18936
0.0607667 1.19006
0.0609706 1.19076
0.0611746 1.19146
0.0613785 1.19215
0.0615824 1.19288
0.0617863 1.19356
0.0619902 1.19426
0.0621941 1.1949
0.062398 1.19559
0.062602 1.19628
0.0628059 1.19696
0.0630098 1.19771
0.0632137 1.19842
0.0634176 1.1991
0.0636215 1.19979
0.0638254 1.20049
0.0640294 1.20119
0.0642333 1.20187
0.0644372 1.20256
0.0646411 1.20324
0.064845 1.20394
0.0650489 1.20466
0.0652529 1.20538
0.0654568 1.20606
0.0656607 1.20677
0.0658646 1.20746
0.0660685 1.20815
0.0662724 1.20883
0.0664763 1.20953
0.0666803 1.21026
0.0668842 1.21098
0.0670881 1.21169
0.067292 1.2124
0.0674959 1.21312
0.0676998 1.21382
0.0679038 1.21448
0.0681077 1.21518
0.0683116 1.21591
0.0685155 1.21662
0.0687194 1.21732
0.0689233 1.21804
0.0691272 1.21877
0.0693312 1.21946
0.0695351 1.22018
0.069739 1.22088
0.0699429 1.22157
0.0701468 1.22229
0.0703507 1.22295
0.0705546 1.22365
0.0707586 1.22434
0.0709625 1.22501
0.0711664 1.22573
0.0713703 1.22644
0.0715742 1.22715
0.0717781 1.22786
0.0719821 1.22856
0.072186 1.2293
0.0723899 1.23001
0.0725938 1.23073
0.0727977 1.23144
0.0730016 1.23214
0.0732055 1.23286
0.0734095 1.23358
0.0736134 1.2343
0.0738173 1.235
0.0740212 1.2357
0.0742251 1.23639
0.074429 1.23709
0.074633 1.23783
0.0748369 1.23852
0.0750408 1.23925
0.0752447 1.23996
0.0754486 1.24069
0.0756525 1.2414
0.0758564 1.24208
0.0760604 1.24279
0.0762643 1.24354
0.0764682 1.24426
0.0766721 1.24498
0.076876 1.24567
0.0770799 1.24641
0.0772838 1.24711
0.0774878 1.24786
0.0776917 1.24857
0.0778956 1.2493
0.0780995 1.24998
0.0783034 1.25069
0.0785073 1.25146
0.0787113 1.2522
0.0789152 1.25289
0.0791191 1.25366
0.079323 1.25445
0.0795269 1.25517
0.0797308 1.25589
0.0799347 1.25657
0.0801387 1.25734
0.0803426 1.25809
0.0805465 1.25884
0.0807504 1.2596
0.0809543 1.26035
0.0811582 1.26108
0.0813622 1.26179
0.0815661 1.2625
0.08177 1.26324
0.0819739 1.26461
0.0821778 1.26532
0.0823817 1.26606
0.0825856 1.26675
0.0827896 1.2675
0.0829935 1.26818
0.0831974 1.26892
0.0834013 1.26966
0.0836052 1.27042
0.0838091 1.27115
0.0840131 1.27193
0.084217 1.27267
0.0844209 1.27345
0.0846248 1.27418
0.0848287 1.27492
0.0850326 1.27562
0.0852365 1.27639
0.0854405 1.27715
0.0856444 1.27794
0.0858483 1.2787
0.0860522 1.27944
0.0862561 1.28015
0.08646 1.28087
0.0866639 1.28159
0.0868679 1.2823
0.0870718 1.28305
0.0872757 1.28377
0.0874796 1.28454
0.0876835 1.28531
0.0878874 1.28606
0.0880914 1.28678
0.0882953 1.28757
0.0884992 1.28835
0.0887031 1.28908
0.088907 1.28981
0.0891109 1.29055
0.0893148 1.29127
0.0895188 1.29206
0.0897227 1.2928
0.0899266 1.29363
0.0901305 1.29439
0.0903344 1.29515
0.0905383 1.29591
0.0907423 1.29667
0.0909462 1.29743
0.0911501 1.29818
0.091354 1.29897
0.0915579 1.29974
0.0917618 1.30048
0.0919657 1.30128
0.0921697 1.30206
0.0923736 1.30289
0.0925775 1.30367
0.0927814 1.30447
0.0929853 1.30523
0.0931892 1.30598
0.0933931 1.30677
0.0935971 1.30754
0.093801 1.30825
0.0940049 1.30905
0.0942088 1.30979
0.0944127 1.31057
0.0946166 1.31133
0.0948206 1.31208
0.0950245 1.31284
0.0952284 1.31357
0.0954323 1.31432
0.0956362 1.31511
0.0958401 1.31595
0.096044 1.31676
0.096248 1.31749
0.0964519 1.31822
0.0966558 1.31893
0.0968597 1.3197
0.0970636 1.32054
0.0972675 1.32136
0.0974715 1.32217
0.0976754 1.32291
0.0978793 1.3237
0.0980832 1.3245
0.0982871 1.32522
0.098491 1.326
0.0986949 1.32673
0.0988989 1.32745
0.0991028 1.32822
0.0993067 1.32897
0.0995106 1.32978
0.0997145 1.33054
0.0999184 1.33132
0.100122 1.33211
0.100326 1.33332
0.10053 1.33411
0.100734 1.33488
0.100938 1.33568
0.101142 1.33654
0.101346 1.33735
0.10155 1.3381
0.101754 1.33894
0.101958 1.33974
0.102162 1.34051
0.102365 1.3413
0.102569 1.34207
0.102773 1.34288
0.102977 1.34369
0.103181 1.34452
0.103385 1.3453
0.103589 1.34613
0.103793 1.34693
0.103997 1.34772
0.104201 1.34857
0.104405 1.34941
0.104608 1.35018
0.104812 1.35094
0.105016 1.35173
0.10522 1.35244
0.105424 1.3533
0.105628 1.35411
0.105832 1.35491
0.106036 1.35575
0.10624 1.35655
0.106444 1.35732
0.106648 1.35809
0.106852 1.35893
0.107055 1.35974
0.107259 1.36051
0.107463 1.36132
0.107667 1.36213
0.107871 1.36293
0.108075 1.36378
0.108279 1.36457
0.108483 1.36537
0.108687 1.36628
0.108891 1.36711
0.109095 1.3679
0.109299 1.36877
0.109502 1.36955
0.109706 1.3704
0.10991 1.37128
0.110114 1.37206
0.110318 1.37284
0.110522 1.37365
0.110726 1.37444
0.11093 1.37532
0.111134 1.37614
0.111338 1.37697
0.111542 1.37787
0.111746 1.37872
0.111949 1.37962
0.112153 1.38047
0.112357 1.38132
0.112561 1.38222
0.112765 1.38304
0.112969 1.38387
0.113173 1.38471
0.113377 1.38548
0.113581 1.38631
0.113785 1.38717
0.113989 1.38799
0.114192 1.38873
0.114396 1.38961
0.1146 1.39039
0.114804 1.39121
0.115008 1.39205
0.115212 1.39289
0.115416 1.39379
0.11562 1.39465
0.115824 1.39557
0.116028 1.39641
0.116232 1.39733
0.116436 1.39813
0.116639 1.39904
0.116843 1.39991
0.117047 1.40074
0.117251 1.40155
0.117455 1.4024
0.117659 1.40327
0.117863 1.4042
0.118067 1.40501
0.118271 1.4058
0.118475 1.40665
0.118679 1.40745
0.118883 1.40835
0.119086 1.40921
0.11929 1.41005
0.119494 1.41096
0.119698 1.41185
0.119902 1.41269
0.120106 1.41352
0.12031 1.41441
0.120514 1.41528
0.120718 1.41615
0.120922 1.41705
0.121126 1.41787
0.12133 1.41872
0.121533 1.41957
0.121737 1.42043
0.121941 1.42129
0.122145 1.4222
0.122349 1.4231
0.122553 1.42398
0.122757 1.4249
0.122961 1.42574
0.123165 1.42659
0.123369 1.42751
0.123573 1.42843
0.123777 1.42933
0.12398 1.43019
0.124184 1.43111
0.124388 1.43197
0.124592 1.43281
0.124796 1.43371
0.125 1.43457
0.125204 1.43543
0.125408 1.43633
0.125612 1.43727
0.125816 1.43812
0.12602 1.43902
0.126223 1.4399
0.126427 1.44078
0.126631 1.44166
0.126835 1.44247
0.127039 1.44334
0.127243 1.44421
0.127447 1.44507
0.127651 1.44598
0.127855 1.44693
0.128059 1.44776
0.128263 1.44873
0.128467 1.4496
0.12867 1.45054
0.128874 1.45141
0.129078 1.45226
0.129282 1.45323
0.129486 1.45412
0.12969 1.45496
0.129894 1.45578
0.130098 1.45677
0.130302 1.45769
0.130506 1.45864
0.13071 1.45957
0.130914 1.46041
0.131117 1.4613
0.131321 1.4622
0.131525 1.4631
0.131729 1.46398
0.131933 1.46492
0.132137 1.46581
0.132341 1.46672
0.132545 1.46757
0.132749 1.46856
0.132953 1.46948
0.133157 1.47037
0.133361 1.4713
0.133564 1.4721
0.133768 1.47304
0.133972 1.47403
0.134176 1.47492
0.13438 1.47584
0.134584 1.47668
0.134788 1.4776
0.134992 1.47852
0.135196 1.47943
0.1354 1.48038
0.135604 1.48132
0.135808 1.48224
0.136011 1.4832
0.136215 1.48421
0.136419 1.48513
0.136623 1.48603
0.136827 1.48699
0.137031 1.488
0.137235 1.48894
0.137439 1.48992
0.137643 1.49088
0.137847 1.49186
0.138051 1.49275
0.138254 1.49375
0.138458 1.49469
0.138662 1.49563
0.138866 1.49651
0.13907 1.49749
0.139274 1.49846
0.139478 1.49936
0.139682 1.50025
0.139886 1.50122
0.14009 1.50214
0.140294 1.50314
0.140498 1.50405
0.140701 1.50497
0.140905 1.50588
0.141109 1.50678
0.141313 1.50767
0.141517 1.5087
0.141721 1.50958
0.141925 1.51045
0.142129 1.51133
0.142333 1.51228
0.142537 1.5132
0.142741 1.51424
0.142945 1.5152
0.143148 1.5162
0.143352 1.51707
0.143556 1.51809
0.14376 1.51904
0.143964 1.52003
0.144168 1.521
0.144372 1.52197
0.144576 1.52289
0.14478 1.52385
0.144984 1.52479
0.145188 1.52577
0.145392 1.52673
0.145595 1.52767
0.145799 1.52866
0.146003 1.52961
0.146207 1.53053
0.146411 1.53143
0.146615 1.53241
0.146819 1.53328
0.147023 1.53432
0.147227 1.53531
0.147431 1.53631
0.147635 1.53732
0.147838 1.53821
0.148042 1.53927
0.148246 1.54025
0.14845 1.54124
0.148654 1.5423
0.148858 1.5433
0.149062 1.54428
0.149266 1.54533
0.14947 1.54632
0.149674 1.54733
0.149878 1.54827
0.150082 1.54927
0.150285 1.55025
0.150489 1.55116
0.150693 1.55208
0.150897 1.55313
0.151101 1.55406
0.151305 1.55507
0.151509 1.55602
0.151713 1.55705
0.151917 1.55816
0.152121 1.55925
0.152325 1.56028
0.152529 1.56128
0.152732 1.56227
0.152936 1.56328
0.15314 1.56436
0.153344 1.56534
0.153548 1.56633
0.153752 1.56741
0.153956 1.56842
0.15416 1.56947
0.154364 1.57047
0.154568 1.57147
0.154772 1.57249
0.154976 1.57352
0.155179 1.57446
0.155383 1.57559
0.155587 1.57658
0.155791 1.57755
0.155995 1.57855
0.156199 1.57962
0.156403 1.58067
0.156607 1.5818
0.156811 1.58283
0.157015 1.58387
0.157219 1.58489
0.157423 1.5859
0.157626 1.58697
0.15783 1.58789
0.158034 1.58887
0.158238 1.58984
0.158442 1.59082
0.158646 1.59189
0.15885 1.59297
0.159054 1.59405
0.159258 1.59508
0.159462 1.59615
0.159666 1.59723
0.159869 1.59831
0.160073 1.5994
0.160277 1.60049
0.160481 1.60155
0.160685 1.60265
0.160889 1.60373
0.161093 1.60474
0.161297 1.60579
0.161501 1.60694
0.161705 1.60801
0.161909 1.60975
0.162113 1.61073
0.162316 1.61174
0.16252 1.61282
0.162724 1.61387
0.162928 1.615
0.163132 1.61602
0.163336 1.61693
0.16354 1.61799
0.163744 1.61898
0.163948 1.62004
0.164152 1.62113
0.164356 1.62216
0.16456 1.62323
0.164763 1.6244
0.164967 1.62541
0.165171 1.62649
0.165375 1.62759
0.165579 1.62863
0.165783 1.62971
0.165987 1.63075
0.166191 1.63179
0.166395 1.63288
0.166599 1.63401
0.166803 1.63496
0.167007 1.63607
0.16721 1.63722
0.167414 1.63825
0.167618 1.63932
0.167822 1.64038
0.168026 1.64143
0.16823 1.64236
0.168434 1.64336
0.168638 1.64449
0.168842 1.64555
0.169046 1.64668
0.16925 1.64764
0.169454 1.6487
0.169657 1.64984
0.169861 1.6509
0.170065 1.65197
0.170269 1.65306
0.170473 1.65413
0.170677 1.65519
0.170881 1.65624
0.171085 1.65737
0.171289 1.65846
0.171493 1.65948
0.171697 1.66061
0.1719 1.66163
0.172104 1.66273
0.172308 1.66398
0.172512 1.66514
0.172716 1.66626
0.17292 1.66736
0.173124 1.66845
0.173328 1.6696
0.173532 1.6708
0.173736 1.67197
0.17394 1.67311
0.174144 1.67421
0.174347 1.67534
0.174551 1.67647
0.174755 1.67759
0.174959 1.67888
0.175163 1.68005
0.175367 1.6811
0.175571 1.68216
0.175775 1.68332
0.175979 1.68438
0.176183 1.68559
0.176387 1.68675
0.176591 1.68784
0.176794 1.68895
0.176998 1.69006
0.177202 1.69129
0.177406 1.69237
0.17761 1.69357
0.177814 1.69472
0.178018 1.69577
0.178222 1.69696
0.178426 1.69816
0.17863 1.69934
0.178834 1.70038
0.179038 1.70151
0.179241 1.70261
0.179445 1.70375
0.179649 1.70486
0.179853 1.70601
0.180057 1.70715
0.180261 1.70825
0.180465 1.7094
0.180669 1.71051
0.180873 1.71163
0.181077 1.71274
0.181281 1.71395
0.181485 1.71514
0.181688 1.71626
0.181892 1.7175
0.182096 1.7187
0.1823 1.71974
0.182504 1.72088
0.182708 1.72208
0.182912 1.72319
0.183116 1.72496
0.18332 1.72606
0.183524 1.72715
0.183728 1.72844
0.183931 1.72976
0.184135 1.73089
0.184339 1.73223
0.184543 1.73345
0.184747 1.73456
0.184951 1.73576
0.185155 1.73685
0.185359 1.738
0.185563 1.73915
0.185767 1.7404
0.185971 1.74157
0.186175 1.7426
0.186378 1.7438
0.186582 1.74493
0.186786 1.74628
0.18699 1.7475
0.187194 1.7487
0.187398 1.74997
0.187602 1.75128
0.187806 1.75264
0.18801 1.75387
0.188214 1.75495
0.188418 1.75604
0.188622 1.75715
0.188825 1.75841
0.189029 1.75957
0.189233 1.76072
0.189437 1.7618
0.189641 1.76321
0.189845 1.76441
0.190049 1.76546
0.190253 1.76671
0.190457 1.76802
0.190661 1.76923
0.190865 1.77048
0.191069 1.77158
0.191272 1.77283
0.191476 1.77399
0.19168 1.77518
0.191884 1.77638
0.192088 1.77769
0.192292 1.77899
0.192496 1.78016
0.1927 1.78135
0.192904 1.78256
0.193108 1.78376
0.193312 1.78501
0.193515 1.78616
0.193719 1.7875
0.193923 1.78871
0.194127 1.78978
0.194331 1.79097
0.194535 1.79221
0.194739 1.79356
0.194943 1.79468
0.195147 1.79607
0.195351 1.79731
0.195555 1.79838
0.195759 1.79974
0.195962 1.80096
0.196166 1.80235
0.19637 1.80356
0.196574 1.80484
0.196778 1.8063
0.196982 1.80747
0.197186 1.80879
0.19739 1.80994
0.197594 1.81114
0.197798 1.81229
0.198002 1.81365
0.198206 1.81493
0.198409 1.8162
0.198613 1.81739
0.198817 1.81869
0.199021 1.81993
0.199225 1.82129
0.199429 1.82256
0.199633 1.82403
0.199837 1.82532
0.200041 1.82658
0.200245 1.82783
0.200449 1.82909
0.200653 1.83041
0.200856 1.83167
0.20106 1.83294
0.201264 1.83421
0.201468 1.83549
0.201672 1.83672
0.201876 1.83788
0.20208 1.83955
0.202284 1.84077
0.202488 1.84209
0.202692 1.84307
0.202896 1.8443
0.2031 1.84567
0.203303 1.84687
0.203507 1.84815
0.203711 1.84949
0.203915 1.85076
0.204119 1.85198
0.204323 1.85326
0.204527 1.85458
0.204731 1.85595
0.204935 1.85725
0.205139 1.85849
0.205343 1.85978
0.205546 1.86108
0.20575 1.8625
0.205954 1.86385
0.206158 1.86517
0.206362 1.86653
0.206566 1.86777
0.20677 1.86903
0.206974 1.87031
0.207178 1.87153
0.207382 1.87285
0.207586 1.87422
0.20779 1.87559
0.207993 1.87683
0.208197 1.87805
0.208401 1.87941
0.208605 1.88079
0.208809 1.88218
0.209013 1.88346
0.209217 1.88493
0.209421 1.88615
0.209625 1.88748
0.209829 1.88883
0.210033 1.89001
0.210237 1.89134
0.21044 1.89263
0.210644 1.89391
0.210848 1.89518
0.211052 1.89658
0.211256 1.89789
0.21146 1.89926
0.211664 1.90056
0.211868 1.90184
0.212072 1.90311
0.212276 1.90454
0.21248 1.90597
0.212684 1.9073
0.212887 1.90879
0.213091 1.90995
0.213295 1.91141
0.213499 1.91271
0.213703 1.91398
0.213907 1.91531
0.214111 1.9166
0.214315 1.9179
0.214519 1.91932
0.214723 1.92066
0.214927 1.92174
0.215131 1.92303
0.215334 1.9246
0.215538 1.92592
0.215742 1.92728
0.215946 1.92883
0.21615 1.93019
0.216354 1.93171
0.216558 1.93304
0.216762 1.93445
0.216966 1.93584
0.21717 1.93734
0.217374 1.93886
0.217577 1.94042
0.217781 1.9417
0.217985 1.94308
0.218189 1.94535
0.218393 1.94689
0.218597 1.94815
0.218801 1.94943
0.219005 1.95096
0.219209 1.95236
0.219413 1.95365
0.219617 1.95501
0.219821 1.9564
0.220024 1.95798
0.220228 1.9594
0.220432 1.96083
0.220636 1.96228
0.22084 1.96349
0.221044 1.96493
0.221248 1.96647
0.221452 1.96785
0.221656 1.96921
0.22186 1.97071
0.222064 1.97228
0.222268 1.97388
0.222471 1.97532
0.222675 1.97662
0.222879 1.97808
0.223083 1.97928
0.223287 1.98077
0.223491 1.98224
0.223695 1.98369
0.223899 1.98518
0.224103 1.98666
0.224307 1.98802
0.224511 1.98958
0.224715 1.99094
0.224918 1.99244
0.225122 1.99398
0.225326 1.99536
0.22553 1.99682
0.225734 1.99823
0.225938 1.99963
0.226142 2.001
0.226346 2.0024
0.22655 2.00384
0.226754 2.00542
0.226958 2.00686
0.227162 2.0081
0.227365 2.0097
0.227569 2.01122
0.227773 2.01264
0.227977 2.01406
0.228181 2.01536
0.228385 2.01675
0.228589 2.01834
0.228793 2.01978
0.228997 2.02118
0.229201 2.02295
0.229405 2.02452
0.229608 2.02611
0.229812 2.02756
0.230016 2.02907
0.23022 2.0305
0.230424 2.03202
0.230628 2.03349
0.230832 2.03493
0.231036 2.03618
0.23124 2.03779
0.231444 2.03929
0.231648 2.04089
0.231852 2.04236
0.232055 2.04385
0.232259 2.04553
0.232463 2.04714
0.232667 2.04882
0.232871 2.05043
0.233075 2.05186
0.233279 2.05333
0.233483 2.05471
0.233687 2.05622
0.233891 2.05781
0.234095 2.05935
0.234299 2.06091
0.234502 2.06246
0.234706 2.06407
0.23491 2.06555
0.235114 2.06746
0.235318 2.06911
0.235522 2.07072
0.235726 2.07241
0.23593 2.07402
0.236134 2.07564
0.236338 2.07705
0.236542 2.07862
0.236746 2.08017
0.236949 2.08169
0.237153 2.08315
0.237357 2.08462
0.237561 2.0863
0.237765 2.0879
0.237969 2.08971
0.238173 2.09117
0.238377 2.09271
0.238581 2.09432
0.238785 2.09611
0.238989 2.09748
0.239192 2.09908
0.239396 2.1005
0.2396 2.10215
0.239804 2.10371
0.240008 2.10509
0.240212 2.10681
0.240416 2.10853
0.24062 2.10997
0.240824 2.11153
0.241028 2.11316
0.241232 2.11484
0.241436 2.11649
0.241639 2.11808
0.241843 2.11968
0.242047 2.12108
0.242251 2.12275
0.242455 2.12425
0.242659 2.12562
0.242863 2.12726
0.243067 2.1288
0.243271 2.13028
0.243475 2.13202
0.243679 2.13366
0.243883 2.13542
0.244086 2.13716
0.24429 2.13874
0.244494 2.14054
0.244698 2.14223
0.244902 2.14387
0.245106 2.14555
0.24531 2.14721
0.245514 2.14886
0.245718 2.15045
0.245922 2.15196
0.246126 2.15377
0.24633 2.15564
0.246533 2.15715
0.246737 2.15911
0.246941 2.16093
0.247145 2.16263
0.247349 2.16443
0.247553 2.1662
0.247757 2.16794
0.247961 2.1696
0.248165 2.17121
0.248369 2.17304
0.248573 2.17476
0.248777 2.17663
0.24898 2.1783
0.249184 2.18013
0.249388 2.18206
0.249592 2.18363
0.249796 2.18576
0.25 2.18763
0.250204 2.18933
0.250408 2.191
0.250612 2.19257
0.250816 2.1943
0.25102 2.19595
0.251223 2.19761
0.251427 2.19945
0.251631 2.20137
0.251835 2.20317
0.252039 2.20521
0.252243 2.20717
0.252447 2.20899
0.252651 2.21063
0.252855 2.21244
0.253059 2.21413
0.253263 2.21605
0.253467 2.2177
0.25367 2.21955
0.253874 2.22136
0.254078 2.22313
0.254282 2.22482
0.254486 2.22669
0.25469 2.22855
0.254894 2.2301
0.255098 2.2317
0.255302 2.23352
0.255506 2.23536
0.25571 2.23692
0.255914 2.23868
0.256117 2.24043
0.256321 2.2421
0.256525 2.24374
0.256729 2.24549
0.256933 2.24735
0.257137 2.24913
0.257341 2.25136
0.257545 2.25312
0.257749 2.25514
0.257953 2.25718
0.258157 2.25888
0.258361 2.26087
0.258564 2.26267
0.258768 2.26454
0.258972 2.26638
0.259176 2.26831
0.25938 2.26998
0.259584 2.27191
0.259788 2.27342
0.259992 2.2752
0.260196 2.27701
0.2604 2.27886
0.260604 2.28049
0.260808 2.28242
0.261011 2.28423
0.261215 2.28607
0.261419 2.28796
0.261623 2.28993
0.261827 2.2917
0.262031 2.29351
0.262235 2.29535
0.262439 2.29723
0.262643 2.29906
0.262847 2.3011
0.263051 2.30306
0.263254 2.305
0.263458 2.30685
0.263662 2.30884
0.263866 2.31053
0.26407 2.31248
0.264274 2.31436
0.264478 2.31616
0.264682 2.31816
0.264886 2.32012
0.26509 2.3222
0.265294 2.32423
0.265498 2.32582
0.265701 2.3276
0.265905 2.32981
0.266109 2.33169
0.266313 2.33385
0.266517 2.33579
0.266721 2.33768
0.266925 2.33954
0.267129 2.34155
0.267333 2.34341
0.267537 2.3451
0.267741 2.3469
0.267945 2.34902
0.268148 2.35091
0.268352 2.35292
0.268556 2.35493
0.26876 2.35674
0.268964 2.3587
0.269168 2.36027
0.269372 2.36227
0.269576 2.36411
0.26978 2.36582
0.269984 2.36788
0.270188 2.36986
0.270392 2.37166
0.270595 2.37347
0.270799 2.37535
0.271003 2.37738
0.271207 2.3797
0.271411 2.38176
0.271615 2.38375
0.271819 2.38573
0.272023 2.38767
0.272227 2.38965
0.272431 2.39162
0.272635 2.39343
0.272838 2.39523
0.273042 2.39721
0.273246 2.39946
0.27345 2.40155
0.273654 2.40354
0.273858 2.40579
0.274062 2.40771
0.274266 2.41
0.27447 2.41192
0.274674 2.41387
0.274878 2.41574
0.275082 2.41754
0.275285 2.41976
0.275489 2.42189
0.275693 2.42409
0.275897 2.42593
0.276101 2.42779
0.276305 2.42971
0.276509 2.43165
0.276713 2.43373
0.276917 2.43566
0.277121 2.43758
0.277325 2.43967
0.277529 2.44173
0.277732 2.44381
0.277936 2.4456
0.27814 2.4478
0.278344 2.45004
0.278548 2.4522
0.278752 2.45418
0.278956 2.456
0.27916 2.45797
0.279364 2.45999
0.279568 2.46208
0.279772 2.46422
0.279976 2.46621
0.280179 2.46837
0.280383 2.47056
0.280587 2.47273
0.280791 2.47508
0.280995 2.47718
0.281199 2.47908
0.281403 2.48127
0.281607 2.48376
0.281811 2.48576
0.282015 2.48806
0.282219 2.49012
0.282423 2.49206
0.282626 2.49415
0.28283 2.49653
0.283034 2.49864
0.283238 2.50078
0.283442 2.50294
0.283646 2.50527
0.28385 2.50724
0.284054 2.50946
0.284258 2.51185
0.284462 2.51383
0.284666 2.51626
0.284869 2.51836
0.285073 2.52053
0.285277 2.52275
0.285481 2.52481
0.285685 2.52703
0.285889 2.5293
0.286093 2.53154
0.286297 2.53344
0.286501 2.53589
0.286705 2.53832
0.286909 2.54069
0.287113 2.54262
0.287316 2.54493
0.28752 2.54708
0.287724 2.54932
0.287928 2.5517
0.288132 2.55398
0.288336 2.55606
0.28854 2.55818
0.288744 2.56026
0.288948 2.5626
0.289152 2.56474
0.289356 2.56697
0.28956 2.56944
0.289763 2.5718
0.289967 2.57393
0.290171 2.57606
0.290375 2.5789
0.290579 2.58139
0.290783 2.58318
0.290987 2.58523
0.291191 2.58743
0.291395 2.58947
0.291599 2.5918
0.291803 2.59379
0.292007 2.59603
0.29221 2.5985
0.292414 2.60077
0.292618 2.60325
0.292822 2.60566
0.293026 2.60828
0.29323 2.61043
0.293434 2.61288
0.293638 2.61516
0.293842 2.61727
0.294046 2.61958
0.29425 2.62169
0.294454 2.62365
0.294657 2.62567
0.294861 2.62781
0.295065 2.62994
0.295269 2.63199
0.295473 2.6344
0.295677 2.63691
0.295881 2.63959
0.296085 2.64226
0.296289 2.64517
0.296493 2.64772
0.296697 2.64997
0.2969 2.6523
0.297104 2.65461
0.297308 2.65705
0.297512 2.65923
0.297716 2.66146
0.29792 2.66398
0.298124 2.66644
0.298328 2.6689
0.298532 2.67155
0.298736 2.67387
0.29894 2.676
0.299144 2.67841
0.299347 2.68075
0.299551 2.68321
0.299755 2.68565
0.299959 2.68836
0.300163 2.69068
0.300367 2.69331
0.300571 2.69598
0.300775 2.6985
0.300979 2.70119
0.301183 2.70405
0.301387 2.70639
0.301591 2.70874
0.301794 2.712
0.301998 2.71461
0.302202 2.717
0.302406 2.71948
0.30261 2.72184
0.302814 2.72428
0.303018 2.72686
0.303222 2.72947
0.303426 2.73175
0.30363 2.73443
0.303834 2.73635
0.304038 2.73865
0.304241 2.74115
0.304445 2.744
0.304649 2.74651
0.304853 2.74892
0.305057 2.75159
0.305261 2.75417
0.305465 2.75679
0.305669 2.75907
0.305873 2.76194
0.306077 2.76431
0.306281 2.76664
0.306485 2.76967
0.306688 2.77186
0.306892 2.77456
0.307096 2.77681
0.3073 2.77954
0.307504 2.78202
0.307708 2.78484
0.307912 2.78752
0.308116 2.79015
0.30832 2.79268
0.308524 2.79531
0.308728 2.79839
0.308931 2.80118
0.309135 2.8038
0.309339 2.80627
0.309543 2.80926
0.309747 2.81197
0.309951 2.81467
0.310155 2.81691
0.310359 2.81958
0.310563 2.82229
0.310767 2.82497
0.310971 2.82774
0.311175 2.83043
0.311378 2.83331
0.311582 2.83627
0.311786 2.83857
0.31199 2.8411
0.312194 2.84405
0.312398 2.84662
0.312602 2.84923
0.312806 2.85177
0.31301 2.85428
0.313214 2.85686
0.313418 2.85919
0.313622 2.86217
0.313825 2.86523
0.314029 2.86814
0.314233 2.87049
0.314437 2.87335
0.314641 2.87587
0.314845 2.87873
0.315049 2.88161
0.315253 2.88487
0.315457 2.88782
0.315661 2.89038
0.315865 2.89305
0.316069 2.89582
0.316272 2.89895
0.316476 2.90179
0.31668 2.90454
0.316884 2.90739
0.317088 2.91028
0.317292 2.91298
0.317496 2.9156
0.3177 2.91837
0.317904 2.92113
0.318108 2.92396
0.318312 2.92693
0.318515 2.92953
0.318719 2.93221
0.318923 2.93485
0.319127 2.93782
0.319331 2.94085
0.319535 2.94378
0.319739 2.94659
0.319943 2.94942
0.320147 2.9521
0.320351 2.95457
0.320555 2.95741
0.320759 2.96035
0.320962 2.9633
0.321166 2.96587
0.32137 2.96931
0.321574 2.9719
0.321778 2.9747
0.321982 2.97807
0.322186 2.98101
0.32239 2.98383
0.322594 2.98633
0.322798 2.9896
0.323002 2.99275
0.323206 2.99643
0.323409 2.99935
0.323613 3.0022
0.323817 3.00535
0.324021 3.0085
0.324225 3.01185
0.324429 3.01492
0.324633 3.01808
0.324837 3.02104
0.325041 3.02397
0.325245 3.02731
0.325449 3.03009
0.325653 3.0329
0.325856 3.0361
0.32606 3.03926
0.326264 3.0422
0.326468 3.04575
0.326672 3.04856
0.326876 3.05151
0.32708 3.05464
0.327284 3.05819
0.327488 3.06105
0.327692 3.06365
0.327896 3.06646
0.3281 3.06987
0.328303 3.07321
0.328507 3.07624
0.328711 3.07963
0.328915 3.08292
0.329119 3.08616
0.329323 3.08904
0.329527 3.0919
0.329731 3.09502
0.329935 3.09838
0.330139 3.1014
0.330343 3.10433
0.330546 3.10718
0.33075 3.11025
0.330954 3.11317
0.331158 3.11616
0.331362 3.11907
0.331566 3.12239
0.33177 3.12531
0.331974 3.12875
0.332178 3.13148
0.332382 3.13424
0.332586 3.13813
0.33279 3.14098
0.332993 3.14405
0.333197 3.14728
0.333401 3.15078
0.333605 3.15407
0.333809 3.15728
0.334013 3.16068
0.334217 3.16386
0.334421 3.16746
0.334625 3.17078
0.334829 3.1738
0.335033 3.17675
0.335237 3.17935
0.33544 3.18266
0.335644 3.18602
0.335848 3.18949
0.336052 3.19266
0.336256 3.19677
0.33646 3.20041
0.336664 3.2036
0.336868 3.2067
0.337072 3.20974
0.337276 3.21314
0.33748 3.21629
0.337684 3.22006
0.337887 3.22357
0.338091 3.2275
0.338295 3.23132
0.338499 3.23463
0.338703 3.23803
0.338907 3.2419
0.339111 3.24608
0.339315 3.24953
0.339519 3.25333
0.339723 3.25574
0.339927 3.2587
0.340131 3.26169
0.340334 3.26508
0.340538 3.2684
0.340742 3.27239
0.340946 3.27534
0.34115 3.27807
0.341354 3.28162
0.341558 3.28485
0.341762 3.28831
0.341966 3.29244
0.34217 3.29596
0.342374 3.2991
0.342577 3.30283
0.342781 3.30624
0.342985 3.30979
0.343189 3.31309
0.343393 3.31606
0.343597 3.31941
0.343801 3.32296
0.344005 3.32654
0.344209 3.33025
0.344413 3.33364
0.344617 3.33755
0.344821 3.34085
0.345024 3.34434
0.345228 3.34786
0.345432 3.35208
0.345636 3.35483
0.34584 3.35835
0.346044 3.36229
0.346248 3.36605
0.346452 3.3696
0.346656 3.37319
0.34686 3.37722
0.347064 3.38129
0.347268 3.38424
0.347471 3.38747
0.347675 3.3906
0.347879 3.39369
0.348083 3.39772
0.348287 3.40142
0.348491 3.40513
0.348695 3.4092
0.348899 3.41337
0.349103 3.41694
0.349307 3.4201
0.349511 3.42374
0.349715 3.42812
0.349918 3.43238
0.350122 3.43582
0.350326 3.44012
0.35053 3.44424
0.350734 3.44802
0.350938 3.45186
0.351142 3.45513
0.351346 3.45874
0.35155 3.46241
0.351754 3.46631
0.351958 3.4707
0.352162 3.47424
0.352365 3.47751
0.352569 3.48119
0.352773 3.48459
0.352977 3.48878
0.353181 3.49275
0.353385 3.49669
0.353589 3.50013
0.353793 3.50384
0.353997 3.50787
0.354201 3.51206
0.354405 3.51615
0.354608 3.52004
0.354812 3.52393
0.355016 3.52713
0.35522 3.53147
0.355424 3.53574
0.355628 3.53973
0.355832 3.54358
0.356036 3.54732
0.35624 3.55127
0.356444 3.55515
0.356648 3.55919
0.356852 3.5628
0.357055 3.56669
0.357259 3.571
0.357463 3.57476
0.357667 3.57868
0.357871 3.5827
0.358075 3.58613
0.358279 3.59031
0.358483 3.59398
0.358687 3.59709
0.358891 3.60247
0.359095 3.60631
0.359299 3.61106
0.359502 3.6153
0.359706 3.61982
0.35991 3.62384
0.360114 3.62754
0.360318 3.63105
0.360522 3.63484
0.360726 3.63845
0.36093 3.64297
0.361134 3.64715
0.361338 3.65184
0.361542 3.65604
0.361746 3.65996
0.361949 3.66446
0.362153 3.6694
0.362357 3.67372
0.362561 3.67774
0.362765 3.68233
0.362969 3.68682
0.363173 3.69105
0.363377 3.69574
0.363581 3.70003
0.363785 3.70411
0.363989 3.70823
0.364192 3.71286
0.364396 3.71758
0.3646 3.72158
0.364804 3.72542
0.365008 3.72923
0.365212 3.73356
0.365416 3.73714
0.36562 3.74146
0.365824 3.74578
0.366028 3.74971
0.366232 3.75458
0.366436 3.75867
0.366639 3.76297
0.366843 3.7674
0.367047 3.77197
0.367251 3.77622
0.367455 3.78192
0.367659 3.78594
0.367863 3.7897
0.368067 3.79464
0.368271 3.79928
0.368475 3.80343
0.368679 3.80692
0.368883 3.81153
0.369086 3.81571
0.36929 3.82187
0.369494 3.82646
0.369698 3.83055
0.369902 3.83531
0.370106 3.84
0.37031 3.84445
0.370514 3.84878
0.370718 3.85323
0.370922 3.85867
0.371126 3.86263
0.37133 3.86733
0.371533 3.87132
0.371737 3.87559
0.371941 3.87984
0.372145 3.88511
0.372349 3.8892
0.372553 3.89417
0.372757 3.89862
0.372961 3.90342
0.373165 3.90734
0.373369 3.91217
0.373573 3.91695
0.373777 3.92101
0.37398 3.92568
0.374184 3.93054
0.374388 3.93483
0.374592 3.93965
0.374796 3.94345
0.375 3.94785
0.375204 3.9529
0.375408 3.95756
0.375612 3.96383
0.375816 3.96877
0.37602 3.97295
0.376223 3.97794
0.376427 3.98324
0.376631 3.98781
0.376835 3.99367
0.377039 3.99904
0.377243 4.00343
0.377447 4.00848
0.377651 4.01352
0.377855 4.01797
0.378059 4.02365
0.378263 4.02796
0.378467 4.03303
0.37867 4.03829
0.378874 4.04322
0.379078 4.04801
0.379282 4.05241
0.379486 4.05875
0.37969 4.06329
0.379894 4.06793
0.380098 4.07197
0.380302 4.07702
0.380506 4.08147
0.38071 4.086
0.380914 4.08996
0.381117 4.09603
0.381321 4.10143
0.381525 4.10651
0.381729 4.11121
0.381933 4.11682
0.382137 4.12173
0.382341 4.12726
0.382545 4.13447
0.382749 4.13899
0.382953 4.14343
0.383157 4.14904
0.383361 4.15445
0.383564 4.16029
0.383768 4.16535
0.383972 4.17071
0.384176 4.17634
0.38438 4.18234
0.384584 4.18799
0.384788 4.19274
0.384992 4.19775
0.385196 4.20282
0.3854 4.20793
0.385604 4.2133
0.385808 4.2188
0.386011 4.22387
0.386215 4.22886
0.386419 4.23433
0.386623 4.2394
0.386827 4.24433
0.387031 4.24942
0.387235 4.25514
0.387439 4.2603
0.387643 4.26654
0.387847 4.27148
0.388051 4.27591
0.388254 4.28244
0.388458 4.28756
0.388662 4.29405
0.388866 4.29985
0.38907 4.30634
0.389274 4.31215
0.389478 4.31812
0.389682 4.32344
0.389886 4.32915
0.39009 4.33371
0.390294 4.33845
0.390498 4.34329
0.390701 4.34824
0.390905 4.35453
0.391109 4.35946
0.391313 4.36447
0.391517 4.3708
0.391721 4.3762
0.391925 4.38196
0.392129 4.38735
0.392333 4.39306
0.392537 4.3987
0.392741 4.40447
0.392945 4.41102
0.393148 4.41572
0.393352 4.42123
0.393556 4.42682
0.39376 4.43275
0.393964 4.43793
0.394168 4.44382
0.394372 4.44949
0.394576 4.45522
0.39478 4.46117
0.394984 4.46632
0.395188 4.47174
0.395392 4.47719
0.395595 4.48222
0.395799 4.4876
0.396003 4.49408
0.396207 4.50001
0.396411 4.50541
0.396615 4.51073
0.396819 4.51736
0.397023 4.52461
0.397227 4.53129
0.397431 4.53771
0.397635 4.54386
0.397838 4.54903
0.398042 4.55513
0.398246 4.56168
0.39845 4.5696
0.398654 4.57656
0.398858 4.58305
0.399062 4.58964
0.399266 4.5964
0.39947 4.60145
0.399674 4.60795
0.399878 4.61353
0.400082 4.62082
0.400285 4.62712
0.400489 4.6321
0.400693 4.63814
0.400897 4.64543
0.401101 4.65128
0.401305 4.65719
0.401509 4.66421
0.401713 4.67005
0.401917 4.67625
0.402121 4.6826
0.402325 4.68998
0.402529 4.69654
0.402732 4.70187
0.402936 4.70849
0.40314 4.71564
0.403344 4.72119
0.403548 4.72891
0.403752 4.73613
0.403956 4.74265
0.40416 4.74938
0.404364 4.75562
0.404568 4.76202
0.404772 4.76838
0.404976 4.77472
0.405179 4.7822
0.405383 4.78942
0.405587 4.79507
0.405791 4.80213
0.405995 4.80838
0.406199 4.81511
0.406403 4.8221
0.406607 4.82906
0.406811 4.83616
0.407015 4.8437
0.407219 4.8507
0.407423 4.85649
0.407626 4.86341
0.40783 4.87075
0.408034 4.87676
0.408238 4.8834
0.408442 4.89028
0.408646 4.89658
0.40885 4.90405
0.409054 4.91108
0.409258 4.91784
0.409462 4.92533
0.409666 4.93214
0.409869 4.93767
0.410073 4.944
0.410277 4.9519
0.410481 4.95838
0.410685 4.96511
0.410889 4.97057
0.411093 4.9779
0.411297 4.98482
0.411501 4.99141
0.411705 4.99883
0.411909 5.00612
0.412113 5.01322
0.412316 5.02025
0.41252 5.02775
0.412724 5.03408
0.412928 5.04192
0.413132 5.04823
0.413336 5.05508
0.41354 5.06296
0.413744 5.07083
0.413948 5.07862
0.414152 5.08602
0.414356 5.09412
0.41456 5.10341
0.414763 5.11114
0.414967 5.1181
0.415171 5.1255
0.415375 5.13354
0.415579 5.14117
0.415783 5.14846
0.415987 5.15789
0.416191 5.16532
0.416395 5.17293
0.416599 5.18136
0.416803 5.18849
0.417007 5.19568
0.41721 5.20249
0.417414 5.20983
0.417618 5.21758
0.417822 5.22555
0.418026 5.23357
0.41823 5.24101
0.418434 5.2485
0.418638 5.2551
0.418842 5.26154
0.419046 5.26875
0.41925 5.27657
0.419454 5.28507
0.419657 5.29324
0.419861 5.30274
0.420065 5.30987
0.420269 5.31722
0.420473 5.32335
0.420677 5.33018
0.420881 5.33851
0.421085 5.34633
0.421289 5.35587
0.421493 5.36626
0.421697 5.37391
0.4219 5.38016
0.422104 5.38835
0.422308 5.39661
0.422512 5.4046
0.422716 5.41152
0.42292 5.42021
0.423124 5.42978
0.423328 5.4386
0.423532 5.44623
0.423736 5.45452
0.42394 5.46255
0.424144 5.47138
0.424347 5.47882
0.424551 5.48744
0.424755 5.49712
0.424959 5.50659
0.425163 5.51553
0.425367 5.52452
0.425571 5.53167
0.425775 5.5407
0.425979 5.54891
0.426183 5.55759
0.426387 5.5669
0.426591 5.57475
0.426794 5.58254
0.426998 5.59096
0.427202 5.59939
0.427406 5.60829
0.42761 5.61763
0.427814 5.62675
0.428018 5.63471
0.428222 5.64294
0.428426 5.65205
0.42863 5.66168
0.428834 5.67024
0.429038 5.67922
0.429241 5.6884
0.429445 5.69719
0.429649 5.70706
0.429853 5.71747
0.430057 5.72543
0.430261 5.73535
0.430465 5.74421
0.430669 5.75169
0.430873 5.75882
0.431077 5.76658
0.431281 5.77597
0.431485 5.78113
0.431688 5.78984
0.431892 5.79996
0.432096 5.80981
0.4323 5.81889
0.432504 5.82975
0.432708 5.83849
0.432912 5.84642
0.433116 5.85286
0.43332 5.86636
0.433524 5.87737
0.433728 5.88551
0.433931 5.89547
0.434135 5.90553
0.434339 5.91556
0.434543 5.92476
0.434747 5.93317
0.434951 5.94181
0.435155 5.94877
0.435359 5.95928
0.435563 5.96759
0.435767 5.97669
0.435971 5.98524
0.436175 5.99446
0.436378 6.00439
0.436582 6.01776
0.436786 6.02912
0.43699 6.03897
0.437194 6.05076
0.437398 6.0593
0.437602 6.06986
0.437806 6.07853
0.43801 6.0912
0.438214 6.09908
0.438418 6.11683
0.438622 6.12762
0.438825 6.13962
0.439029 6.15024
0.439233 6.15985
0.439437 6.16972
0.439641 6.17898
0.439845 6.1878
0.440049 6.19807
0.440253 6.20793
0.440457 6.2157
0.440661 6.22672
0.440865 6.23691
0.441069 6.24666
0.441272 6.25732
0.441476 6.26651
0.44168 6.27867
0.441884 6.28823
0.442088 6.29927
0.442292 6.31199
0.442496 6.3264
0.4427 6.33575
0.442904 6.3479
0.443108 6.36031
0.443312 6.36896
0.443515 6.37843
0.443719 6.38831
0.443923 6.3996
0.444127 6.4083
0.444331 6.42013
0.444535 6.43306
0.444739 6.44503
0.444943 6.45664
0.445147 6.46815
0.445351 6.48132
0.445555 6.49475
0.445759 6.5076
0.445962 6.51813
0.446166 6.5331
0.44637 6.5426
0.446574 6.55603
0.446778 6.56589
0.446982 6.578
0.447186 6.58813
0.44739 6.60201
0.447594 6.61497
0.447798 6.62689
0.448002 6.63869
0.448206 6.65085
0.448409 6.66177
0.448613 6.6736
0.448817 6.68448
0.449021 6.69505
0.449225 6.70647
0.449429 6.71894
0.449633 6.73032
0.449837 6.74176
0.450041 6.74998
0.450245 6.76296
0.450449 6.7744
0.450653 6.78864
0.450856 6.80215
0.45106 6.81446
0.451264 6.82576
0.451468 6.83749
0.451672 6.85151
0.451876 6.86463
0.45208 6.87324
0.452284 6.88743
0.452488 6.9016
0.452692 6.9142
0.452896 6.92892
0.4531 6.94008
0.453303 6.95473
0.453507 6.96501
0.453711 6.97945
0.453915 6.98995
0.454119 7.01184
0.454323 7.0265
0.454527 7.04107
0.454731 7.05765
0.454935 7.07175
0.455139 7.08171
0.455343 7.09148
0.455546 7.1059
0.45575 7.11911
0.455954 7.13335
0.456158 7.14774
0.456362 7.16081
0.456566 7.17236
0.45677 7.18259
0.456974 7.19675
0.457178 7.21122
0.457382 7.22321
0.457586 7.2358
0.45779 7.24943
0.457993 7.2594
0.458197 7.27811
0.458401 7.2931
0.458605 7.30865
0.458809 7.32447
0.459013 7.33955
0.459217 7.35526
0.459421 7.37167
0.459625 7.38751
0.459829 7.40121
0.460033 7.41474
0.460237 7.42855
0.46044 7.44442
0.460644 7.45951
0.460848 7.47662
0.461052 7.49279
0.461256 7.50834
0.46146 7.52827
0.461664 7.54459
0.461868 7.56086
0.462072 7.57329
0.462276 7.58623
0.46248 7.60303
0.462684 7.61577
0.462887 7.63099
0.463091 7.64668
0.463295 7.66569
0.463499 7.68326
0.463703 7.69549
0.463907 7.71171
0.464111 7.72647
0.464315 7.74225
0.464519 7.76131
0.464723 7.77846
0.464927 7.79234
0.465131 7.80664
0.465334 7.82254
0.465538 7.83873
0.465742 7.85362
0.465946 7.86871
0.46615 7.88716
0.466354 7.90473
0.466558 7.91761
0.466762 7.93277
0.466966 7.94784
0.46717 7.96355
0.467374 7.98164
0.467577 7.99834
0.467781 8.01469
0.467985 8.03017
0.468189 8.04798
0.468393 8.06099
0.468597 8.07648
0.468801 8.09261
0.469005 8.11024
0.469209 8.12765
0.469413 8.14402
0.469617 8.15671
0.469821 8.17035
0.470024 8.18389
0.470228 8.19944
0.470432 8.21591
0.470636 8.23586
0.47084 8.25172
0.471044 8.26848
0.471248 8.29178
0.471452 8.30981
0.471656 8.32583
0.47186 8.34602
0.472064 8.36367
0.472268 8.37908
0.472471 8.39843
0.472675 8.41723
0.472879 8.44128
0.473083 8.45491
0.473287 8.47131
0.473491 8.48806
0.473695 8.50178
0.473899 8.52327
0.474103 8.53923
0.474307 8.55398
0.474511 8.57311
0.474715 8.58924
0.474918 8.61029
0.475122 8.62858
0.475326 8.64871
0.47553 8.66562
0.475734 8.68618
0.475938 8.70662
0.476142 8.72698
0.476346 8.7451
0.47655 8.76076
0.476754 8.77999
0.476958 8.79894
0.477162 8.81955
0.477365 8.84091
0.477569 8.86736
0.477773 8.8862
0.477977 8.90758
0.478181 8.92765
0.478385 8.94593
0.478589 8.97067
0.478793 8.98939
0.478997 9.01397
0.479201 9.03472
0.479405 9.0534
0.479608 9.07101
0.479812 9.08988
0.480016 9.10937
0.48022 9.12816
0.480424 9.14845
0.480628 9.17189
0.480832 9.19026
0.481036 9.2136
0.48124 9.23216
0.481444 9.25382
0.481648 9.26931
0.481852 9.29296
0.482055 9.31916
0.482259 9.3399
0.482463 9.36242
0.482667 9.38057
0.482871 9.40066
0.483075 9.42498
0.483279 9.44489
0.483483 9.47068
0.483687 9.49535
0.483891 9.52
0.484095 9.54107
0.484299 9.56584
0.484502 9.59018
0.484706 9.61326
0.48491 9.63648
0.485114 9.65737
0.485318 9.68159
0.485522 9.70802
0.485726 9.73457
0.48593 9.75421
0.486134 9.77525
0.486338 9.80297
0.486542 9.83378
0.486746 9.85081
0.486949 9.87228
0.487153 9.89792
0.487357 9.9265
0.487561 9.95682
0.487765 9.98287
0.487969 10.004
0.488173 10.0278
0.488377 10.0509
0.488581 10.0721
0.488785 10.0958
0.488989 10.1188
0.489192 10.1452
0.489396 10.1663
0.4896 10.1938
0.489804 10.2233
0.490008 10.2518
0.490212 10.2764
0.490416 10.2958
0.49062 10.3163
0.490824 10.3381
0.491028 10.3658
0.491232 10.3878
0.491436 10.4175
0.491639 10.4512
0.491843 10.4701
0.492047 10.497
0.492251 10.5272
0.492455 10.5552
0.492659 10.5818
0.492863 10.6137
0.493067 10.6458
0.493271 10.672
0.493475 10.6958
0.493679 10.726
0.493883 10.7652
0.494086 10.7925
0.49429 10.8272
0.494494 10.853
0.494698 10.8813
0.494902 10.9084
0.495106 10.942
0.49531 10.975
0.495514 11.0041
0.495718 11.0336
0.495922 11.0697
0.496126 11.0987
0.49633 11.1252
0.496533 11.148
0.496737 11.1808
0.496941 11.2158
0.497145 11.2505
0.497349 11.2772
0.497553 11.3118
0.497757 11.3415
0.497961 11.3742
0.498165 11.4014
0.498369 11.4361
0.498573 11.4699
0.498777 11.4996
0.49898 11.5372
0.499184 11.5741
0.499388 11.6067
0.499592 11.6387
0.499796 11.6656
0.5 11.7009
0.500204 11.7292
0.500408 11.7609
0.500612 11.7879
0.500816 11.8136
0.50102 11.8469
0.501223 11.8845
0.501427 11.9139
0.501631 11.9555
0.501835 11.9916
0.502039 12.0217
0.502243 12.048
0.502447 12.0749
0.502651 12.1046
0.502855 12.1339
0.503059 12.1651
0.503263 12.2045
0.503467 12.2369
0.50367 12.2646
0.503874 12.2962
0.504078 12.3294
0.504282 12.3627
0.504486 12.4042
0.50469 12.4441
0.504894 12.4821
0.505098 12.5239
0.505302 12.5601
0.505506 12.5749
0.50571 12.625
0.505914 12.6787
0.506117 12.7119
0.506321 12.7504
0.506525 12.7896
0.506729 12.8285
0.506933 12.8626
0.507137 12.9013
0.507341 12.935
0.507545 12.9693
0.507749 13.0098
0.507953 13.0523
0.508157 13.0857
0.508361 13.1156
0.508564 13.1541
0.508768 13.1886
0.508972 13.2385
0.509176 13.277
0.50938 13.3145
0.509584 13.3547
0.509788 13.4029
0.509992 13.4376
0.510196 13.4833
0.5104 13.5205
0.510604 13.5565
0.510808 13.5903
0.511011 13.6367
0.511215 13.6774
0.511419 13.7191
0.511623 13.766
0.511827 13.811
0.512031 13.8457
0.512235 13.8947
0.512439 13.9348
0.512643 13.973
0.512847 14.0137
0.513051 14.0543
0.513254 14.1016
0.513458 14.1474
0.513662 14.2119
0.513866 14.2633
0.51407 14.3018
0.514274 14.3439
0.514478 14.3982
0.514682 14.4479
0.514886 14.4975
0.51509 14.5488
0.515294 14.5892
0.515498 14.6339
0.515701 14.6835
0.515905 14.7271
0.516109 14.7658
0.516313 14.8186
0.516517 14.8629
0.516721 14.9192
0.516925 14.9574
0.517129 15.0043
0.517333 15.0648
0.517537 15.1272
0.517741 15.1774
0.517945 15.2387
0.518148 15.3042
0.518352 15.3686
0.518556 15.4126
0.51876 15.4722
0.518964 15.5392
0.519168 15.5833
0.519372 15.6392
0.519576 15.6783
0.51978 15.7297
0.519984 15.791
0.520188 15.8495
0.520392 15.8929
0.520595 15.9488
0.520799 15.994
0.521003 16.0438
0.521207 16.1028
0.521411 16.1498
0.521615 16.2307
0.521819 16.3282
0.522023 16.386
0.522227 16.4427
0.522431 16.5117
0.522635 16.5765
0.522838 16.6107
0.523042 16.6619
0.523246 16.7161
0.52345 16.7633
0.523654 16.8337
0.523858 16.892
0.524062 16.9623
0.524266 17.043
0.52447 17.1155
0.524674 17.1715
0.524878 17.2188
0.525082 17.279
0.525285 17.337
0.525489 17.4108
0.525693 17.4631
0.525897 17.5232
0.526101 17.595
0.526305 17.6684
0.526509 17.7305
0.526713 17.7914
0.526917 17.8565
0.527121 17.9369
0.527325 18.0013
0.527529 18.0901
0.527732 18.1464
0.527936 18.1948
0.52814 18.2705
0.528344 18.3339
0.528548 18.4319
0.528752 18.4966
0.528956 18.5813
0.52916 18.6535
0.529364 18.7619
0.529568 18.8356
0.529772 18.9043
0.529976 19.0041
0.530179 19.1
0.530383 19.184
0.530587 19.2747
0.530791 19.3519
0.530995 19.429
0.531199 19.4961
0.531403 19.5501
0.531607 19.6239
0.531811 19.71
0.532015 19.8128
0.532219 19.9193
0.532423 20.0061
0.532626 20.0631
0.53283 20.1609
0.533034 20.2502
0.533238 20.3155
0.533442 20.408
0.533646 20.4979
0.53385 20.5952
0.534054 20.6729
0.534258 20.7548
0.534462 20.8411
0.534666 20.9522
0.534869 21.0476
0.535073 21.137
0.535277 21.237
0.535481 21.3235
0.535685 21.4011
0.535889 21.4911
0.536093 21.6439
0.536297 21.7401
0.536501 21.8482
0.536705 21.9391
0.536909 22.0304
0.537113 22.1287
0.537316 22.242
0.53752 22.3407
0.537724 22.4774
0.537928 22.5821
0.538132 22.724
0.538336 22.8194
0.53854 22.9493
0.538744 23.1075
0.538948 23.2417
0.539152 23.3674
0.539356 23.5028
0.53956 23.6347
0.539763 23.7563
0.539967 23.8916
0.540171 24.0109
0.540375 24.1287
0.540579 24.2505
0.540783 24.4139
0.540987 24.5109
0.541191 24.638
0.541395 24.7537
0.541599 24.8707
0.541803 24.9743
0.542007 25.0827
0.54221 25.1847
0.542414 25.2991
0.542618 25.4085
0.542822 25.5092
0.543026 25.6709
0.54323 25.7685
0.543434 25.9399
0.543638 26.0747
0.543842 26.1686
0.544046 26.3026
0.54425 26.5077
0.544454 26.6406
0.544657 26.8292
0.544861 27.0225
0.545065 27.1473
0.545269 27.2923
0.545473 27.4537
0.545677 27.63
0.545881 27.732
0.546085 27.8438
0.546289 28.0015
0.546493 28.1458
0.546697 28.2852
0.5469 28.431
0.547104 28.5662
0.547308 28.7046
0.547512 28.8991
0.547716 29.064
0.54792 29.2464
0.548124 29.4011
0.548328 29.5276
0.548532 29.6764
0.548736 29.8548
0.54894 30.0476
0.549144 30.2894
0.549347 30.4403
0.549551 30.5542
0.549755 30.7111
0.549959 30.832
0.550163 30.9445
0.550367 31.1237
0.550571 31.2963
0.550775 31.4877
0.550979 31.6938
0.551183 31.8785
0.551387 32.0832
0.551591 32.2696
0.551794 32.5155
0.551998 32.6644
0.552202 32.8539
0.552406 33.0342
0.55261 33.2531
0.552814 33.4692
0.553018 33.6366
0.553222 33.8392
0.553426 34.0488
0.55363 34.1942
0.553834 34.4264
0.554038 34.6323
0.554241 34.9285
0.554445 35.1121
0.554649 35.3176
0.554853 35.5426
0.555057 35.7766
0.555261 35.963
0.555465 36.2693
0.555669 36.5187
0.555873 36.7606
0.556077 37.139
0.556281 37.3998
0.556485 37.7221
0.556688 38.0356
0.556892 38.2834
0.557096 38.576
0.5573 38.9527
0.557504 39.2522
0.557708 39.4862
0.557912 39.7673
0.558116 40.0633
0.55832 40.337
0.558524 40.664
0.558728 41.011
0.558931 41.3378
0.559135 41.6224
0.559339 42.0018
0.559543 42.2225
0.559747 42.5731
0.559951 42.8051
0.560155 43.1936
0.560359 43.6686
0.560563 43.9961
0.560767 44.2523
0.560971 44.5226
0.561175 44.8312
0.561378 45.1478
0.561582 45.7746
0.561786 46.331
0.56199 46.6848
0.562194 46.9042
0.562398 47.4308
0.562602 47.8991
0.562806 48.5138
0.56301 48.8683
0.563214 49.2975
0.563418 49.7736
0.563622 50.1308
0.563825 50.4902
0.564029 51.1177
0.564233 51.633
0.564437 52.1316
0.564641 52.5722
0.564845 53.0095
0.565049 53.5339
0.565253 53.9717
0.565457 54.5177
0.565661 55.0025
0.565865 55.3235
0.566069 55.8764
0.566272 56.3758
0.566476 56.8936
0.56668 57.5223
0.566884 57.9452
0.567088 58.7417
0.567292 59.4199
0.567496 59.944
0.5677 60.4036
0.567904 61.0234
0.568108 61.4776
0.568312 62.0653
0.568515 62.7885
0.568719 63.336
0.568923 63.9536
0.569127 64.5512
0.569331 65.1121
0.569535 66.0293
0.569739 66.946
0.569943 67.7194
0.570147 68.3976
0.570351 69.356
0.570555 70.2763
0.570759 71.1793
0.570962 72.0469
0.571166 72.8069
0.57137 73.7145
0.571574 74.4761
0.571778 76.1653
0.571982 76.6279
0.572186 78.0656
0.57239 79.0977
0.572594 80.102
0.572798 80.8874
0.573002 81.7099
0.573206 83.1036
0.573409 84.4746
0.573613 85.3859
0.573817 86.6814
0.574021 87.9155
0.574225 89.0269
0.574429 90.1226
0.574633 91.6552
0.574837 92.4834
0.575041 94.1139
0.575245 94.942
0.575449 96.2762
0.575653 96.9949
0.575856 97.9098
0.57606 99.5589
0.576264 100.643
0.576468 101.848
0.576672 103.569
0.576876 105.203
0.57708 106.918
0.577284 108.4
0.577488 109.801
0.577692 112.052
0.577896 113.416
0.5781 114.443
0.578303 117.924
0.578507 119.685
0.578711 121.114
0.578915 122.683
0.579119 125.796
0.579323 128.557
0.579527 130.662
0.579731 133.773
0.579935 136.744
0.580139 139.95
0.580343 141.434
0.580546 144.057
0.58075 147.04
0.580954 149.455
0.581158 153.478
0.581362 156.95
0.581566 159.314
0.58177 164.538
0.581974 168.015
0.582178 171.948
0.582382 174.022
0.582586 178.149
0.58279 182.703
0.582993 185.454
0.583197 192.963
0.583401 197.708
0.583605 201.888
0.583809 208.034
0.584013 215.303
0.584217 221.903
0.584421 229.265
0.584625 235.143
0.584829 241.971
0.585033 247.281
0.585237 254.161
0.58544 267.362
0.585644 273.581
0.585848 279.362
0.586052 286.502
0.586256 295.19
0.58646 309.202
0.586664 318.129
0.586868 329.163
0.587072 352.999
0.587276 370.936
0.58748 383.622
0.587684 405.262
0.587887 423.447
0.588091 448.515
0.588295 461.643
0.588499 482.418
0.588703 498.068
0.588907 538.854
0.589111 559.92
0.589315 584.727
0.589519 627.594
0.589723 648.859
0.589927 721.116
0.590131 776.698
0.590334 828.35
0.590538 862.159
0.590742 926.998
0.590946 1024.35
0.59115 1178.49
0.591354 1343.8
0.591558 1644.11
0.591762 1901
0.591966 2346.82
0.59217 3278.36
0.592374 3690.03
0.592577 4479.02
0.592781 2137.34
0.592985 612.044
0.593189 358.161
0.593393 360.617
0.593597 399.705
0.593801 399.623
0.594005 229.389
0.594209 234.481
0.594413 237.343
0.594617 245.14
0.594821 248.691
0.595024 252.39
0.595228 258.782
0.595432 238.714
0.595636 240.778
0.59584 242.928
0.596044 221.756
0.596248 221.405
0.596452 219.838
0.596656 220.257
0.59686 240.68
0.597064 211.224
0.597268 204.193
0.597471 207.917
0.597675 210.748
0.597879 215.665
0.598083 217.128
0.598287 217.391
0.598491 218.893
0.598695 219.53
0.598899 225.706
0.599103 262.067
0.599307 90.2607
0.599511 84.1919
0.599715 86.3451
0.599918 86.6598
0.600122 86.1023
0.600326 86.4372
0.60053 89.7935
0.600734 90.1284
0.600938 90.754
0.601142 93.1632
0.601346 95.3666
0.60155 95.7563
0.601754 74.4613
0.601958 74.4799
0.602162 74.7678
0.602365 74.8937
0.602569 74.0561
0.602773 67.3631
0.602977 44.3319
0.603181 44.4431
0.603385 44.6496
0.603589 44.5685
0.603793 45.6544
0.603997 45.4739
0.604201 45.6068
0.604405 46.487
0.604608 48.281
0.604812 47.792
0.605016 46.8279
0.60522 53.2163
0.605424 54.791
0.605628 54.07
0.605832 54.3435
0.606036 55.6338
0.60624 55.7314
0.606444 55.7955
0.606648 55.9923
0.606852 57.331
0.607055 58.1577
0.607259 58.2605
0.607463 58.7098
0.607667 58.7982
0.607871 59.5592
0.608075 59.5096
0.608279 59.5876
0.608483 59.7493
0.608687 60.3904
0.608891 60.4912
0.609095 59.9071
0.609299 49.9749
0.609502 51.2651
0.609706 51.4844
0.60991 51.925
0.610114 52.1912
0.610318 52.3792
0.610522 52.4906
0.610726 52.5249
0.61093 52.7023
0.611134 52.7565
0.611338 52.9103
0.611542 53.1478
0.611746 53.3611
0.611949 55.1113
0.612153 55.1751
0.612357 55.2418
0.612561 56.1364
0.612765 57.0416
0.612969 57.1473
0.613173 57.4375
0.613377 38.2879
0.613581 37.2007
0.613785 37.2428
0.613989 37.3556
0.614192 37.3771
0.614396 37.6598
0.6146 37.7319
0.614804 37.8776
0.615008 37.9994
0.615212 38.0709
0.615416 38.1144
0.61562 38.244
0.615824 38.2849
0.616028 39.2914
0.616232 39.3953
0.616436 39.3623
0.616639 39.4621
0.616843 39.4996
0.617047 39.8139
0.617251 39.8469
0.617455 39.9666
0.617659 39.9778
0.617863 40.2022
0.618067 41.0259
0.618271 41.0924
0.618475 34.9053
0.618679 35.2243
0.618883 35.2456
0.619086 35.1046
0.61929 35.1178
0.619494 35.1484
0.619698 35.2528
0.619902 35.4152
0.620106 35.4433
0.62031 35.6772
0.620514 35.7125
0.620718 36.729
0.620922 36.6831
0.621126 36.7367
0.62133 36.7565
0.621533 36.7956
0.621737 36.9141
0.621941 36.9873
0.622145 37.1031
0.622349 37.2307
0.622553 47.239
0.622757 47.483
0.622961 47.5416
0.623165 47.8455
0.623369 48.0626
0.623573 48.7719
0.623777 45.4368
0.62398 44.4389
0.624184 43.774
0.624388 43.7405
0.624592 43.777
0.624796 43.8543
0.625 44.0758
0.625204 44.5992
0.625408 44.6551
0.625612 44.9406
0.625816 44.9892
0.62602 44.9838
0.626223 45.1834
0.626427 45.2106
0.626631 45.3119
0.626835 45.4434
0.627039 45.4614
0.627243 45.2831
0.627447 45.8734
0.627651 20.7197
0.627855 20.7551
0.628059 20.9483
0.628263 21.0153
0.628467 21.0315
0.62867 21.0262
0.628874 21.0926
0.629078 21.1957
0.629282 21.2192
0.629486 21.2583
0.62969 21.3203
0.629894 21.3367
0.630098 21.3036
0.630302 21.3531
0.630506 21.3681
0.63071 21.4791
0.630914 21.4893
0.631117 21.468
0.631321 20.868
0.631525 20.2984
0.631729 19.899
0.631933 19.9336
0.632137 19.9419
0.632341 20.0125
0.632545 19.4982
0.632749 19.597
0.632953 19.687
0.633157 19.7537
0.633361 19.7991
0.633564 19.8223
0.633768 19.8277
0.633972 19.8613
0.634176 19.8066
0.63438 19.8239
0.634584 19.8387
0.634788 19.865
0.634992 19.8695
0.635196 19.8959
0.6354 19.8737
0.635604 19.8921
0.635808 19.9973
0.636011 20.019
0.636215 20.0273
0.636419 20.0484
0.636623 20.0971
0.636827 20.1149
0.637031 20.0727
0.637235 16.3187
0.637439 15.4389
0.637643 15.5184
0.637847 15.5356
0.638051 15.569
0.638254 15.6126
0.638458 15.6388
0.638662 15.6447
0.638866 15.6585
0.63907 15.6768
0.639274 15.8122
0.639478 15.6682
0.639682 15.6789
0.639886 15.7025
0.64009 15.7807
0.640294 15.8458
0.640498 15.8613
0.640701 15.8826
0.640905 15.8913
0.641109 15.9004
0.641313 15.9134
0.641517 16.0549
0.641721 16.1
0.641925 16.1968
0.642129 16.2113
0.642333 16.2314
0.642537 16.2498
0.642741 16.2718
0.642945 16.2926
0.643148 16.3664
0.643352 16.3978
0.643556 16.4918
0.64376 16.5017
0.643964 16.4402
0.644168 15.4444
0.644372 15.1949
0.644576 15.3506
0.64478 15.3561
0.644984 15.3694
0.645188 15.3773
0.645392 15.4474
0.645595 15.4405
0.645799 15.4754
0.646003 15.4881
0.646207 15.4846
0.646411 15.5071
0.646615 15.4898
0.646819 15.5942
0.647023 15.6162
0.647227 15.9369
0.647431 15.9309
0.647635 15.9548
0.647838 15.9969
0.648042 16.0068
0.648246 16.0151
0.64845 16.0213
0.648654 16.0478
0.648858 16.0647
0.649062 16.0648
0.649266 16.088
0.64947 16.0933
0.649674 16.1259
0.649878 16.1327
0.650082 16.163
0.650285 16.1879
0.650489 16.2044
0.650693 16.2124
0.650897 16.248
0.651101 16.2799
0.651305 16.0565
0.651509 16.0152
0.651713 15.9251
0.651917 15.6664
0.652121 15.6787
0.652325 15.6899
0.652529 15.6963
0.652732 15.7109
0.652936 15.7321
0.65314 15.7426
0.653344 15.7829
0.653548 15.7987
0.653752 15.8055
0.653956 15.8257
0.65416 15.8342
0.654364 15.8705
0.654568 15.8847
0.654772 15.8795
0.654976 15.8918
0.655179 15.905
0.655383 15.9213
0.655587 15.9377
0.655791 15.9606
0.655995 15.9735
0.656199 15.9841
0.656403 15.9912
0.656607 15.9977
0.656811 16.0234
0.657015 16.0563
0.657219 16.0864
0.657423 16.087
0.657626 16.1084
0.65783 16.1143
0.658034 16.0993
0.658238 16.1058
0.658442 16.116
0.658646 16.0864
0.65885 15.9218
0.659054 15.5102
0.659258 15.1954
0.659462 15.2337
0.659666 15.2399
0.659869 15.2818
0.660073 15.2918
0.660277 15.2982
0.660481 15.306
0.660685 15.3228
0.660889 15.3576
0.661093 15.381
0.661297 15.3721
0.661501 15.3953
0.661705 15.3912
0.661909 15.4048
0.662113 15.4064
0.662316 15.4139
0.66252 15.6141
0.662724 15.6313
0.662928 15.647
0.663132 15.6544
0.663336 15.6581
0.66354 15.6873
0.663744 15.6957
0.663948 15.7073
0.664152 15.7189
0.664356 15.7468
0.66456 15.7621
0.664763 15.7759
0.664967 15.8012
0.665171 15.9434
0.665375 15.9636
0.665579 15.9699
0.665783 15.9813
0.665987 16.0203
0.666191 16.0275
0.666395 16.0359
0.666599 16.0558
0.666803 16.031
0.667007 15.0207
0.66721 14.7614
0.667414 14.5096
0.667618 14.526
0.667822 14.5148
0.668026 14.5304
0.66823 14.5466
0.668434 14.5853
0.668638 14.581
0.668842 14.5906
0.669046 14.6121
0.66925 14.6242
0.669454 14.5989
0.669657 14.604
0.669861 14.6149
0.670065 14.6276
0.670269 15.0052
0.670473 15.0476
0.670677 15.0397
0.670881 15.0532
0.671085 15.062
0.671289 15.1111
0.671493 15.1118
0.671697 15.1229
0.6719 15.1288
0.672104 15.1613
0.672308 15.1718
0.672512 15.1863
0.672716 15.2037
0.67292 15.2101
0.673124 15.2161
0.673328 15.2274
0.673532 15.2321
0.673736 15.2393
0.67394 15.2438
0.674144 15.3086
0.674347 15.3721
0.674551 15.3862
0.674755 15.3907
0.674959 15.4133
0.675163 15.4105
0.675367 15.2241
0.675571 15.2117
0.675775 14.9398
0.675979 13.4628
0.676183 13.4707
0.676387 13.3829
0.676591 13.7442
0.676794 13.7512
0.676998 13.7631
0.677202 13.7744
0.677406 13.8016
0.67761 13.804
0.677814 13.8087
0.678018 13.8202
0.678222 13.836
0.678426 13.8496
0.67863 13.865
0.678834 13.8733
0.679038 13.8791
0.679241 13.8601
0.679445 13.8685
0.679649 13.8679
0.679853 13.8728
0.680057 13.8835
0.680261 13.8878
0.680465 13.9097
0.680669 13.9215
0.680873 13.9293
0.681077 13.9363
0.681281 13.9433
0.681485 13.9616
0.681688 13.9729
0.681892 13.9803
0.682096 14.0128
0.6823 14.0136
0.682504 14.0198
0.682708 14.0291
0.682912 14.0963
0.683116 14.1067
0.68332 14.1091
0.683524 14.1353
0.683728 14.1386
0.683931 13.8687
0.684135 13.7893
0.684339 13.7457
0.684543 13.6787
0.684747 13.6944
0.684951 13.7092
0.685155 13.7119
0.685359 13.7228
0.685563 13.7755
0.685767 13.8603
0.685971 13.8709
0.686175 13.8895
0.686378 13.9007
0.686582 13.909
0.686786 13.9172
0.68699 13.9309
0.687194 13.9409
0.687398 13.9489
0.687602 13.9722
0.687806 13.9806
0.68801 13.9899
0.688214 13.995
0.688418 14.008
0.688622 14.0333
0.688825 14.0503
0.689029 14.055
0.689233 13.9517
0.689437 13.9582
0.689641 13.9923
0.689845 14.0066
0.690049 14.0072
0.690253 14.0188
0.690457 14.0293
0.690661 14.0388
0.690865 14.0915
0.691069 14.0979
0.691272 14.1363
0.691476 14.1475
0.69168 14.1564
0.691884 14.1665
0.692088 14.1401
0.692292 14.1689
0.692496 14.0749
0.6927 13.8133
0.692904 13.1037
0.693108 12.5869
0.693312 12.6068
0.693515 12.616
0.693719 12.6437
0.693923 12.6509
0.694127 12.6588
0.694331 12.6633
0.694535 12.6774
0.694739 12.6973
0.694943 12.6989
0.695147 12.7015
0.695351 12.6972
0.695555 12.7045
0.695759 12.7131
0.695962 12.7484
0.696166 12.7534
0.69637 12.7723
0.696574 12.7828
0.696778 12.7938
0.696982 12.8018
0.697186 12.8057
0.69739 12.8198
0.697594 12.8313
0.697798 12.8397
0.698002 12.859
0.698206 12.881
0.698409 12.8865
0.698613 12.8929
0.698817 12.9044
0.699021 12.9089
0.699225 12.9144
0.699429 12.9215
0.699633 12.9237
0.699837 12.9344
0.700041 12.9453
0.700245 12.9649
0.700449 13.0286
0.700653 13.0319
0.700856 13.0373
0.70106 13.052
0.701264 13.0744
0.701468 13.079
0.701672 13.1018
0.701876 11.3062
0.70208 10.1197
0.702284 9.84881
0.702488 9.8589
0.702692 9.86246
0.702896 9.86875
0.7031 9.87425
0.703303 9.88127
0.703507 9.88469
0.703711 9.88814
0.703915 9.88925
0.704119 9.89781
0.704323 9.94444
0.704527 9.95153
0.704731 9.95925
0.704935 9.96124
0.705139 9.96467
0.705343 9.9679
0.705546 9.97383
0.70575 9.97914
0.705954 9.99946
0.706158 10.0786
0.706362 10.0888
0.706566 10.0936
0.70677 10.1256
0.706974 10.1106
0.707178 10.127
0.707382 10.123
0.707586 10.1282
0.70779 10.149
0.707993 10.1474
0.708197 10.1515
0.708401 10.2098
0.708605 10.2161
0.708809 10.2189
0.709013 10.3012
0.709217 10.3091
0.709421 10.3138
0.709625 10.3257
0.709829 10.3224
0.710033 10.3265
0.710237 10.3358
0.71044 10.339
0.710644 10.3449
0.710848 10.3658
0.711052 10.3744
0.711256 10.3788
0.71146 10.382
0.711664 10.271
0.711868 10.224
0.712072 10.0491
0.712276 10.0346
0.71248 9.8878
0.712684 9.91345
0.712887 9.94183
0.713091 9.94754
0.713295 9.95082
0.713499 9.95508
0.713703 9.96454
0.713907 9.98243
0.714111 9.98942
0.714315 10.0129
0.714519 10.0153
0.714723 10.0195
0.714927 10.0284
0.715131 10.0349
0.715334 10.0543
0.715538 10.0423
0.715742 10.0551
0.715946 10.0588
0.71615 10.0666
0.716354 10.072
0.716558 10.064
0.716762 10.0697
0.716966 10.0774
0.71717 10.0892
0.717374 10.0942
0.717577 10.1077
0.717781 10.1132
0.717985 10.1329
0.718189 10.1404
0.718393 10.1458
0.718597 10.1486
0.718801 10.1587
0.719005 10.161
0.719209 10.082
0.719413 10.0994
0.719617 10.1027
0.719821 10.1074
0.720024 10.0923
0.720228 10.0999
0.720432 10.1121
0.720636 10.1142
0.72084 10.1246
0.721044 10.1299
0.721248 10.1342
0.721452 10.1394
0.721656 10.1448
0.72186 10.1666
0.722064 10.1623
0.722268 10.1641
0.722471 10.0527
0.722675 9.51033
0.722879 9.50491
0.723083 9.51006
0.723287 9.51126
0.723491 9.51647
0.723695 9.51991
0.723899 9.52676
0.724103 9.52999
0.724307 9.54326
0.724511 9.58478
0.724715 9.5927
0.724918 9.59776
0.725122 9.64145
0.725326 9.64661
0.72553 9.65656
0.725734 9.66325
0.725938 9.67453
0.726142 9.67919
0.726346 9.68544
0.72655 9.68967
0.726754 9.70118
0.726958 9.7061
0.727162 9.71848
0.727365 9.6911
0.727569 9.69703
0.727773 9.70098
0.727977 9.70987
0.728181 9.71533
0.728385 9.72155
0.728589 9.7286
0.728793 9.74212
0.728997 9.74927
0.729201 9.75651
0.729405 9.76087
0.729608 9.76865
0.729812 9.80953
0.730016 9.81367
0.73022 9.8231
0.730424 9.83217
0.730628 9.83561
0.730832 9.84041
0.731036 9.86768
0.73124 9.87452
0.731444 9.90701
0.731648 9.91181
0.731852 9.92043
0.732055 9.92283
0.732259 9.9283
0.732463 9.93387
0.732667 10.0145
0.732871 10.0315
0.733075 10.0005
0.733279 9.96815
0.733483 9.88594
0.733687 9.84744
0.733891 9.48698
0.734095 9.44069
0.734299 9.44732
0.734502 9.45644
0.734706 9.45933
0.73491 9.48415
0.735114 9.49271
0.735318 9.5006
0.735522 9.50322
0.735726 9.50627
0.73593 9.52108
0.736134 9.533
0.736338 9.53691
0.736542 9.56169
0.736746 9.57033
0.736949 9.57227
0.737153 9.5751
0.737357 9.57707
0.737561 9.58325
0.737765 9.59083
0.737969 9.59541
0.738173 9.61067
0.738377 9.62038
0.738581 9.63741
0.738785 9.64428
0.738989 9.64997
0.739192 9.6588
0.739396 9.66172
0.7396 9.67019
0.739804 9.67789
0.740008 9.64249
0.740212 9.65084
0.740416 9.65626
0.74062 9.66577
0.740824 9.67158
0.741028 9.69053
0.741232 9.70379
0.741436 9.7144
0.741639 9.7211
0.741843 9.72721
0.742047 9.73537
0.742251 9.74159
0.742455 9.74651
0.742659 9.76202
0.742863 9.7701
0.743067 9.79031
0.743271 9.83126
0.743475 9.83574
0.743679 9.86148
0.743883 9.87083
0.744086 9.87854
0.74429 9.88306
0.744494 9.88773
0.744698 9.83924
0.744902 9.7924
0.745106 9.72184
0.74531 9.5526
0.745514 9.54098
0.745718 9.49041
0.745922 9.49582
0.746126 9.50094
0.74633 9.51343
0.746533 9.52175
0.746737 9.53961
0.746941 9.5603
0.747145 9.56295
0.747349 9.5665
0.747553 9.57137
0.747757 9.57637
0.747961 9.58982
0.748165 9.59755
0.748369 9.60391
0.748573 9.61056
0.748777 9.62001
0.74898 9.62656
0.749184 9.62973
0.749388 9.63545
0.749592 9.64102
0.749796 9.64862
0.75 9.65479
0.750204 9.66322
0.750408 9.67234
0.750612 9.66246
0.750816 9.66573
0.75102 9.67632
0.751223 9.67882
0.751427 9.68434
0.751631 9.68996
0.751835 9.71591
0.752039 9.73903
0.752243 9.74227
0.752447 9.74786
0.752651 9.75595
0.752855 9.76935
0.753059 9.78404
0.753263 9.7895
0.753467 9.8106
0.75367 9.82435
0.753874 9.82737
0.754078 9.83339
0.754282 9.84029
0.754486 9.84845
0.75469 9.853
0.754894 9.86036
0.755098 9.86547
0.755302 9.86999
0.755506 9.88772
0.75571 9.89273
0.755914 9.86318
0.756117 9.70269
0.756321 9.58283
0.756525 9.51215
0.756729 9.44577
0.756933 9.46051
0.757137 9.46772
0.757341 9.49695
0.757545 9.51291
0.757749 9.50729
0.757953 9.51042
0.758157 9.51994
0.758361 9.53971
0.758564 9.54886
0.758768 9.55305
0.758972 9.55887
0.759176 9.57838
0.75938 9.58965
0.759584 9.60076
0.759788 9.6069
0.759992 9.61297
0.760196 9.61792
0.7604 9.62495
0.760604 9.64048
0.760808 9.64413
0.761011 9.64661
0.761215 9.65297
0.761419 9.65677
0.761623 9.67629
0.761827 9.6799
0.762031 9.68354
0.762235 9.69819
0.762439 9.71696
0.762643 9.71836
0.762847 9.72275
0.763051 9.72569
0.763254 9.73031
0.763458 9.73169
0.763662 9.73537
0.763866 9.73795
0.76407 9.74302
0.764274 9.75156
0.764478 9.73704
0.764682 9.75157
0.764886 9.76229
0.76509 9.78653
0.765294 9.79757
0.765498 9.80405
0.765701 9.80838
0.765905 9.81477
0.766109 9.82259
0.766313 9.83489
0.766517 9.83961
0.766721 9.84353
0.766925 9.89489
0.767129 9.90789
0.767333 9.86638
0.767537 9.73786
0.767741 9.1602
0.767945 9.02076
0.768148 8.92966
0.768352 8.93601
0.768556 8.93912
0.76876 8.94349
0.768964 8.94775
0.769168 8.95496
0.769372 8.96116
0.769576 8.96451
0.76978 8.96818
0.769984 8.97466
0.770188 8.97755
0.770392 8.99134
0.770595 8.99903
0.770799 9.00493
0.771003 9.00751
0.771207 9.01223
0.771411 9.01513
0.771615 9.01815
0.771819 9.02286
0.772023 9.0175
0.772227 9.02666
0.772431 9.07731
0.772635 9.08028
0.772838 9.07334
0.773042 9.07736
0.773246 9.08008
0.77345 9.08401
0.773654 9.08851
0.773858 9.09343
0.774062 9.09799
0.774266 9.12065
0.77447 9.12545
0.774674 9.13084
0.774878 9.13589
0.775082 9.1493
0.775285 9.14759
0.775489 9.15688
0.775693 9.15999
0.775897 9.16289
0.776101 9.16457
0.776305 9.16948
0.776509 9.17495
0.776713 9.17914
0.776917 9.19561
0.777121 9.2004
0.777325 9.21369
0.777529 9.22801
0.777732 9.23243
0.777936 9.24531
0.77814 9.25263
0.778344 9.25837
0.778548 9.26555
0.778752 9.26867
0.778956 9.27572
0.77916 9.19297
0.779364 9.14704
0.779568 9.14991
0.779772 9.20971
0.779976 9.21056
0.780179 9.19538
0.780383 9.18609
0.780587 9.18965
0.780791 9.17945
0.780995 9.18501
0.781199 9.1934
0.781403 9.1885
0.781607 9.19548
0.781811 9.19851
0.782015 9.20522
0.782219 9.21267
0.782423 9.21367
0.782626 9.23627
0.78283 9.24693
0.783034 9.25845
0.783238 9.26376
0.783442 9.26835
0.783646 9.27707
0.78385 9.26512
0.784054 9.27115
0.784258 9.279
0.784462 9.28478
0.784666 9.27867
0.784869 9.28827
0.785073 9.29369
0.785277 9.29683
0.785481 9.31114
0.785685 9.32025
0.785889 9.3327
0.786093 9.34165
0.786297 9.34377
0.786501 9.34949
0.786705 9.35628
0.786909 9.35923
0.787113 9.36152
0.787316 9.36799
0.78752 9.37747
0.787724 9.38208
0.787928 9.38696
0.788132 9.36967
0.788336 9.3734
0.78854 9.37715
0.788744 9.38173
0.788948 9.3855
0.789152 9.39155
0.789356 9.40494
0.78956 9.40815
0.789763 9.42555
0.789967 9.42099
0.790171 9.42627
0.790375 9.44437
0.790579 9.44978
0.790783 9.45133
0.790987 9.45314
0.791191 9.44873
0.791395 9.39743
0.791599 9.3208
0.791803 9.15971
0.792007 9.07603
0.79221 8.97912
0.792414 8.9957
0.792618 8.99854
0.792822 9.02693
0.793026 9.03067
0.79323 9.05802
0.793434 9.0617
0.793638 9.06792
0.793842 9.08621
0.794046 9.08362
0.79425 9.08162
0.794454 9.0838
0.794657 9.08948
0.794861 9.09608
0.795065 9.08973
0.795269 9.09385
0.795473 9.09306
0.795677 9.09651
0.795881 9.10489
0.796085 9.10493
0.796289 9.10753
0.796493 9.10958
0.796697 9.13653
0.7969 9.14171
0.797104 9.14737
0.797308 9.15564
0.797512 9.16386
0.797716 9.17011
0.79792 9.14548
0.798124 9.15446
0.798328 9.16817
0.798532 9.17179
0.798736 9.19022
0.79894 9.1962
0.799144 9.19927
0.799347 9.21344
0.799551 9.21523
0.799755 9.23376
0.799959 9.21202
0.800163 9.21529
0.800367 9.21902
0.800571 9.22474
0.800775 9.2499
0.800979 9.26443
0.801183 9.27089
0.801387 9.27655
0.801591 9.28139
0.801794 9.28273
0.801998 9.29453
0.802202 9.30306
0.802406 9.3428
0.80261 9.36099
0.802814 9.30149
0.803018 9.29679
0.803222 9.21777
0.803426 9.05566
0.80363 8.94458
0.803834 8.80751
0.804038 8.82809
0.804241 8.83188
0.804445 8.83958
0.804649 8.84271
0.804853 8.8477
0.805057 8.85232
0.805261 8.85473
0.805465 8.86091
0.805669 8.84611
0.805873 8.85614
0.806077 8.86171
0.806281 8.86814
0.806485 8.87405
0.806688 8.84739
0.806892 8.8729
0.807096 8.88455
0.8073 8.88881
0.807504 8.89864
0.807708 8.90301
0.807912 8.89742
0.808116 8.91729
0.80832 8.92139
0.808524 8.92353
0.808728 8.92836
0.808931 8.9334
0.809135 8.93771
0.809339 8.94405
0.809543 8.95011
0.809747 8.95327
0.809951 8.9583
0.810155 8.94227
0.810359 8.95506
0.810563 8.96082
0.810767 8.96305
0.810971 8.9663
0.811175 8.9793
0.811378 8.98591
0.811582 8.99743
0.811786 9.00194
0.81199 8.9973
0.812194 9.00379
0.812398 9.02988
0.812602 9.03367
0.812806 9.03552
0.81301 9.03848
0.813214 9.04751
0.813418 9.05498
0.813622 9.05855
0.813825 9.06247
0.814029 9.06556
0.814233 9.07579
0.814437 9.09136
0.814641 9.09846
0.814845 9.12525
0.815049 9.07779
0.815253 8.81194
0.815457 8.7861
0.815661 8.78064
0.815865 8.47221
0.816069 8.39483
0.816272 8.39473
0.816476 8.39995
0.81668 8.40453
0.816884 8.40935
0.817088 8.42122
0.817292 8.43289
0.817496 8.3972
0.8177 8.40102
0.817904 8.4042
0.818108 8.40655
0.818312 8.40962
0.818515 8.42027
0.818719 8.42573
0.818923 8.42925
0.819127 8.43888
0.819331 8.44403
0.819535 8.44776
0.819739 8.45298
0.819943 8.45711
0.820147 8.47079
0.820351 8.47383
0.820555 8.47652
0.820759 8.49325
0.820962 8.49734
0.821166 8.50616
0.82137 8.5112
0.821574 8.51971
0.821778 8.52704
0.821982 8.53561
0.822186 8.54006
0.82239 8.54754
0.822594 8.56314
0.822798 8.56491
0.823002 8.57554
0.823206 8.56997
0.823409 8.57247
0.823613 8.58322
0.823817 8.59507
0.824021 8.59864
0.824225 8.61106
0.824429 8.60821
0.824633 8.61226
0.824837 8.61424
0.825041 8.61678
0.825245 8.62475
0.825449 8.6291
0.825653 8.62476
0.825856 8.62793
0.82606 8.66594
0.826264 8.68038
0.826468 8.68447
0.826672 8.68796
0.826876 8.68643
0.82708 8.7003
0.827284 8.71845
0.827488 8.78468
0.827692 8.79675
0.827896 8.80586
0.8281 8.8096
0.828303 8.81484
0.828507 8.82588
0.828711 8.79639
0.828915 8.78226
0.829119 8.75685
0.829323 8.70706
0.829527 8.49397
0.829731 8.49926
0.829935 8.50266
0.830139 8.49686
0.830343 8.50504
0.830546 8.52357
0.83075 8.52696
0.830954 8.53526
0.831158 8.53861
0.831362 8.54201
0.831566 8.55359
0.83177 8.56261
0.831974 8.57048
0.832178 8.57548
0.832382 8.58137
0.832586 8.58563
0.83279 8.59996
0.832993 8.60503
0.833197 8.60887
0.833401 8.61414
0.833605 8.66892
0.833809 8.73814
0.834013 8.74141
0.834217 8.74813
0.834421 8.75746
0.834625 8.76202
0.834829 8.77599
0.835033 8.77871
0.835237 8.78567
0.83544 8.78882
0.835644 8.79427
0.835848 8.82493
0.836052 8.83225
0.836256 8.83657
0.83646 8.83976
0.836664 8.843
0.836868 8.84832
0.837072 8.84507
0.837276 8.87279
0.83748 8.87896
0.837684 8.88433
0.837887 8.89197
0.838091 8.89417
0.838295 8.89634
0.838499 8.90287
0.838703 8.91075
0.838907 8.91697
0.839111 8.92288
0.839315 8.92759
0.839519 8.93368
0.839723 8.93981
0.839927 8.94516
0.840131 8.96086
0.840334 8.96466
0.840538 8.97198
0.840742 8.97185
0.840946 8.97417
0.84115 8.97999
0.841354 8.98609
0.841558 8.9895
0.841762 8.99816
0.841966 9.00713
0.84217 8.98507
0.842374 8.80022
0.842577 8.73239
0.842781 8.65804
0.842985 8.48177
0.843189 8.48574
0.843393 8.48895
0.843597 8.50247
0.843801 8.54114
0.844005 8.54555
0.844209 8.55403
0.844413 8.55789
0.844617 8.56164
0.844821 8.56582
0.845024 8.57765
0.845228 8.58283
0.845432 8.58635
0.845636 8.58895
0.84584 8.59448
0.846044 8.63856
0.846248 8.64772
0.846452 8.63467
0.846656 8.64336
0.84686 8.6479
0.847064 8.6736
0.847268 8.68107
0.847471 8.68205
0.847675 8.68157
0.847879 8.68789
0.848083 8.69118
0.848287 8.70524
0.848491 8.7099
0.848695 8.71251
0.848899 8.71916
0.849103 8.72404
0.849307 8.72729
0.849511 8.73087
0.849715 8.74668
0.849918 8.75572
0.850122 8.76201
0.850326 8.76842
0.85053 8.77433
0.850734 8.76249
0.850938 8.77703
0.851142 8.77699
0.851346 8.78307
0.85155 8.78745
0.851754 8.79098
0.851958 8.79811
0.852162 8.8026
0.852365 8.81236
0.852569 8.81861
0.852773 8.81185
0.852977 8.81548
0.853181 8.81914
0.853385 8.83668
0.853589 8.84368
0.853793 8.89274
0.853997 8.89839
0.854201 8.90326
0.854405 8.90682
0.854608 8.90436
0.854812 8.96051
0.855016 8.964
0.85522 8.96804
0.855424 8.97287
0.855628 8.82232
0.855832 8.7813
0.856036 8.65725
0.85624 8.24918
0.856444 8.06752
0.856648 8.04775
0.856852 8.05182
0.857055 8.05876
0.857259 8.0756
0.857463 8.08773
0.857667 8.09792
0.857871 8.10801
0.858075 8.10869
0.858279 8.13696
0.858483 8.14308
0.858687 8.14774
0.858891 8.16042
0.859095 8.16969
0.859299 8.18178
0.859502 8.18761
0.859706 8.19253
0.85991 8.20006
0.860114 8.2253
0.860318 8.24661
0.860522 8.25623
0.860726 8.28442
0.86093 8.28721
0.861134 8.29157
0.861338 8.29958
0.861542 8.32091
0.861746 8.32803
0.861949 8.34247
0.862153 8.34911
0.862357 8.35493
0.862561 8.36
0.862765 8.38216
0.862969 8.41318
0.863173 8.41888
0.863377 8.42104
0.863581 8.42586
0.863785 8.43013
0.863989 8.48209
0.864192 8.48049
0.864396 8.48577
0.8646 8.4926
0.864804 8.50415
0.865008 8.51528
0.865212 8.52636
0.865416 8.53661
0.86562 8.53994
0.865824 8.54279
0.866028 8.54939
0.866232 8.55507
0.866436 8.58977
0.866639 8.59315
0.866843 8.60591
0.867047 8.60952
0.867251 8.62487
0.867455 8.63663
0.867659 8.6395
0.867863 8.6526
0.868067 8.66689
0.868271 8.67342
0.868475 8.68011
0.868679 8.69142
0.868883 8.69235
0.869086 8.77556
0.86929 8.77963
0.869494 8.78639
0.869698 8.79022
0.869902 8.73528
0.870106 8.42241
0.87031 8.39992
0.870514 8.0612
0.870718 7.98541
0.870922 7.96906
0.871126 7.97415
0.87133 7.97708
0.871533 7.98013
0.871737 7.98453
0.871941 7.98929
0.872145 7.99304
0.872349 8.01116
0.872553 8.01272
0.872757 8.02567
0.872961 8.03243
0.873165 8.03619
0.873369 8.0473
0.873573 8.05448
0.873777 8.05778
0.87398 8.06479
0.874184 8.06678
0.874388 8.09498
0.874592 8.09885
0.874796 8.10466
0.875 8.10982
0.875204 8.11863
0.875408 8.12594
0.875612 8.13416
0.875816 8.15654
0.87602 8.16357
0.876223 8.16777
0.876427 8.16141
0.876631 8.24312
0.876835 8.24572
0.877039 8.2487
0.877243 8.25375
0.877447 8.25843
0.877651 8.262
0.877855 8.28576
0.878059 8.29176
0.878263 8.30499
0.878467 8.30143
0.87867 8.3084
0.878874 8.31429
0.879078 8.32126
0.879282 8.32692
0.879486 8.33002
0.87969 8.33341
0.879894 8.33643
0.880098 8.34171
0.880302 8.34459
0.880506 8.34974
0.88071 8.35408
0.880914 8.35937
0.881117 8.36828
0.881321 8.37632
0.881525 8.38072
0.881729 8.39094
0.881933 8.39717
0.882137 8.38615
0.882341 8.39002
0.882545 8.39464
0.882749 8.41629
0.882953 8.41396
0.883157 8.42121
0.883361 8.42664
0.883564 8.43379
0.883768 8.44137
0.883972 8.45008
0.884176 8.32413
0.88438 8.29826
0.884584 8.31947
0.884788 8.30508
0.884992 8.06928
0.885196 8.05227
0.8854 7.93692
0.885604 7.94065
0.885808 7.94547
0.886011 7.94787
0.886215 7.97894
0.886419 7.98184
0.886623 7.98831
0.886827 7.98769
0.887031 7.99114
0.887235 7.9966
0.887439 8.00786
0.887643 8.01883
0.887847 8.01921
0.888051 8.02952
0.888254 8.03397
0.888458 8.04354
0.888662 8.05041
0.888866 8.06945
0.88907 8.08782
0.889274 8.09358
0.889478 8.10476
0.889682 8.10888
0.889886 8.1184
0.89009 8.1245
0.890294 8.12854
0.890498 8.13087
0.890701 8.13623
0.890905 8.13832
0.891109 8.14473
0.891313 8.14517
0.891517 8.17203
0.891721 8.18041
0.891925 8.19247
0.892129 8.19831
0.892333 8.20564
0.892537 8.20873
0.892741 8.21296
0.892945 8.22164
0.893148 8.22575
0.893352 8.22855
0.893556 8.23441
0.89376 8.23691
0.893964 8.24308
0.894168 8.25384
0.894372 8.25986
0.894576 8.2638
0.89478 8.25947
0.894984 8.26228
0.895188 8.26639
0.895392 8.28881
0.895595 8.29297
0.895799 8.297
0.896003 8.30794
0.896207 8.31442
0.896411 8.32401
0.896615 8.32841
0.896819 8.33675
0.897023 8.37816
0.897227 8.38786
0.897431 8.42917
0.897635 8.44169
0.897838 8.44662
0.898042 8.45174
0.898246 8.45695
0.89845 8.40555
0.898654 8.39334
0.898858 8.29335
0.899062 8.22395
0.899266 7.99344
0.89947 7.97675
0.899674 7.9805
0.899878 7.98393
0.900082 7.99532
0.900285 8.00225
0.900489 8.01271
0.900693 8.05545
0.900897 8.05928
0.901101 8.07203
0.901305 8.077
0.901509 8.08255
0.901713 8.07772
0.901917 8.08108
0.902121 8.08681
0.902325 8.09972
0.902529 8.10399
0.902732 8.11115
0.902936 8.11681
0.90314 8.13024
0.903344 8.13736
0.903548 8.145
0.903752 8.17881
0.903956 8.18471
0.90416 8.19111
0.904364 8.18871
0.904568 8.19404
0.904772 8.19862
0.904976 8.20612
0.905179 8.21013
0.905383 8.2181
0.905587 8.22876
0.905791 8.24899
0.905995 8.26132
0.906199 8.26699
0.906403 8.27938
0.906607 8.28426
0.906811 8.29337
0.907015 8.30033
0.907219 8.30678
0.907423 8.31051
0.907626 8.31265
0.90783 8.31955
0.908034 8.33212
0.908238 8.34306
0.908442 8.35925
0.908646 8.36523
0.90885 8.4
0.909054 8.40638
0.909258 8.41366
0.909462 8.42062
0.909666 8.41769
0.909869 8.42777
0.910073 8.43293
0.910277 8.44175
0.910481 8.44813
0.910685 8.4582
0.910889 8.47219
0.911093 8.47628
0.911297 8.48391
0.911501 8.48855
0.911705 8.48702
0.911909 8.4979
0.912113 8.50664
0.912316 8.51319
0.91252 8.51679
0.912724 8.53517
0.912928 8.39357
0.913132 8.32322
0.913336 8.29811
0.91354 8.29602
0.913744 8.2918
0.913948 8.082
0.914152 8.08649
0.914356 8.12199
0.91456 8.1297
0.914763 8.13368
0.914967 8.14481
0.915171 8.14373
0.915375 8.15496
0.915579 8.16272
0.915783 8.16892
0.915987 8.17855
0.916191 8.2016
0.916395 8.20583
0.916599 8.21319
0.916803 8.23916
0.917007 8.2491
0.91721 8.25322
0.917414 8.25639
0.917618 8.26451
0.917822 8.27574
0.918026 8.28126
0.91823 8.30244
0.918434 8.32489
0.918638 8.34398
0.918842 8.35061
0.919046 8.35706
0.91925 8.36333
0.919454 8.37014
0.919657 8.37387
0.919861 8.38911
0.920065 8.39542
0.920269 8.40423
0.920473 8.40832
0.920677 8.42043
0.920881 8.42737
0.921085 8.45826
0.921289 8.42894
0.921493 8.44048
0.921697 8.44616
0.9219 8.45385
0.922104 8.46031
0.922308 8.46719
0.922512 8.49006
0.922716 8.49995
0.92292 8.51014
0.923124 8.51873
0.923328 8.52434
0.923532 8.53449
0.923736 8.54109
0.92394 8.54598
0.924144 8.55463
0.924347 8.56402
0.924551 8.57125
0.924755 8.5767
0.924959 8.58553
0.925163 8.60361
0.925367 8.62015
0.925571 8.61539
0.925775 8.62891
0.925979 8.63585
0.926183 8.67061
0.926387 8.68056
0.926591 8.68495
0.926794 8.69362
0.926998 8.70068
0.927202 8.70454
0.927406 8.71454
0.92761 8.62367
0.927814 8.63741
0.928018 8.48879
0.928222 8.394
0.928426 8.30176
0.92863 8.20396
0.928834 8.21674
0.929038 8.24076
0.929241 8.24736
0.929445 8.2515
0.929649 8.25499
0.929853 8.25966
0.930057 8.26723
0.930261 8.27519
0.930465 8.28631
0.930669 8.29145
0.930873 8.30093
0.931077 8.31458
0.931281 8.32216
0.931485 8.32699
0.931688 8.33736
0.931892 8.33287
0.932096 8.3442
0.9323 8.35849
0.932504 8.36933
0.932708 8.38214
0.932912 8.39334
0.933116 8.40226
0.93332 8.41834
0.933524 8.43608
0.933728 8.44442
0.933931 8.45079
0.934135 8.46135
0.934339 8.47007
0.934543 8.48055
0.934747 8.4906
0.934951 8.49898
0.935155 8.50629
0.935359 8.52524
0.935563 8.52467
0.935767 8.54706
0.935971 8.56122
0.936175 8.56909
0.936378 8.57688
0.936582 8.58253
0.936786 8.59796
0.93699 8.60593
0.937194 8.6038
0.937398 8.62026
0.937602 8.61755
0.937806 8.63194
0.93801 8.65226
0.938214 8.66284
0.938418 8.66866
0.938622 8.67635
0.938825 8.68242
0.939029 8.73008
0.939233 8.74048
0.939437 8.74314
0.939641 8.75582
0.939845 8.76172
0.940049 8.77784
0.940253 8.81557
0.940457 8.82123
0.940661 8.83067
0.940865 8.84614
0.941069 8.85527
0.941272 8.86858
0.941476 8.88696
0.94168 8.88326
0.941884 8.75532
0.942088 8.44959
0.942292 8.41068
0.942496 8.31299
0.9427 8.29056
0.942904 8.30411
0.943108 8.31325
0.943312 8.32019
0.943515 8.32576
0.943719 8.32349
0.943923 8.33732
0.944127 8.34511
0.944331 8.35598
0.944535 8.36513
0.944739 8.38724
0.944943 8.42895
0.945147 8.43352
0.945351 8.44178
0.945555 8.46173
0.945759 8.49166
0.945962 8.51243
0.946166 8.52674
0.94637 8.5223
0.946574 8.52833
0.946778 8.53738
0.946982 8.5506
0.947186 8.56139
0.94739 8.58842
0.947594 8.59454
0.947798 8.62737
0.948002 8.63441
0.948206 8.65353
0.948409 8.66425
0.948613 8.67321
0.948817 8.681
0.949021 8.68864
0.949225 8.70353
0.949429 8.71593
0.949633 8.73624
0.949837 8.74045
0.950041 8.73733
0.950245 8.74386
0.950449 8.84908
0.950653 8.85424
0.950856 8.86766
0.95106 8.88841
0.951264 8.90458
0.951468 8.92126
0.951672 8.91087
0.951876 8.92111
0.95208 8.9325
0.952284 8.93887
0.952488 8.95241
0.952692 8.96198
0.952896 8.97452
0.9531 9.00064
0.953303 9.03124
0.953507 9.05486
0.953711 9.07032
0.953915 9.09646
0.954119 9.10844
0.954323 9.12818
0.954527 9.14477
0.954731 9.14994
0.954935 9.1641
0.955139 9.12363
0.955343 8.96927
0.955546 8.91578
0.95575 8.90459
0.955954 8.70009
0.956158 8.7034
0.956362 8.71253
0.956566 8.73599
0.95677 8.7447
0.956974 8.75895
0.957178 8.80105
0.957382 8.83851
0.957586 8.85148
0.95779 8.88086
0.957993 8.89031
0.958197 9.06358
0.958401 9.09721
0.958605 9.10779
0.958809 9.14207
0.959013 9.14637
0.959217 9.15536
0.959421 9.16507
0.959625 9.1768
0.959829 9.18337
0.960033 9.22049
0.960237 9.23852
0.96044 9.27692
0.960644 9.29485
0.960848 9.36114
0.961052 9.3982
0.961256 9.40468
0.96146 9.41058
0.961664 9.42396
0.961868 9.45584
0.962072 9.47123
0.962276 9.51618
0.96248 9.51728
0.962684 9.53173
0.962887 9.54304
0.963091 9.60685
0.963295 9.62464
0.963499 9.63784
0.963703 9.65404
0.963907 9.66267
0.964111 9.65892
0.964315 9.67988
0.964519 9.70898
0.964723 9.75614
0.964927 9.78125
0.965131 9.80782
0.965334 9.82216
0.965538 9.86815
0.965742 9.93719
0.965946 9.94453
0.96615 9.93948
0.966354 10.0427
0.966558 10.0609
0.966762 10.107
0.966966 10.1131
0.96717 10.1252
0.967374 10.1498
0.967577 10.1611
0.967781 10.1867
0.967985 10.2075
0.968189 10.189
0.968393 9.63207
0.968597 9.6308
0.968801 8.93618
0.969005 8.79861
0.969209 8.84923
0.969413 8.86372
0.969617 8.88163
0.969821 8.90395
0.970024 8.95207
0.970228 8.93423
0.970432 9.01298
0.970636 9.02516
0.97084 9.05177
0.971044 9.07856
0.971248 9.10565
0.971452 9.1282
0.971656 9.18585
0.97186 9.19709
0.972064 9.20184
0.972268 9.19143
0.972471 9.20846
0.972675 9.21964
0.972879 9.24964
0.973083 9.32664
0.973287 9.33589
0.973491 9.35285
0.973695 9.40331
0.973899 9.53796
0.974103 9.58209
0.974307 9.60715
0.974511 9.6277
0.974715 9.64468
0.974918 9.6605
0.975122 9.68012
0.975326 9.68901
0.97553 9.745
0.975734 9.7649
0.975938 9.84166
0.976142 9.87557
0.976346 9.93747
0.97655 9.96093
0.976754 9.99247
0.976958 10.0378
0.977162 10.1898
0.977365 10.3669
0.977569 10.3945
0.977773 10.4228
0.977977 10.4467
0.978181 10.4837
0.978385 10.5275
0.978589 10.5663
0.978793 10.6022
0.978997 10.6311
0.979201 10.6629
0.979405 10.7198
0.979608 10.7333
0.979812 10.8056
0.980016 10.8722
0.98022 10.9165
0.980424 10.9827
0.980628 11.0161
0.980832 11.0304
0.981036 10.9126
0.98124 10.536
0.981444 10.0817
0.981648 9.87937
0.981852 9.92058
0.982055 9.94444
0.982259 9.98402
0.982463 10.0493
0.982667 10.0757
0.982871 10.1148
0.983075 10.1548
0.983279 10.1742
0.983483 10.2057
0.983687 10.2873
0.983891 10.3426
0.984095 10.3763
0.984299 10.5547
0.984502 10.5665
0.984706 10.7335
0.98491 10.8114
0.985114 10.8668
0.985318 10.8983
0.985522 11.0131
0.985726 11.0799
0.98593 11.218
0.986134 11.251
0.986338 11.259
0.986542 11.3103
0.986746 11.3411
0.986949 11.4202
0.987153 11.4836
0.987357 11.698
0.987561 11.8098
0.987765 11.8925
0.987969 11.9702
0.988173 12.4286
0.988377 12.4922
0.988581 12.5583
0.988785 12.6356
0.988989 12.7068
0.989192 12.8374
0.989396 12.8382
0.9896 12.4803
0.989804 12.5634
0.990008 12.697
0.990212 13.2767
0.990416 13.361
0.99062 13.6409
0.990824 13.5967
0.991028 13.7108
0.991232 14.1764
0.991436 10.4032
0.991639 9.57542
0.991843 8.27707
0.992047 8.22006
0.992251 8.27589
0.992455 8.51659
0.992659 8.57013
0.992863 8.61257
0.993067 8.6058
0.993271 8.64739
0.993475 8.69263
0.993679 8.73191
0.993883 8.76218
0.994086 8.83568
0.99429 8.92808
0.994494 9.02156
0.994698 9.11836
0.994902 9.19325
0.995106 9.24845
0.99531 9.75816
0.995514 10.0346
0.995718 10.3401
0.995922 10.479
0.996126 10.8752
0.99633 11.2124
0.996533 11.4144
0.996737 11.8997
0.996941 12.4504
0.997145 12.6469
0.997349 12.9124
0.997553 13.5645
0.997757 14.3707
0.997961 14.8249
0.998165 15.5043
0.998369 17.5266
0.998573 23.4262
0.998777 24.7054
0.99898 43.9096
0.999184 16.5223
0.999388 14.7812
0.999592 5
0.999796 -nan
