0 1
0.000222917 1
0.000445833 1
0.00066875 1
0.000891667 1
0.00111458 1
0.0013375 1
0.00156042 1
0.00178333 1
0.00200625 1
0.00222917 1
0.00245208 1
0.002675 1
0.00289792 1
0.00312083 1
0.00334375 1
0.00356667 1
0.00378958 1
0.0040125 1
0.00423542 1.01199
0.00445833 1.01259
0.00468125 1.01319
0.00490417 1.01379
0.00512708 1.01439
0.00535 1.01499
0.00557292 1.01559
0.00579584 1.01619
0.00601875 1.01678
0.00624167 1.01738
0.00646459 1.01798
0.0066875 1.01858
0.00691042 1.01918
0.00713334 1.01978
0.00735625 1.02038
0.00757917 1.02098
0.00780209 1.02158
0.008025 1.02218
0.00824792 1.02278
0.00847084 1.02337
0.00869375 1.02397
0.00891667 1.02455
0.00913959 1.02515
0.0093625 1.02575
0.00958542 1.02635
0.00980834 1.02695
0.0100313 1.02755
0.0102542 1.02814
0.0104771 1.02872
0.0107 1.02932
0.0109229 1.02992
0.0111458 1.03052
0.0113688 1.03111
0.0115917 1.03171
0.0118146 1.03231
0.0120375 1.03289
0.0122604 1.03348
0.0124833 1.03408
0.0127063 1.03467
0.0129292 1.03527
0.0131521 1.03587
0.013375 1.03646
0.0135979 1.03706
0.0138208 1.03764
0.0140438 1.03823
0.0142667 1.03881
0.0144896 1.03941
0.0147125 1.04001
0.0149354 1.0406
0.0151583 1.04118
0.0153813 1.04178
0.0156042 1.04237
0.0158271 1.04297
0.01605 1.04357
0.0162729 1.04415
0.0164958 1.04474
0.0167188 1.04534
0.0169417 1.04592
0.0171646 1.04651
0.0173875 1.0471
0.0176104 1.04768
0.0178333 1.04827
0.0180563 1.04885
0.0182792 1.04942
0.0185021 1.05002
0.018725 1.05062
0.0189479 1.05122
0.0191708 1.05182
0.0193938 1.0524
0.0196167 1.05298
0.0198396 1.05358
0.0200625 1.05415
0.0202854 1.05472
0.0205083 1.0553
0.0207313 1.05589
0.0209542 1.05644
0.0211771 1.05703
0.0214 1.05758
0.0216229 1.05816
0.0218458 1.05873
0.0220688 1.05933
0.0222917 1.05992
0.0225146 1.06047
0.0227375 1.06103
0.0229604 1.06161
0.0231833 1.06221
0.0234063 1.0628
0.0236292 1.06338
0.0238521 1.06395
0.024075 1.06452
0.0242979 1.06509
0.0245208 1.06568
0.0247438 1.06624
0.0249667 1.06683
0.0251896 1.06738
0.0254125 1.06796
0.0256354 1.06854
0.0258583 1.06912
0.0260813 1.06969
0.0263042 1.07026
0.0265271 1.07084
0.02675 1.07143
0.0269729 1.07199
0.0271958 1.07258
0.0274188 1.07313
0.0276417 1.07371
0.0278646 1.07429
0.0280875 1.07487
0.0283104 1.07543
0.0285333 1.07602
0.0287563 1.0766
0.0289792 1.07718
0.0292021 1.07778
0.029425 1.07837
0.0296479 1.07894
0.0298708 1.07952
0.0300938 1.0801
0.0303167 1.08067
0.0305396 1.08124
0.0307625 1.08182
0.0309854 1.08238
0.0312083 1.08296
0.0314313 1.08354
0.0316542 1.0841
0.0318771 1.08468
0.0321 1.08522
0.0323229 1.0858
0.0325458 1.08637
0.0327688 1.08694
0.0329917 1.08751
0.0332146 1.08807
0.0334375 1.08863
0.0336604 1.08918
0.0338833 1.08977
0.0341063 1.09035
0.0343292 1.09091
0.0345521 1.09148
0.034775 1.09201
0.0349979 1.09258
0.0352208 1.09315
0.0354438 1.09372
0.0356667 1.0943
0.0358896 1.09487
0.0361125 1.09542
0.0363354 1.096
0.0365583 1.09657
0.0367813 1.09714
0.0370042 1.09772
0.0372271 1.09828
0.03745 1.09885
0.0376729 1.09941
0.0378958 1.104
0.0381188 1.10462
0.0383417 1.10524
0.0385646 1.10587
0.0387875 1.1065
0.0390104 1.10712
0.0392333 1.10772
0.0394563 1.10835
0.0396792 1.10896
0.0399021 1.10959
0.040125 1.1102
0.0403479 1.11083
0.0405708 1.11145
0.0407938 1.11208
0.0410167 1.11269
0.0412396 1.11331
0.0414625 1.11392
0.0416854 1.11457
0.0419083 1.11521
0.0421313 1.11584
0.0423542 1.11646
0.0425771 1.11709
0.0428 1.11771
0.0430229 1.11833
0.0432458 1.11898
0.0434688 1.11962
0.0436917 1.12024
0.0439146 1.12087
0.0441375 1.12152
0.0443604 1.12213
0.0445833 1.12273
0.0448063 1.12338
0.0450292 1.124
0.0452521 1.12461
0.045475 1.12523
0.0456979 1.12587
0.0459208 1.12652
0.0461438 1.12716
0.0463667 1.1278
0.0465896 1.12843
0.0468125 1.12908
0.0470354 1.12971
0.0472583 1.13036
0.0474813 1.13099
0.0477042 1.13163
0.0479271 1.13226
0.04815 1.13288
0.0483729 1.13352
0.0485958 1.13416
0.0488188 1.1348
0.0490417 1.13543
0.0492646 1.13606
0.0494875 1.1367
0.0497104 1.13732
0.0499333 1.13795
0.0501563 1.13856
0.0503792 1.13919
0.0506021 1.13984
0.050825 1.14049
0.0510479 1.14115
0.0512708 1.14178
0.0514938 1.14242
0.0517167 1.14305
0.0519396 1.14369
0.0521625 1.14432
0.0523854 1.14495
0.0526083 1.14559
0.0528313 1.14621
0.0530542 1.14684
0.0532771 1.14751
0.0535 1.14815
0.0537229 1.1488
0.0539458 1.14945
0.0541688 1.15009
0.0543917 1.15072
0.0546146 1.15137
0.0548375 1.15203
0.0550604 1.15268
0.0552833 1.15331
0.0555063 1.15394
0.0557292 1.1546
0.0559521 1.15523
0.056175 1.15591
0.0563979 1.15656
0.0566208 1.15719
0.0568438 1.15783
0.0570667 1.15846
0.0572896 1.15909
0.0575125 1.15972
0.0577354 1.16036
0.0579584 1.16101
0.0581813 1.16164
0.0584042 1.16232
0.0586271 1.16293
0.05885 1.16358
0.0590729 1.16421
0.0592959 1.16486
0.0595188 1.16552
0.0597417 1.16618
0.0599646 1.16685
0.0601875 1.16751
0.0604104 1.16814
0.0606334 1.16881
0.0608563 1.16947
0.0610792 1.17012
0.0613021 1.17078
0.061525 1.17144
0.0617479 1.17208
0.0619709 1.17272
0.0621938 1.17336
0.0624167 1.17399
0.0626396 1.17465
0.0628625 1.1753
0.0630854 1.17593
0.0633084 1.17655
0.0635313 1.17719
0.0637542 1.17784
0.0639771 1.179
0.0642 1.17965
0.0644229 1.18034
0.0646459 1.18098
0.0648688 1.18164
0.0650917 1.18227
0.0653146 1.18293
0.0655375 1.1836
0.0657604 1.18425
0.0659834 1.18495
0.0662063 1.18562
0.0664292 1.18627
0.0666521 1.18692
0.066875 1.18759
0.0670979 1.18823
0.0673209 1.18891
0.0675438 1.18957
0.0677667 1.19026
0.0679896 1.19093
0.0682125 1.1916
0.0684354 1.19227
0.0686584 1.19297
0.0688813 1.19367
0.0691042 1.19436
0.0693271 1.19501
0.06955 1.19571
0.0697729 1.19639
0.0699959 1.19707
0.0702188 1.19775
0.0704417 1.19838
0.0706646 1.19905
0.0708875 1.19972
0.0711104 1.2004
0.0713334 1.20106
0.0715563 1.20173
0.0717792 1.20239
0.0720021 1.20307
0.072225 1.20375
0.0724479 1.20442
0.0726709 1.20511
0.0728938 1.20577
0.0731167 1.20646
0.0733396 1.20713
0.0735625 1.20783
0.0737854 1.20848
0.0740084 1.20911
0.0742313 1.20982
0.0744542 1.21048
0.0746771 1.21116
0.0749 1.21184
0.0751229 1.21248
0.0753459 1.21313
0.0755688 1.21384
0.0757917 1.21451
0.0760146 1.21522
0.0762375 1.21592
0.0764604 1.21659
0.0766834 1.21727
0.0769063 1.21795
0.0771292 1.21861
0.0773521 1.21928
0.077575 1.21997
0.0777979 1.22067
0.0780209 1.22132
0.0782438 1.22199
0.0784667 1.22268
0.0786896 1.22337
0.0789125 1.22401
0.0791354 1.22474
0.0793584 1.2254
0.0795813 1.22607
0.0798042 1.22677
0.0800271 1.22745
0.08025 1.22812
0.0804729 1.2288
0.0806959 1.22952
0.0809188 1.23027
0.0811417 1.23097
0.0813646 1.23164
0.0815875 1.23235
0.0818104 1.23304
0.0820334 1.23374
0.0822563 1.23443
0.0824792 1.2351
0.0827021 1.23579
0.082925 1.23648
0.0831479 1.23718
0.0833709 1.23786
0.0835938 1.23855
0.0838167 1.23926
0.0840396 1.23998
0.0842625 1.24066
0.0844854 1.24134
0.0847084 1.24206
0.0849313 1.2428
0.0851542 1.24345
0.0853771 1.24415
0.0856 1.24482
0.0858229 1.2455
0.0860459 1.24618
0.0862688 1.24687
0.0864917 1.24754
0.0867146 1.24825
0.0869375 1.24897
0.0871604 1.24968
0.0873834 1.25042
0.0876063 1.25107
0.0878292 1.25178
0.0880521 1.25248
0.088275 1.25318
0.0884979 1.25389
0.0887209 1.2546
0.0889438 1.2553
0.0891667 1.25601
0.0893896 1.25673
0.0896125 1.25744
0.0898354 1.25812
0.0900584 1.25881
0.0902813 1.25952
0.0905042 1.26023
0.0907271 1.26092
0.09095 1.26162
0.0911729 1.26233
0.0913959 1.26307
0.0916188 1.26377
0.0918417 1.26447
0.0920646 1.26518
0.0922875 1.26582
0.0925104 1.26652
0.0927334 1.26721
0.0929563 1.26792
0.0931792 1.26859
0.0934021 1.26934
0.093625 1.27011
0.0938479 1.27081
0.0940709 1.27151
0.0942938 1.27223
0.0945167 1.27295
0.0947396 1.2737
0.0949625 1.2744
0.0951854 1.27511
0.0954084 1.27586
0.0956313 1.2766
0.0958542 1.27731
0.0960771 1.278
0.0963 1.2787
0.0965229 1.27945
0.0967459 1.2802
0.0969688 1.28091
0.0971917 1.28164
0.0974146 1.28233
0.0976375 1.28305
0.0978604 1.28376
0.0980834 1.28448
0.0983063 1.28521
0.0985292 1.28591
0.0987521 1.28666
0.098975 1.28739
0.0991979 1.28812
0.0994209 1.28884
0.0996438 1.28952
0.0998667 1.29021
0.10009 1.29097
0.100313 1.29167
0.100535 1.29238
0.100758 1.29309
0.100981 1.29379
0.101204 1.29448
0.101427 1.29522
0.10165 1.29595
0.101873 1.29669
0.102096 1.29746
0.102319 1.29857
0.102542 1.29929
0.102765 1.30002
0.102988 1.30074
0.10321 1.3015
0.103433 1.30221
0.103656 1.30294
0.103879 1.30368
0.104102 1.3044
0.104325 1.30515
0.104548 1.3059
0.104771 1.30661
0.104994 1.30737
0.105217 1.30809
0.10544 1.30883
0.105663 1.30953
0.105885 1.31033
0.106108 1.31106
0.106331 1.31178
0.106554 1.31256
0.106777 1.31329
0.107 1.31402
0.107223 1.31473
0.107446 1.31546
0.107669 1.31618
0.107892 1.31696
0.108115 1.31771
0.108338 1.31842
0.10856 1.31918
0.108783 1.31994
0.109006 1.32066
0.109229 1.3214
0.109452 1.32219
0.109675 1.32295
0.109898 1.32367
0.110121 1.32441
0.110344 1.32517
0.110567 1.32591
0.11079 1.32668
0.111013 1.32746
0.111235 1.32821
0.111458 1.32896
0.111681 1.32971
0.111904 1.33048
0.112127 1.33125
0.11235 1.33197
0.112573 1.33269
0.112796 1.33346
0.113019 1.33424
0.113242 1.335
0.113465 1.33576
0.113688 1.33653
0.11391 1.33731
0.114133 1.33809
0.114356 1.33882
0.114579 1.33962
0.114802 1.34036
0.115025 1.3411
0.115248 1.34184
0.115471 1.3426
0.115694 1.34335
0.115917 1.3441
0.11614 1.34488
0.116363 1.34565
0.116585 1.34642
0.116808 1.34723
0.117031 1.34795
0.117254 1.34876
0.117477 1.34956
0.1177 1.35034
0.117923 1.35116
0.118146 1.35195
0.118369 1.35274
0.118592 1.3535
0.118815 1.35428
0.119038 1.35504
0.11926 1.35582
0.119483 1.35662
0.119706 1.35738
0.119929 1.35817
0.120152 1.35895
0.120375 1.35974
0.120598 1.36055
0.120821 1.36132
0.121044 1.36206
0.121267 1.36281
0.12149 1.36361
0.121713 1.36438
0.121935 1.36513
0.122158 1.36588
0.122381 1.36664
0.122604 1.36741
0.122827 1.36827
0.12305 1.36904
0.123273 1.36983
0.123496 1.37062
0.123719 1.37141
0.123942 1.3722
0.124165 1.37301
0.124388 1.37379
0.12461 1.37455
0.124833 1.37538
0.125056 1.37619
0.125279 1.37701
0.125502 1.3778
0.125725 1.37854
0.125948 1.37935
0.126171 1.38019
0.126394 1.38095
0.126617 1.38176
0.12684 1.38258
0.127063 1.38335
0.127285 1.38411
0.127508 1.38487
0.127731 1.38562
0.127954 1.38639
0.128177 1.38717
0.1284 1.388
0.128623 1.38878
0.128846 1.38957
0.129069 1.39037
0.129292 1.39112
0.129515 1.39198
0.129738 1.39275
0.12996 1.39359
0.130183 1.39436
0.130406 1.39511
0.130629 1.39587
0.130852 1.39665
0.131075 1.39742
0.131298 1.39821
0.131521 1.39906
0.131744 1.39988
0.131967 1.4007
0.13219 1.4015
0.132413 1.4023
0.132635 1.40314
0.132858 1.40396
0.133081 1.40468
0.133304 1.40551
0.133527 1.40628
0.13375 1.40711
0.133973 1.40793
0.134196 1.40873
0.134419 1.40946
0.134642 1.41028
0.134865 1.41114
0.135088 1.41193
0.13531 1.41273
0.135533 1.41355
0.135756 1.41434
0.135979 1.41516
0.136202 1.41596
0.136425 1.41678
0.136648 1.4176
0.136871 1.41849
0.137094 1.41925
0.137317 1.42
0.13754 1.42077
0.137763 1.42158
0.137985 1.42239
0.138208 1.42319
0.138431 1.42396
0.138654 1.42482
0.138877 1.4256
0.1391 1.42642
0.139323 1.42726
0.139546 1.42814
0.139769 1.42894
0.139992 1.42976
0.140215 1.4306
0.140438 1.43145
0.14066 1.43228
0.140883 1.4331
0.141106 1.43391
0.141329 1.43472
0.141552 1.4355
0.141775 1.43634
0.141998 1.43716
0.142221 1.43799
0.142444 1.43884
0.142667 1.43965
0.14289 1.44047
0.143113 1.44136
0.143335 1.44217
0.143558 1.44306
0.143781 1.44391
0.144004 1.44471
0.144227 1.44556
0.14445 1.44638
0.144673 1.44725
0.144896 1.44805
0.145119 1.44887
0.145342 1.44973
0.145565 1.45059
0.145788 1.45138
0.14601 1.45217
0.146233 1.453
0.146456 1.45379
0.146679 1.4547
0.146902 1.45553
0.147125 1.45643
0.147348 1.45726
0.147571 1.45809
0.147794 1.45895
0.148017 1.45984
0.14824 1.46062
0.148463 1.46142
0.148685 1.46225
0.148908 1.46306
0.149131 1.46395
0.149354 1.46479
0.149577 1.46564
0.1498 1.46659
0.150023 1.46744
0.150246 1.46826
0.150469 1.46912
0.150692 1.47001
0.150915 1.47087
0.151138 1.47177
0.15136 1.47259
0.151583 1.47345
0.151806 1.47429
0.152029 1.47517
0.152252 1.47598
0.152475 1.47688
0.152698 1.47776
0.152921 1.47868
0.153144 1.47948
0.153367 1.48032
0.15359 1.48115
0.153813 1.48202
0.154035 1.48284
0.154258 1.48364
0.154481 1.4845
0.154704 1.4854
0.154927 1.48629
0.15515 1.48714
0.155373 1.48803
0.155596 1.4889
0.155819 1.48979
0.156042 1.49073
0.156265 1.49153
0.156488 1.49231
0.15671 1.49323
0.156933 1.49411
0.157156 1.49491
0.157379 1.49583
0.157602 1.49665
0.157825 1.49754
0.158048 1.49838
0.158271 1.49924
0.158494 1.50013
0.158717 1.50095
0.15894 1.50181
0.159163 1.50264
0.159385 1.50351
0.159608 1.50438
0.159831 1.50523
0.160054 1.50605
0.160277 1.50688
0.1605 1.50779
0.160723 1.50862
0.160946 1.5095
0.161169 1.51033
0.161392 1.51121
0.161615 1.51212
0.161838 1.513
0.16206 1.51386
0.162283 1.5147
0.162506 1.51553
0.162729 1.51643
0.162952 1.51738
0.163175 1.5183
0.163398 1.51919
0.163621 1.5201
0.163844 1.52093
0.164067 1.52184
0.16429 1.52266
0.164513 1.52353
0.164735 1.52439
0.164958 1.52524
0.165181 1.52616
0.165404 1.5271
0.165627 1.528
0.16585 1.52892
0.166073 1.52986
0.166296 1.53073
0.166519 1.53156
0.166742 1.53248
0.166965 1.53328
0.167188 1.53421
0.16741 1.53508
0.167633 1.53593
0.167856 1.53684
0.168079 1.5377
0.168302 1.53864
0.168525 1.53952
0.168748 1.54037
0.168971 1.54123
0.169194 1.5422
0.169417 1.54314
0.16964 1.544
0.169863 1.54504
0.170085 1.54593
0.170308 1.54683
0.170531 1.54763
0.170754 1.54853
0.170977 1.54938
0.1712 1.55028
0.171423 1.55113
0.171646 1.552
0.171869 1.55292
0.172092 1.55568
0.172315 1.55663
0.172538 1.5576
0.17276 1.5585
0.172983 1.5594
0.173206 1.56029
0.173429 1.56126
0.173652 1.56221
0.173875 1.56311
0.174098 1.56406
0.174321 1.565
0.174544 1.56592
0.174767 1.56687
0.17499 1.56786
0.175213 1.56881
0.175435 1.56968
0.175658 1.5706
0.175881 1.57151
0.176104 1.57244
0.176327 1.57336
0.17655 1.57433
0.176773 1.5752
0.176996 1.57613
0.177219 1.57703
0.177442 1.57795
0.177665 1.57891
0.177888 1.57985
0.17811 1.5808
0.178333 1.58175
0.178556 1.58272
0.178779 1.58366
0.179002 1.58456
0.179225 1.58547
0.179448 1.5864
0.179671 1.58739
0.179894 1.58829
0.180117 1.58929
0.18034 1.59027
0.180563 1.59123
0.180785 1.59214
0.181008 1.59307
0.181231 1.59405
0.181454 1.5949
0.181677 1.59591
0.1819 1.59683
0.182123 1.59781
0.182346 1.59872
0.182569 1.59969
0.182792 1.60061
0.183015 1.60153
0.183238 1.60245
0.18346 1.60347
0.183683 1.60441
0.183906 1.60537
0.184129 1.60633
0.184352 1.60727
0.184575 1.60825
0.184798 1.60923
0.185021 1.61025
0.185244 1.61128
0.185467 1.61225
0.18569 1.61324
0.185913 1.61422
0.186135 1.61517
0.186358 1.61608
0.186581 1.61704
0.186804 1.61804
0.187027 1.61896
0.18725 1.61994
0.187473 1.62087
0.187696 1.62189
0.187919 1.62288
0.188142 1.62381
0.188365 1.62481
0.188588 1.62581
0.18881 1.62685
0.189033 1.62777
0.189256 1.62881
0.189479 1.62985
0.189702 1.63085
0.189925 1.63178
0.190148 1.6328
0.190371 1.63374
0.190594 1.63475
0.190817 1.6357
0.19104 1.63667
0.191263 1.63773
0.191485 1.63868
0.191708 1.6397
0.191931 1.64065
0.192154 1.64164
0.192377 1.64261
0.1926 1.64362
0.192823 1.64464
0.193046 1.64567
0.193269 1.64665
0.193492 1.64761
0.193715 1.64855
0.193938 1.6495
0.19416 1.65059
0.194383 1.65153
0.194606 1.65249
0.194829 1.65334
0.195052 1.65433
0.195275 1.65542
0.195498 1.65635
0.195721 1.65732
0.195944 1.65833
0.196167 1.6594
0.19639 1.66048
0.196613 1.66143
0.196835 1.66251
0.197058 1.66354
0.197281 1.6646
0.197504 1.66563
0.197727 1.66667
0.19795 1.66781
0.198173 1.66893
0.198396 1.66996
0.198619 1.671
0.198842 1.67201
0.199065 1.67301
0.199288 1.6741
0.19951 1.67513
0.199733 1.67611
0.199956 1.67714
0.200179 1.67813
0.200402 1.6793
0.200625 1.68044
0.200848 1.68153
0.201071 1.68255
0.201294 1.68358
0.201517 1.68465
0.20174 1.68564
0.201963 1.68664
0.202185 1.68764
0.202408 1.68872
0.202631 1.6898
0.202854 1.69077
0.203077 1.69176
0.2033 1.6928
0.203523 1.69385
0.203746 1.6949
0.203969 1.69593
0.204192 1.697
0.204415 1.69806
0.204638 1.69908
0.20486 1.70023
0.205083 1.70127
0.205306 1.70239
0.205529 1.70337
0.205752 1.70438
0.205975 1.70543
0.206198 1.70648
0.206421 1.70749
0.206644 1.70851
0.206867 1.70953
0.20709 1.71063
0.207313 1.71169
0.207535 1.71274
0.207758 1.71381
0.207981 1.7148
0.208204 1.71577
0.208427 1.71676
0.20865 1.71786
0.208873 1.71887
0.209096 1.71997
0.209319 1.72105
0.209542 1.72215
0.209765 1.72321
0.209988 1.72429
0.21021 1.72532
0.210433 1.7264
0.210656 1.72746
0.210879 1.7284
0.211102 1.72949
0.211325 1.73041
0.211548 1.73151
0.211771 1.73261
0.211994 1.73366
0.212217 1.73474
0.21244 1.73587
0.212663 1.73685
0.212885 1.73798
0.213108 1.7391
0.213331 1.74016
0.213554 1.74121
0.213777 1.74226
0.214 1.74327
0.214223 1.74431
0.214446 1.74708
0.214669 1.74815
0.214892 1.74932
0.215115 1.75032
0.215338 1.75139
0.21556 1.75248
0.215783 1.75362
0.216006 1.7547
0.216229 1.75577
0.216452 1.75698
0.216675 1.75793
0.216898 1.75907
0.217121 1.76013
0.217344 1.76121
0.217567 1.7623
0.21779 1.76348
0.218013 1.76469
0.218235 1.76577
0.218458 1.7669
0.218681 1.76806
0.218904 1.7692
0.219127 1.77034
0.21935 1.77149
0.219573 1.77259
0.219796 1.77366
0.220019 1.77479
0.220242 1.77595
0.220465 1.77699
0.220688 1.77819
0.22091 1.77925
0.221133 1.7804
0.221356 1.7816
0.221579 1.78272
0.221802 1.7839
0.222025 1.78502
0.222248 1.78609
0.222471 1.78725
0.222694 1.78835
0.222917 1.78949
0.22314 1.79069
0.223363 1.7918
0.223585 1.79279
0.223808 1.794
0.224031 1.79508
0.224254 1.79616
0.224477 1.79734
0.2247 1.79851
0.224923 1.79958
0.225146 1.80067
0.225369 1.80183
0.225592 1.80305
0.225815 1.80423
0.226038 1.80544
0.22626 1.8065
0.226483 1.80764
0.226706 1.80883
0.226929 1.81016
0.227152 1.81135
0.227375 1.8129
0.227598 1.81404
0.227821 1.81518
0.228044 1.81623
0.228267 1.8174
0.22849 1.81856
0.228713 1.81977
0.228935 1.82098
0.229158 1.82214
0.229381 1.82336
0.229604 1.82448
0.229827 1.82565
0.23005 1.82681
0.230273 1.82794
0.230496 1.82913
0.230719 1.83028
0.230942 1.83139
0.231165 1.83268
0.231388 1.83379
0.23161 1.83496
0.231833 1.83618
0.232056 1.83735
0.232279 1.83846
0.232502 1.83956
0.232725 1.84067
0.232948 1.84186
0.233171 1.84321
0.233394 1.84444
0.233617 1.84567
0.23384 1.84705
0.234063 1.84823
0.234285 1.84937
0.234508 1.85051
0.234731 1.85169
0.234954 1.85305
0.235177 1.85418
0.2354 1.85542
0.235623 1.85661
0.235846 1.85783
0.236069 1.85905
0.236292 1.86015
0.236515 1.86137
0.236738 1.86264
0.23696 1.86388
0.237183 1.86517
0.237406 1.8664
0.237629 1.86758
0.237852 1.86876
0.238075 1.86997
0.238298 1.87116
0.238521 1.87229
0.238744 1.87347
0.238967 1.87466
0.23919 1.87589
0.239413 1.8771
0.239635 1.87839
0.239858 1.87963
0.240081 1.88076
0.240304 1.88191
0.240527 1.88303
0.24075 1.88426
0.240973 1.8854
0.241196 1.8867
0.241419 1.88787
0.241642 1.8891
0.241865 1.8902
0.242088 1.89136
0.24231 1.89249
0.242533 1.89384
0.242756 1.89503
0.242979 1.89628
0.243202 1.89747
0.243425 1.89872
0.243648 1.89986
0.243871 1.90128
0.244094 1.90248
0.244317 1.90364
0.24454 1.90483
0.244763 1.90616
0.244985 1.90728
0.245208 1.90854
0.245431 1.90984
0.245654 1.91121
0.245877 1.91241
0.2461 1.91388
0.246323 1.91517
0.246546 1.91657
0.246769 1.91783
0.246992 1.91915
0.247215 1.92047
0.247438 1.92174
0.24766 1.92306
0.247883 1.92428
0.248106 1.92541
0.248329 1.92676
0.248552 1.92799
0.248775 1.92928
0.248998 1.93059
0.249221 1.93207
0.249444 1.93335
0.249667 1.93462
0.24989 1.93594
0.250113 1.93721
0.250335 1.93849
0.250558 1.93984
0.250781 1.94101
0.251004 1.94224
0.251227 1.94348
0.25145 1.94483
0.251673 1.94619
0.251896 1.94753
0.252119 1.94894
0.252342 1.95021
0.252565 1.9514
0.252788 1.95262
0.25301 1.95392
0.253233 1.95507
0.253456 1.95636
0.253679 1.95773
0.253902 1.95912
0.254125 1.96041
0.254348 1.96165
0.254571 1.96297
0.254794 1.96426
0.255017 1.96561
0.25524 1.96697
0.255463 1.96837
0.255685 1.96971
0.255908 1.97101
0.256131 1.97236
0.256354 1.97368
0.256577 1.97497
0.2568 1.9762
0.257023 1.97764
0.257246 1.97895
0.257469 1.98024
0.257692 1.98172
0.257915 1.98311
0.258138 1.98436
0.25836 1.98652
0.258583 1.98788
0.258806 1.98914
0.259029 1.99056
0.259252 1.99188
0.259475 1.99338
0.259698 1.99476
0.259921 1.99604
0.260144 1.99758
0.260367 1.99892
0.26059 2.00014
0.260813 2.00144
0.261035 2.00283
0.261258 2.00411
0.261481 2.00548
0.261704 2.00676
0.261927 2.00817
0.26215 2.00946
0.262373 2.01095
0.262596 2.01236
0.262819 2.01366
0.263042 2.01506
0.263265 2.01643
0.263488 2.01789
0.26371 2.0192
0.263933 2.02065
0.264156 2.02218
0.264379 2.0235
0.264602 2.02492
0.264825 2.02631
0.265048 2.02787
0.265271 2.02903
0.265494 2.03045
0.265717 2.03188
0.26594 2.03313
0.266163 2.03453
0.266385 2.03607
0.266608 2.03758
0.266831 2.03909
0.267054 2.04037
0.267277 2.04178
0.2675 2.04308
0.267723 2.04443
0.267946 2.04573
0.268169 2.04737
0.268392 2.04874
0.268615 2.05006
0.268838 2.05154
0.26906 2.05307
0.269283 2.05444
0.269506 2.05591
0.269729 2.05727
0.269952 2.05886
0.270175 2.06027
0.270398 2.06179
0.270621 2.06316
0.270844 2.06446
0.271067 2.06591
0.27129 2.0674
0.271513 2.06887
0.271735 2.07054
0.271958 2.07197
0.272181 2.07342
0.272404 2.07475
0.272627 2.07604
0.27285 2.07736
0.273073 2.07878
0.273296 2.07994
0.273519 2.08157
0.273742 2.08291
0.273965 2.08436
0.274188 2.08591
0.27441 2.08748
0.274633 2.08896
0.274856 2.09022
0.275079 2.09159
0.275302 2.09308
0.275525 2.09432
0.275748 2.09569
0.275971 2.09731
0.276194 2.0986
0.276417 2.09999
0.27664 2.10155
0.276863 2.10318
0.277085 2.10465
0.277308 2.10598
0.277531 2.10735
0.277754 2.10964
0.277977 2.11103
0.2782 2.11241
0.278423 2.11377
0.278646 2.11509
0.278869 2.11643
0.279092 2.11789
0.279315 2.11949
0.279538 2.121
0.27976 2.12248
0.279983 2.1241
0.280206 2.12575
0.280429 2.12711
0.280652 2.12876
0.280875 2.13036
0.281098 2.13203
0.281321 2.13356
0.281544 2.13515
0.281767 2.13678
0.28199 2.13833
0.282213 2.13983
0.282435 2.14141
0.282658 2.14297
0.282881 2.14447
0.283104 2.14589
0.283327 2.14742
0.28355 2.1489
0.283773 2.15046
0.283996 2.15199
0.284219 2.15344
0.284442 2.15515
0.284665 2.15679
0.284888 2.15821
0.28511 2.15983
0.285333 2.16141
0.285556 2.16301
0.285779 2.16451
0.286002 2.16617
0.286225 2.1678
0.286448 2.16943
0.286671 2.17115
0.286894 2.17278
0.287117 2.17433
0.28734 2.17589
0.287563 2.17754
0.287786 2.17899
0.288008 2.18045
0.288231 2.18207
0.288454 2.18361
0.288677 2.18529
0.2889 2.18683
0.289123 2.18845
0.289346 2.19003
0.289569 2.19174
0.289792 2.19331
0.290015 2.19477
0.290238 2.19626
0.290461 2.19791
0.290683 2.19937
0.290906 2.20088
0.291129 2.20256
0.291352 2.20414
0.291575 2.20566
0.291798 2.20727
0.292021 2.20874
0.292244 2.2104
0.292467 2.21188
0.29269 2.21341
0.292913 2.21496
0.293136 2.21655
0.293358 2.21827
0.293581 2.21981
0.293804 2.22135
0.294027 2.22307
0.29425 2.22465
0.294473 2.22621
0.294696 2.22783
0.294919 2.22951
0.295142 2.23111
0.295365 2.23263
0.295588 2.23436
0.295811 2.2361
0.296033 2.23765
0.296256 2.23922
0.296479 2.24082
0.296702 2.2427
0.296925 2.24416
0.297148 2.24587
0.297371 2.24734
0.297594 2.24898
0.297817 2.25059
0.29804 2.25221
0.298263 2.25391
0.298486 2.25539
0.298708 2.25711
0.298931 2.25898
0.299154 2.26062
0.299377 2.26217
0.2996 2.26385
0.299823 2.26547
0.300046 2.26716
0.300269 2.26873
0.300492 2.27032
0.300715 2.272
0.300938 2.27377
0.301161 2.27548
0.301383 2.27706
0.301606 2.27877
0.301829 2.28054
0.302052 2.28233
0.302275 2.284
0.302498 2.28564
0.302721 2.28734
0.302944 2.28915
0.303167 2.29103
0.30339 2.29262
0.303613 2.29434
0.303836 2.29589
0.304058 2.29741
0.304281 2.29911
0.304504 2.30073
0.304727 2.30218
0.30495 2.30378
0.305173 2.30545
0.305396 2.3071
0.305619 2.3089
0.305842 2.31062
0.306065 2.31225
0.306288 2.31385
0.306511 2.31533
0.306733 2.31722
0.306956 2.31902
0.307179 2.32087
0.307402 2.32265
0.307625 2.32424
0.307848 2.32622
0.308071 2.32769
0.308294 2.32917
0.308517 2.33086
0.30874 2.33249
0.308963 2.33434
0.309186 2.33611
0.309408 2.33784
0.309631 2.33971
0.309854 2.34126
0.310077 2.34306
0.3103 2.34477
0.310523 2.34667
0.310746 2.34813
0.310969 2.34973
0.311192 2.35153
0.311415 2.35352
0.311638 2.35663
0.311861 2.35844
0.312083 2.36027
0.312306 2.36202
0.312529 2.3637
0.312752 2.36544
0.312975 2.36724
0.313198 2.36908
0.313421 2.3707
0.313644 2.3725
0.313867 2.37398
0.31409 2.37588
0.314313 2.37761
0.314536 2.3794
0.314758 2.38147
0.314981 2.38328
0.315204 2.38504
0.315427 2.38689
0.31565 2.38859
0.315873 2.39034
0.316096 2.39255
0.316319 2.39445
0.316542 2.39627
0.316765 2.39812
0.316988 2.39985
0.317211 2.4015
0.317433 2.40318
0.317656 2.40524
0.317879 2.407
0.318102 2.4088
0.318325 2.41082
0.318548 2.41229
0.318771 2.41423
0.318994 2.41624
0.319217 2.41813
0.31944 2.41997
0.319663 2.42168
0.319886 2.42375
0.320108 2.42559
0.320331 2.42739
0.320554 2.42938
0.320777 2.43136
0.321 2.43298
0.321223 2.4349
0.321446 2.43684
0.321669 2.43863
0.321892 2.44046
0.322115 2.44241
0.322338 2.44414
0.322561 2.44616
0.322783 2.44815
0.323006 2.45001
0.323229 2.4519
0.323452 2.45383
0.323675 2.4557
0.323898 2.45773
0.324121 2.45958
0.324344 2.4617
0.324567 2.4637
0.32479 2.4653
0.325013 2.4673
0.325236 2.46968
0.325458 2.47164
0.325681 2.47394
0.325904 2.47574
0.326127 2.4777
0.32635 2.47946
0.326573 2.48146
0.326796 2.48336
0.327019 2.48534
0.327242 2.4872
0.327465 2.48929
0.327688 2.49121
0.327911 2.49307
0.328133 2.4949
0.328356 2.49678
0.328579 2.49853
0.328802 2.50048
0.329025 2.50246
0.329248 2.50452
0.329471 2.50651
0.329694 2.50835
0.329917 2.51019
0.33014 2.51192
0.330363 2.51378
0.330586 2.51566
0.330808 2.51766
0.331031 2.51958
0.331254 2.52148
0.331477 2.52355
0.3317 2.52528
0.331923 2.5273
0.332146 2.52944
0.332369 2.5313
0.332592 2.53335
0.332815 2.53531
0.333038 2.53759
0.333261 2.53963
0.333483 2.54157
0.333706 2.54363
0.333929 2.54577
0.334152 2.54789
0.334375 2.54989
0.334598 2.55185
0.334821 2.55372
0.335044 2.5558
0.335267 2.55782
0.33549 2.55994
0.335713 2.56197
0.335936 2.56407
0.336158 2.56632
0.336381 2.56848
0.336604 2.57049
0.336827 2.57271
0.33705 2.57485
0.337273 2.57674
0.337496 2.57873
0.337719 2.58053
0.337942 2.58266
0.338165 2.58492
0.338388 2.58702
0.338611 2.58929
0.338833 2.59142
0.339056 2.59335
0.339279 2.59546
0.339502 2.59735
0.339725 2.59936
0.339948 2.60139
0.340171 2.60356
0.340394 2.60566
0.340617 2.60784
0.34084 2.61
0.341063 2.61205
0.341286 2.61392
0.341508 2.61618
0.341731 2.61847
0.341954 2.62043
0.342177 2.62234
0.3424 2.62464
0.342623 2.62678
0.342846 2.62889
0.343069 2.63121
0.343292 2.63322
0.343515 2.6354
0.343738 2.6375
0.343961 2.63992
0.344183 2.64209
0.344406 2.64446
0.344629 2.64676
0.344852 2.64901
0.345075 2.65119
0.345298 2.65326
0.345521 2.65529
0.345744 2.6576
0.345967 2.65973
0.34619 2.6621
0.346413 2.66451
0.346636 2.66662
0.346858 2.66885
0.347081 2.67098
0.347304 2.67315
0.347527 2.67572
0.34775 2.6777
0.347973 2.67992
0.348196 2.68195
0.348419 2.68411
0.348642 2.68626
0.348865 2.68847
0.349088 2.69109
0.349311 2.69306
0.349533 2.69527
0.349756 2.69739
0.349979 2.6999
0.350202 2.70211
0.350425 2.70429
0.350648 2.70629
0.350871 2.70853
0.351094 2.71055
0.351317 2.71288
0.35154 2.71533
0.351763 2.71743
0.351986 2.7198
0.352208 2.72207
0.352431 2.7242
0.352654 2.72664
0.352877 2.72881
0.3531 2.7312
0.353323 2.73343
0.353546 2.73571
0.353769 2.73771
0.353992 2.73997
0.354215 2.74228
0.354438 2.74448
0.354661 2.74679
0.354883 2.74887
0.355106 2.75144
0.355329 2.75354
0.355552 2.75619
0.355775 2.75849
0.355998 2.76102
0.356221 2.76349
0.356444 2.76605
0.356667 2.76879
0.35689 2.77114
0.357113 2.77345
0.357336 2.77573
0.357558 2.77824
0.357781 2.78101
0.358004 2.7837
0.358227 2.78611
0.35845 2.78833
0.358673 2.79046
0.358896 2.79266
0.359119 2.79506
0.359342 2.79767
0.359565 2.79988
0.359788 2.80196
0.360011 2.80466
0.360233 2.80688
0.360456 2.80943
0.360679 2.81185
0.360902 2.81395
0.361125 2.81659
0.361348 2.81917
0.361571 2.82159
0.361794 2.82413
0.362017 2.82671
0.36224 2.82946
0.362463 2.83227
0.362686 2.83459
0.362908 2.83702
0.363131 2.83954
0.363354 2.84178
0.363577 2.84414
0.3638 2.84654
0.364023 2.84911
0.364246 2.85141
0.364469 2.85357
0.364692 2.85609
0.364915 2.85867
0.365138 2.86118
0.365361 2.8637
0.365583 2.86675
0.365806 2.86924
0.366029 2.87153
0.366252 2.87402
0.366475 2.87638
0.366698 2.87904
0.366921 2.88165
0.367144 2.88415
0.367367 2.88681
0.36759 2.88954
0.367813 2.89211
0.368036 2.89467
0.368258 2.89718
0.368481 2.89984
0.368704 2.90208
0.368927 2.90494
0.36915 2.90744
0.369373 2.90964
0.369596 2.91232
0.369819 2.91498
0.370042 2.91766
0.370265 2.92053
0.370488 2.92314
0.370711 2.92536
0.370933 2.92793
0.371156 2.93069
0.371379 2.93343
0.371602 2.93587
0.371825 2.93869
0.372048 2.9413
0.372271 2.94389
0.372494 2.94645
0.372717 2.94926
0.37294 2.95172
0.373163 2.9539
0.373386 2.95636
0.373608 2.95903
0.373831 2.96153
0.374054 2.96394
0.374277 2.96645
0.3745 2.96908
0.374723 2.97152
0.374946 2.97444
0.375169 2.97687
0.375392 2.97929
0.375615 2.98232
0.375838 2.98484
0.376061 2.98762
0.376283 2.9907
0.376506 2.9931
0.376729 2.99584
0.376952 2.99865
0.377175 3.00068
0.377398 3.00324
0.377621 3.00617
0.377844 3.00871
0.378067 3.01158
0.37829 3.01421
0.378513 3.01668
0.378736 3.01919
0.378958 3.02158
0.379181 3.0243
0.379404 3.02675
0.379627 3.02919
0.37985 3.03183
0.380073 3.03486
0.380296 3.03748
0.380519 3.0401
0.380742 3.04288
0.380965 3.04577
0.381188 3.04863
0.381411 3.0511
0.381633 3.05422
0.381856 3.05689
0.382079 3.05962
0.382302 3.06263
0.382525 3.06533
0.382748 3.06801
0.382971 3.07078
0.383194 3.07351
0.383417 3.07663
0.38364 3.07929
0.383863 3.08269
0.384086 3.08559
0.384308 3.08817
0.384531 3.09064
0.384754 3.09351
0.384977 3.09609
0.3852 3.09882
0.385423 3.10164
0.385646 3.10446
0.385869 3.10792
0.386092 3.1111
0.386315 3.11404
0.386538 3.11665
0.386761 3.11958
0.386983 3.12247
0.387206 3.12551
0.387429 3.12836
0.387652 3.1314
0.387875 3.13435
0.388098 3.13722
0.388321 3.14034
0.388544 3.1431
0.388767 3.14579
0.38899 3.14887
0.389213 3.15164
0.389436 3.15449
0.389658 3.15733
0.389881 3.16032
0.390104 3.16335
0.390327 3.16656
0.39055 3.16974
0.390773 3.17229
0.390996 3.17518
0.391219 3.17824
0.391442 3.1817
0.391665 3.18451
0.391888 3.18702
0.392111 3.19024
0.392333 3.19308
0.392556 3.1959
0.392779 3.19902
0.393002 3.20223
0.393225 3.20556
0.393448 3.20831
0.393671 3.21102
0.393894 3.21419
0.394117 3.21709
0.39434 3.22002
0.394563 3.22296
0.394786 3.22634
0.395008 3.22961
0.395231 3.23261
0.395454 3.23653
0.395677 3.23926
0.3959 3.242
0.396123 3.24493
0.396346 3.24783
0.396569 3.25084
0.396792 3.254
0.397015 3.25714
0.397238 3.2601
0.397461 3.26328
0.397683 3.26705
0.397906 3.27011
0.398129 3.27327
0.398352 3.27676
0.398575 3.27957
0.398798 3.28277
0.399021 3.28575
0.399244 3.28886
0.399467 3.29213
0.39969 3.29537
0.399913 3.29865
0.400136 3.30207
0.400358 3.30515
0.400581 3.30822
0.400804 3.31131
0.401027 3.31504
0.40125 3.3181
0.401473 3.32119
0.401696 3.32437
0.401919 3.32742
0.402142 3.3308
0.402365 3.33446
0.402588 3.33742
0.402811 3.3406
0.403033 3.34414
0.403256 3.3478
0.403479 3.35101
0.403702 3.3541
0.403925 3.35785
0.404148 3.36123
0.404371 3.36437
0.404594 3.36732
0.404817 3.37077
0.40504 3.37434
0.405263 3.37821
0.405486 3.38163
0.405708 3.38466
0.405931 3.38806
0.406154 3.39078
0.406377 3.39425
0.4066 3.39805
0.406823 3.40167
0.407046 3.40549
0.407269 3.4086
0.407492 3.41181
0.407715 3.41528
0.407938 3.41886
0.408161 3.4231
0.408383 3.42708
0.408606 3.43013
0.408829 3.43352
0.409052 3.43687
0.409275 3.4407
0.409498 3.44397
0.409721 3.44733
0.409944 3.4507
0.410167 3.4537
0.41039 3.45707
0.410613 3.46012
0.410836 3.46361
0.411058 3.46727
0.411281 3.47102
0.411504 3.47436
0.411727 3.47776
0.41195 3.48104
0.412173 3.48472
0.412396 3.48882
0.412619 3.49239
0.412842 3.49566
0.413065 3.49908
0.413288 3.50241
0.413511 3.50621
0.413733 3.50996
0.413956 3.51386
0.414179 3.51743
0.414402 3.52093
0.414625 3.52459
0.414848 3.52784
0.415071 3.53172
0.415294 3.5356
0.415517 3.53942
0.41574 3.54297
0.415963 3.54713
0.416186 3.551
0.416408 3.55445
0.416631 3.55803
0.416854 3.56182
0.417077 3.56561
0.4173 3.56938
0.417523 3.57305
0.417746 3.57665
0.417969 3.58018
0.418192 3.58358
0.418415 3.58748
0.418638 3.5911
0.418861 3.59532
0.419083 3.59918
0.419306 3.60255
0.419529 3.60621
0.419752 3.60958
0.419975 3.61386
0.420198 3.6171
0.420421 3.62062
0.420644 3.62427
0.420867 3.62831
0.42109 3.63219
0.421313 3.63588
0.421536 3.63939
0.421758 3.64316
0.421981 3.64756
0.422204 3.65164
0.422427 3.655
0.42265 3.6592
0.422873 3.6632
0.423096 3.66712
0.423319 3.67083
0.423542 3.67445
0.423765 3.67816
0.423988 3.68203
0.424211 3.68588
0.424433 3.68961
0.424656 3.69364
0.424879 3.69735
0.425102 3.70144
0.425325 3.70502
0.425548 3.70876
0.425771 3.71255
0.425994 3.71602
0.426217 3.72067
0.42644 3.72475
0.426663 3.72893
0.426886 3.73344
0.427108 3.73752
0.427331 3.74201
0.427554 3.74609
0.427777 3.75042
0.428 3.75351
0.428223 3.75763
0.428446 3.76159
0.428669 3.76611
0.428892 3.77
0.429115 3.77398
0.429338 3.77837
0.429561 3.78247
0.429783 3.78638
0.430006 3.79008
0.430229 3.79396
0.430452 3.79828
0.430675 3.80276
0.430898 3.80671
0.431121 3.81086
0.431344 3.815
0.431567 3.81936
0.43179 3.82361
0.432013 3.82811
0.432236 3.83155
0.432458 3.83539
0.432681 3.83943
0.432904 3.84366
0.433127 3.84868
0.43335 3.85269
0.433573 3.85661
0.433796 3.86081
0.434019 3.86495
0.434242 3.86873
0.434465 3.87239
0.434688 3.87631
0.434911 3.88016
0.435133 3.88423
0.435356 3.88864
0.435579 3.8933
0.435802 3.8983
0.436025 3.90309
0.436248 3.90759
0.436471 3.91171
0.436694 3.91564
0.436917 3.92015
0.43714 3.92459
0.437363 3.92891
0.437586 3.93276
0.437808 3.93745
0.438031 3.9429
0.438254 3.94738
0.438477 3.95178
0.4387 3.9555
0.438923 3.96035
0.439146 3.96459
0.439369 3.96885
0.439592 3.97308
0.439815 3.97748
0.440038 3.98153
0.440261 3.98635
0.440483 3.99109
0.440706 3.99497
0.440929 3.9995
0.441152 4.00363
0.441375 4.0085
0.441598 4.01245
0.441821 4.01711
0.442044 4.021
0.442267 4.02604
0.44249 4.03079
0.442713 4.03508
0.442936 4.04024
0.443158 4.04447
0.443381 4.04955
0.443604 4.05415
0.443827 4.05888
0.44405 4.06354
0.444273 4.06801
0.444496 4.07257
0.444719 4.07681
0.444942 4.08179
0.445165 4.08728
0.445388 4.09209
0.445611 4.09693
0.445833 4.10149
0.446056 4.10576
0.446279 4.11056
0.446502 4.1152
0.446725 4.11968
0.446948 4.12437
0.447171 4.12987
0.447394 4.13432
0.447617 4.13942
0.44784 4.14373
0.448063 4.14791
0.448286 4.15202
0.448508 4.15734
0.448731 4.16176
0.448954 4.16648
0.449177 4.17166
0.4494 4.17667
0.449623 4.18178
0.449846 4.18638
0.450069 4.19087
0.450292 4.19563
0.450515 4.20076
0.450738 4.20506
0.450961 4.2117
0.451183 4.21637
0.451406 4.22204
0.451629 4.22641
0.451852 4.23085
0.452075 4.23522
0.452298 4.24008
0.452521 4.24427
0.452744 4.24888
0.452967 4.2542
0.45319 4.25935
0.453413 4.26369
0.453636 4.26851
0.453858 4.2736
0.454081 4.27846
0.454304 4.28357
0.454527 4.28965
0.45475 4.29513
0.454973 4.30023
0.455196 4.305
0.455419 4.3103
0.455642 4.31604
0.455865 4.32137
0.456088 4.32674
0.456311 4.33203
0.456533 4.33627
0.456756 4.34136
0.456979 4.3456
0.457202 4.35149
0.457425 4.357
0.457648 4.36181
0.457871 4.36691
0.458094 4.37192
0.458317 4.37674
0.45854 4.38234
0.458763 4.38789
0.458986 4.39317
0.459208 4.3989
0.459431 4.40439
0.459654 4.41027
0.459877 4.4152
0.4601 4.42081
0.460323 4.42555
0.460546 4.43124
0.460769 4.43602
0.460992 4.44105
0.461215 4.44526
0.461438 4.45063
0.461661 4.45602
0.461883 4.46085
0.462106 4.46686
0.462329 4.47337
0.462552 4.47839
0.462775 4.48413
0.462998 4.49037
0.463221 4.49629
0.463444 4.50143
0.463667 4.50647
0.46389 4.51167
0.464113 4.51696
0.464336 4.5225
0.464558 4.52794
0.464781 4.53314
0.465004 4.53925
0.465227 4.54504
0.46545 4.55095
0.465673 4.55652
0.465896 4.56202
0.466119 4.56637
0.466342 4.57299
0.466565 4.57863
0.466788 4.58385
0.467011 4.5889
0.467233 4.59532
0.467456 4.60092
0.467679 4.6082
0.467902 4.61409
0.468125 4.61961
0.468348 4.6252
0.468571 4.63089
0.468794 4.63683
0.469017 4.64254
0.46924 4.64846
0.469463 4.65459
0.469686 4.65994
0.469908 4.66569
0.470131 4.67108
0.470354 4.67647
0.470577 4.68287
0.4708 4.68851
0.471023 4.69403
0.471246 4.69891
0.471469 4.70503
0.471692 4.71077
0.471915 4.71725
0.472138 4.72237
0.472361 4.72975
0.472583 4.73628
0.472806 4.74273
0.473029 4.74884
0.473252 4.75619
0.473475 4.76308
0.473698 4.7687
0.473921 4.77454
0.474144 4.78245
0.474367 4.78878
0.47459 4.79479
0.474813 4.80144
0.475036 4.80817
0.475258 4.81446
0.475481 4.82166
0.475704 4.82713
0.475927 4.83409
0.47615 4.84018
0.476373 4.84638
0.476596 4.85316
0.476819 4.86012
0.477042 4.86584
0.477265 4.87246
0.477488 4.8789
0.477711 4.88603
0.477933 4.89122
0.478156 4.89749
0.478379 4.90355
0.478602 4.90976
0.478825 4.91607
0.479048 4.92227
0.479271 4.92854
0.479494 4.93499
0.479717 4.9415
0.47994 4.94761
0.480163 4.95363
0.480386 4.96063
0.480608 4.96731
0.480831 4.97307
0.481054 4.98051
0.481277 4.9875
0.4815 4.9939
0.481723 4.99973
0.481946 5.00538
0.482169 5.01252
0.482392 5.01971
0.482615 5.02593
0.482838 5.03215
0.483061 5.03943
0.483283 5.04657
0.483506 5.05393
0.483729 5.06078
0.483952 5.06749
0.484175 5.07487
0.484398 5.08202
0.484621 5.08925
0.484844 5.09522
0.485067 5.10134
0.48529 5.10988
0.485513 5.11674
0.485736 5.12282
0.485958 5.13224
0.486181 5.13848
0.486404 5.14523
0.486627 5.15255
0.48685 5.16049
0.487073 5.16767
0.487296 5.1747
0.487519 5.18154
0.487742 5.18983
0.487965 5.19786
0.488188 5.20604
0.488411 5.2138
0.488633 5.22024
0.488856 5.22793
0.489079 5.23447
0.489302 5.24292
0.489525 5.25112
0.489748 5.25726
0.489971 5.2643
0.490194 5.27179
0.490417 5.2788
0.49064 5.2856
0.490863 5.29322
0.491086 5.30048
0.491308 5.30827
0.491531 5.31528
0.491754 5.32374
0.491977 5.33135
0.4922 5.33942
0.492423 5.34799
0.492646 5.35698
0.492869 5.36457
0.493092 5.37269
0.493315 5.38056
0.493538 5.38935
0.493761 5.39699
0.493983 5.40357
0.494206 5.41075
0.494429 5.41827
0.494652 5.42677
0.494875 5.43456
0.495098 5.44164
0.495321 5.44954
0.495544 5.45661
0.495767 5.46528
0.49599 5.47355
0.496213 5.48141
0.496436 5.48934
0.496658 5.49762
0.496881 5.50467
0.497104 5.51259
0.497327 5.52119
0.49755 5.52856
0.497773 5.53619
0.497996 5.54289
0.498219 5.54944
0.498442 5.55773
0.498665 5.5653
0.498888 5.57385
0.499111 5.58177
0.499333 5.59103
0.499556 5.59965
0.499779 5.60824
0.500002 5.61593
0.500225 5.624
0.500448 5.63293
0.500671 5.64011
0.500894 5.64968
0.501117 5.65797
0.50134 5.66619
0.501563 5.67366
0.501786 5.68364
0.502008 5.69233
0.502231 5.69841
0.502454 5.70764
0.502677 5.71644
0.5029 5.7236
0.503123 5.73172
0.503346 5.74049
0.503569 5.74909
0.503792 5.75681
0.504015 5.765
0.504238 5.77272
0.504461 5.7801
0.504683 5.7885
0.504906 5.79715
0.505129 5.80631
0.505352 5.81384
0.505575 5.82398
0.505798 5.83384
0.506021 5.84489
0.506244 5.85359
0.506467 5.85974
0.50669 5.86841
0.506913 5.87763
0.507136 5.88753
0.507358 5.89491
0.507581 5.90441
0.507804 5.91196
0.508027 5.92011
0.50825 5.93059
0.508473 5.93998
0.508696 5.95039
0.508919 5.95866
0.509142 5.9689
0.509365 5.97721
0.509588 5.98742
0.509811 5.99585
0.510033 6.00475
0.510256 6.0133
0.510479 6.0226
0.510702 6.03229
0.510925 6.04124
0.511148 6.05015
0.511371 6.05728
0.511594 6.06571
0.511817 6.07307
0.51204 6.08211
0.512263 6.09177
0.512486 6.10095
0.512708 6.11066
0.512931 6.12011
0.513154 6.12959
0.513377 6.13968
0.5136 6.15026
0.513823 6.16244
0.514046 6.17042
0.514269 6.18002
0.514492 6.19299
0.514715 6.20231
0.514938 6.21323
0.515161 6.22327
0.515383 6.23358
0.515606 6.24434
0.515829 6.25338
0.516052 6.26395
0.516275 6.2743
0.516498 6.28371
0.516721 6.2918
0.516944 6.30164
0.517167 6.31251
0.51739 6.32139
0.517613 6.32964
0.517836 6.33996
0.518058 6.35098
0.518281 6.36101
0.518504 6.372
0.518727 6.38302
0.51895 6.3937
0.519173 6.40508
0.519396 6.41463
0.519619 6.42672
0.519842 6.43764
0.520065 6.44612
0.520288 6.45793
0.520511 6.47016
0.520733 6.48077
0.520956 6.49105
0.521179 6.50161
0.521402 6.51369
0.521625 6.52197
0.521848 6.53309
0.522071 6.54457
0.522294 6.55573
0.522517 6.5652
0.52274 6.57376
0.522963 6.58523
0.523186 6.59915
0.523408 6.61071
0.523631 6.62117
0.523854 6.63118
0.524077 6.64222
0.5243 6.65346
0.524523 6.66482
0.524746 6.6757
0.524969 6.68682
0.525192 6.70045
0.525415 6.7139
0.525638 6.72308
0.525861 6.733
0.526083 6.74252
0.526306 6.7541
0.526529 6.76556
0.526752 6.77832
0.526975 6.79139
0.527198 6.80269
0.527421 6.81283
0.527644 6.82585
0.527867 6.84062
0.52809 6.85631
0.528313 6.86812
0.528536 6.88217
0.528758 6.89556
0.528981 6.90871
0.529204 6.92011
0.529427 6.93356
0.52965 6.94746
0.529873 6.95863
0.530096 6.97197
0.530319 6.98209
0.530542 6.99509
0.530765 7.00822
0.530988 7.0204
0.531211 7.03304
0.531433 7.04612
0.531656 7.05791
0.531879 7.07329
0.532102 7.08634
0.532325 7.10051
0.532548 7.11488
0.532771 7.12689
0.532994 7.13835
0.533217 7.1538
0.53344 7.1654
0.533663 7.1802
0.533886 7.19318
0.534108 7.20584
0.534331 7.21804
0.534554 7.22894
0.534777 7.24229
0.535 7.25635
0.535223 7.26981
0.535446 7.28271
0.535669 7.29519
0.535892 7.30702
0.536115 7.32064
0.536338 7.33566
0.536561 7.34814
0.536783 7.36269
0.537006 7.37654
0.537229 7.39076
0.537452 7.4056
0.537675 7.41967
0.537898 7.43159
0.538121 7.44602
0.538344 7.46186
0.538567 7.47308
0.53879 7.48692
0.539013 7.50172
0.539236 7.51514
0.539458 7.52815
0.539681 7.541
0.539904 7.55654
0.540127 7.56979
0.54035 7.58581
0.540573 7.60442
0.540796 7.61857
0.541019 7.63398
0.541242 7.65061
0.541465 7.66414
0.541688 7.67647
0.541911 7.6933
0.542133 7.70744
0.542356 7.71991
0.542579 7.73405
0.542802 7.74804
0.543025 7.76207
0.543248 7.77612
0.543471 7.78895
0.543694 7.80197
0.543917 7.81733
0.54414 7.83396
0.544363 7.84884
0.544586 7.86647
0.544808 7.88239
0.545031 7.89488
0.545254 7.90773
0.545477 7.92069
0.5457 7.93546
0.545923 7.95145
0.546146 7.96818
0.546369 7.98182
0.546592 8.0034
0.546815 8.01677
0.547038 8.03579
0.547261 8.05288
0.547483 8.06727
0.547706 8.08114
0.547929 8.09495
0.548152 8.11339
0.548375 8.13138
0.548598 8.14789
0.548821 8.16475
0.549044 8.18029
0.549267 8.19623
0.54949 8.2105
0.549713 8.23078
0.549936 8.24866
0.550158 8.26491
0.550381 8.2796
0.550604 8.2958
0.550827 8.3115
0.55105 8.32917
0.551273 8.34904
0.551496 8.36463
0.551719 8.38034
0.551942 8.39949
0.552165 8.41791
0.552388 8.43295
0.552611 8.44553
0.552833 8.46727
0.553056 8.4864
0.553279 8.50652
0.553502 8.52766
0.553725 8.54784
0.553948 8.56487
0.554171 8.57822
0.554394 8.59429
0.554617 8.60732
0.55484 8.62499
0.555063 8.64043
0.555286 8.65916
0.555508 8.67726
0.555731 8.68757
0.555954 8.7068
0.556177 8.737
0.5564 8.75907
0.556623 8.77307
0.556846 8.78956
0.557069 8.80453
0.557292 8.82542
0.557515 8.84462
0.557738 8.86277
0.557961 8.88095
0.558183 8.89671
0.558406 8.9127
0.558629 8.93173
0.558852 8.94819
0.559075 8.9702
0.559298 8.99079
0.559521 9.00711
0.559744 9.0284
0.559967 9.0508
0.56019 9.07345
0.560413 9.09306
0.560636 9.11306
0.560858 9.1334
0.561081 9.15582
0.561304 9.17452
0.561527 9.18796
0.56175 9.22553
0.561973 9.24862
0.562196 9.27176
0.562419 9.292
0.562642 9.30835
0.562865 9.33267
0.563088 9.34832
0.563311 9.3706
0.563533 9.39173
0.563756 9.41419
0.563979 9.43177
0.564202 9.45243
0.564425 9.48052
0.564648 9.50623
0.564871 9.52937
0.565094 9.55646
0.565317 9.57975
0.56554 9.60051
0.565763 9.61849
0.565986 9.64224
0.566208 9.65986
0.566431 9.67988
0.566654 9.70333
0.566877 9.72503
0.5671 9.74886
0.567323 9.76784
0.567546 9.79143
0.567769 9.8093
0.567992 9.83961
0.568215 9.85853
0.568438 9.87915
0.568661 9.9035
0.568883 9.93138
0.569106 9.94939
0.569329 9.97116
0.569552 9.99457
0.569775 10.0194
0.569998 10.0408
0.570221 10.0627
0.570444 10.0929
0.570667 10.1155
0.57089 10.1385
0.571113 10.1611
0.571336 10.1877
0.571559 10.2074
0.571781 10.2365
0.572004 10.2569
0.572227 10.2827
0.57245 10.316
0.572673 10.3423
0.572896 10.3685
0.573119 10.3951
0.573342 10.4182
0.573565 10.4388
0.573788 10.4662
0.574011 10.4921
0.574234 10.5169
0.574456 10.5429
0.574679 10.5648
0.574902 10.5954
0.575125 10.6195
0.575348 10.6505
0.575571 10.679
0.575794 10.7043
0.576017 10.7295
0.57624 10.7634
0.576463 10.799
0.576686 10.827
0.576909 10.8648
0.577131 10.8895
0.577354 10.9215
0.577577 10.9565
0.5778 10.9842
0.578023 11.0105
0.578246 11.0371
0.578469 11.0627
0.578692 11.0924
0.578915 11.1209
0.579138 11.153
0.579361 11.1813
0.579584 11.2117
0.579806 11.2436
0.580029 11.2709
0.580252 11.2993
0.580475 11.3293
0.580698 11.3647
0.580921 11.3983
0.581144 11.4309
0.581367 11.4606
0.58159 11.4887
0.581813 11.5258
0.582036 11.5529
0.582259 11.5897
0.582481 11.6245
0.582704 11.6527
0.582927 11.6784
0.58315 11.7258
0.583373 11.7573
0.583596 11.789
0.583819 11.8203
0.584042 11.8523
0.584265 11.8836
0.584488 11.9198
0.584711 11.955
0.584934 11.9844
0.585156 12.0052
0.585379 12.0388
0.585602 12.0758
0.585825 12.1144
0.586048 12.1438
0.586271 12.1794
0.586494 12.2058
0.586717 12.2408
0.58694 12.2705
0.587163 12.3224
0.587386 12.3611
0.587609 12.3947
0.587831 12.4217
0.588054 12.4584
0.588277 12.4911
0.5885 12.5308
0.588723 12.5677
0.588946 12.5989
0.589169 12.6279
0.589392 12.6656
0.589615 12.7025
0.589838 12.7458
0.590061 12.7864
0.590284 12.8216
0.590506 12.8509
0.590729 12.8824
0.590952 12.9201
0.591175 12.9589
0.591398 13.0033
0.591621 13.0488
0.591844 13.0856
0.592067 13.1268
0.59229 13.1656
0.592513 13.2074
0.592736 13.2389
0.592959 13.2786
0.593181 13.3194
0.593404 13.3608
0.593627 13.3954
0.59385 13.4373
0.594073 13.4802
0.594296 13.5189
0.594519 13.5628
0.594742 13.6124
0.594965 13.6534
0.595188 13.6997
0.595411 13.7442
0.595634 13.7835
0.595856 13.8198
0.596079 13.8595
0.596302 13.898
0.596525 13.9376
0.596748 13.9839
0.596971 14.0248
0.597194 14.0644
0.597417 14.1016
0.59764 14.1369
0.597863 14.1724
0.598086 14.2168
0.598309 14.2714
0.598531 14.3276
0.598754 14.3899
0.598977 14.4301
0.5992 14.4753
0.599423 14.5311
0.599646 14.5805
0.599869 14.6235
0.600092 14.6705
0.600315 14.7234
0.600538 14.7669
0.600761 14.8168
0.600984 14.8826
0.601206 14.928
0.601429 14.9845
0.601652 15.0541
0.601875 15.092
0.602098 15.1419
0.602321 15.1914
0.602544 15.2398
0.602767 15.2768
0.60299 15.3436
0.603213 15.3822
0.603436 15.4438
0.603659 15.5023
0.603881 15.5556
0.604104 15.6025
0.604327 15.6415
0.60455 15.71
0.604773 15.7527
0.604996 15.7932
0.605219 15.8415
0.605442 15.8999
0.605665 15.9558
0.605888 16.0108
0.606111 16.0764
0.606334 16.1287
0.606556 16.1939
0.606779 16.2578
0.607002 16.3234
0.607225 16.3829
0.607448 16.4388
0.607671 16.4943
0.607894 16.5455
0.608117 16.61
0.60834 16.6725
0.608563 16.7376
0.608786 16.7921
0.609009 16.8533
0.609231 16.9186
0.609454 16.9963
0.609677 17.0669
0.6099 17.1365
0.610123 17.2146
0.610346 17.2815
0.610569 17.3328
0.610792 17.3843
0.611015 17.4599
0.611238 17.5395
0.611461 17.613
0.611684 17.6974
0.611906 17.7623
0.612129 17.843
0.612352 17.9268
0.612575 17.9933
0.612798 18.05
0.613021 18.1167
0.613244 18.1956
0.613467 18.2616
0.61369 18.3419
0.613913 18.4298
0.614136 18.5008
0.614359 18.5744
0.614581 18.6499
0.614804 18.7324
0.615027 18.8072
0.61525 18.8768
0.615473 18.9515
0.615696 19.0253
0.615919 19.1079
0.616142 19.192
0.616365 19.2986
0.616588 19.3536
0.616811 19.4263
0.617034 19.4947
0.617256 19.5935
0.617479 19.6579
0.617702 19.7331
0.617925 19.8239
0.618148 19.917
0.618371 20.0167
0.618594 20.1083
0.618817 20.2208
0.61904 20.3255
0.619263 20.4136
0.619486 20.5143
0.619709 20.5894
0.619931 20.6649
0.620154 20.7379
0.620377 20.8262
0.6206 20.9137
0.620823 21.0148
0.621046 21.1184
0.621269 21.211
0.621492 21.2759
0.621715 21.3703
0.621938 21.4575
0.622161 21.5414
0.622384 21.6205
0.622606 21.7311
0.622829 21.8266
0.623052 21.909
0.623275 22.009
0.623498 22.0794
0.623721 22.1897
0.623944 22.3159
0.624167 22.456
0.62439 22.5626
0.624613 22.6883
0.624836 22.798
0.625059 22.9199
0.625281 23.014
0.625504 23.1235
0.625727 23.2427
0.62595 23.3254
0.626173 23.4506
0.626396 23.543
0.626619 23.6446
0.626842 23.7538
0.627065 23.8568
0.627288 23.9721
0.627511 24.0982
0.627734 24.2415
0.627956 24.391
0.628179 24.5264
0.628402 24.6476
0.628625 24.7652
0.628848 24.8872
0.629071 25.0133
0.629294 25.1369
0.629517 25.2556
0.62974 25.4101
0.629963 25.5447
0.630186 25.6959
0.630409 25.838
0.630631 25.9585
0.630854 26.1156
0.631077 26.2723
0.6313 26.4168
0.631523 26.5757
0.631746 26.7098
0.631969 26.8061
0.632192 26.9159
0.632415 27.0549
0.632638 27.215
0.632861 27.3658
0.633084 27.5016
0.633306 27.6271
0.633529 27.7893
0.633752 27.9546
0.633975 28.1078
0.634198 28.274
0.634421 28.4634
0.634644 28.6347
0.634867 28.795
0.63509 28.9585
0.635313 29.1257
0.635536 29.2658
0.635759 29.4272
0.635981 29.6243
0.636204 29.7936
0.636427 29.9216
0.63665 30.0952
0.636873 30.3006
0.637096 30.4505
0.637319 30.5794
0.637542 30.8065
0.637765 31.0412
0.637988 31.3189
0.638211 31.4987
0.638434 31.71
0.638656 31.8397
0.638879 32.0317
0.639102 32.2607
0.639325 32.4735
0.639548 32.7331
0.639771 32.9326
0.639994 33.1132
0.640217 33.3723
0.64044 33.7198
0.640663 33.8699
0.640886 34.1026
0.641109 34.3023
0.641331 34.5273
0.641554 34.6905
0.641777 34.8572
0.642 35.0455
0.642223 35.3514
0.642446 35.5892
0.642669 35.8173
0.642892 36.0356
0.643115 36.2752
0.643338 36.4833
0.643561 36.8023
0.643784 37.0757
0.644006 37.3077
0.644229 37.4978
0.644452 37.7471
0.644675 37.986
0.644898 38.2563
0.645121 38.505
0.645344 38.7824
0.645567 39.0636
0.64579 39.383
0.646013 39.6986
0.646236 40.0472
0.646459 40.3319
0.646681 40.5587
0.646904 40.8683
0.647127 41.1542
0.64735 41.4271
0.647573 41.7337
0.647796 42.1247
0.648019 42.4732
0.648242 42.8488
0.648465 43.1509
0.648688 43.5111
0.648911 43.8346
0.649134 44.1971
0.649356 44.5511
0.649579 44.8776
0.649802 45.3286
0.650025 45.5933
0.650248 45.8222
0.650471 46.2391
0.650694 46.5611
0.650917 46.8177
0.65114 47.168
0.651363 47.5755
0.651586 47.9818
0.651809 48.5153
0.652031 48.9136
0.652254 49.43
0.652477 49.8152
0.6527 50.2315
0.652923 50.8683
0.653146 51.4441
0.653369 52.0016
0.653592 52.5482
0.653815 53.1622
0.654038 53.715
0.654261 54.3431
0.654484 54.9813
0.654706 55.5466
0.654929 56.1169
0.655152 56.7523
0.655375 57.1735
0.655598 57.6383
0.655821 58.2227
0.656044 58.8464
0.656267 59.5163
0.65649 60.1486
0.656713 60.7857
0.656936 61.3559
0.657159 62.0281
0.657381 62.8813
0.657604 63.5644
0.657827 64.0031
0.65805 64.543
0.658273 65.0828
0.658496 65.8206
0.658719 66.7768
0.658942 67.6401
0.659165 68.3473
0.659388 69.0689
0.659611 69.8684
0.659834 70.8235
0.660056 71.6263
0.660279 72.3263
0.660502 73.1498
0.660725 74.0921
0.660948 74.7484
0.661171 75.7447
0.661394 76.9791
0.661617 77.7947
0.66184 78.8449
0.662063 79.5905
0.662286 80.483
0.662509 81.4204
0.662731 82.4252
0.662954 83.5543
0.663177 84.712
0.6634 85.8943
0.663623 86.9939
0.663846 88.1792
0.664069 89.373
0.664292 91.1437
0.664515 92.5113
0.664738 93.9963
0.664961 95.2887
0.665184 96.4535
0.665406 98.9045
0.665629 99.8328
0.665852 101.113
0.666075 102.373
0.666298 103.997
0.666521 106.048
0.666744 108.574
0.666967 109.653
0.66719 111.893
0.667413 113.874
0.667636 115.585
0.667859 117.972
0.668081 119.998
0.668304 122.924
0.668527 125.009
0.66875 128.079
0.668973 130.061
0.669196 131.795
0.669419 135.057
0.669642 138.405
0.669865 141.472
0.670088 143.965
0.670311 147.94
0.670534 150.337
0.670756 153.452
0.670979 157.591
0.671202 162.362
0.671425 166.736
0.671648 170.224
0.671871 174.49
0.672094 180.508
0.672317 184.989
0.67254 189.057
0.672763 193.794
0.672986 198.285
0.673209 201.485
0.673431 208.791
0.673654 215.521
0.673877 222.036
0.6741 228.503
0.674323 232.914
0.674546 242.43
0.674769 251.882
0.674992 260.602
0.675215 277.136
0.675438 291.521
0.675661 304.125
0.675884 320.923
0.676106 342.009
0.676329 362.946
0.676552 379.503
0.676775 393.382
0.676998 422.152
0.677221 436.294
0.677444 447.565
0.677667 472.93
0.67789 516.688
0.678113 558.603
0.678336 587.583
0.678559 626.568
0.678781 666.255
0.679004 710.058
0.679227 791.104
0.67945 833.473
0.679673 910.047
0.679896 972.514
0.680119 1097.84
0.680342 1242.4
0.680565 1367.75
0.680788 1657.23
0.681011 2026.27
0.681234 2472.79
0.681456 3124.89
0.681679 3993.02
0.681902 7703.08
0.682125 3643.31
0.682348 785.528
0.682571 843.613
0.682794 936.265
0.683017 966.475
0.68324 981.63
0.683463 520.701
0.683686 645.56
0.683909 650.092
0.684131 410.936
0.684354 419.453
0.684577 432.05
0.6848 255.902
0.685023 259.397
0.685246 264.007
0.685469 269.031
0.685692 269.704
0.685915 263.629
0.686138 265.448
0.686361 300.003
0.686584 300.211
0.686806 301.21
0.687029 301.795
0.687252 268.042
0.687475 269.604
0.687698 272.11
0.687921 268.331
0.688144 277.313
0.688367 279.403
0.68859 279.482
0.688813 272.625
0.689036 272.363
0.689259 272.938
0.689481 269.016
0.689704 272.765
0.689927 246.908
0.69015 252.046
0.690373 255.693
0.690596 257.36
0.690819 259.075
0.691042 259.54
0.691265 259.977
0.691488 192.844
0.691711 201.376
0.691934 199.315
0.692156 200.76
0.692379 201.074
0.692602 203.038
0.692825 196.043
0.693048 161.255
0.693271 161.477
0.693494 162.859
0.693717 163.393
0.69394 163.733
0.694163 165.074
0.694386 154.298
0.694609 156.843
0.694831 157.16
0.695054 157.393
0.695277 157.969
0.6955 161.315
0.695723 161.476
0.695946 161.642
0.696169 161.914
0.696392 162.092
0.696615 162.54
0.696838 162.681
0.697061 162.845
0.697284 163.198
0.697506 164.786
0.697729 164.986
0.697952 165.184
0.698175 165.491
0.698398 166.956
0.698621 166.406
0.698844 167.605
0.699067 164.396
0.69929 23.8507
0.699513 23.8752
0.699736 23.8626
0.699959 23.8989
0.700181 23.973
0.700404 23.9933
0.700627 23.9811
0.70085 24.045
0.701073 24.6451
0.701296 24.7541
0.701519 24.8054
0.701742 24.8481
0.701965 25.0221
0.702188 25.0596
0.702411 25.1445
0.702634 25.4073
0.702856 25.4335
0.703079 25.474
0.703302 25.5049
0.703525 25.8933
0.703748 25.2496
0.703971 24.4278
0.704194 24.3535
0.704417 24.3793
0.70464 24.298
0.704863 24.4299
0.705086 24.4944
0.705309 24.5348
0.705531 24.6037
0.705754 24.6474
0.705977 24.6633
0.7062 24.6981
0.706423 24.7766
0.706646 24.8137
0.706869 24.8501
0.707092 24.8963
0.707315 25.0184
0.707538 25.0563
0.707761 25.1399
0.707984 25.1759
0.708206 25.2186
0.708429 25.224
0.708652 25.2539
0.708875 25.2629
0.709098 22.8135
0.709321 22.5356
0.709544 22.5643
0.709767 22.7792
0.70999 22.9257
0.710213 22.9617
0.710436 23.0211
0.710659 23.042
0.710881 23.0918
0.711104 22.9804
0.711327 22.9897
0.71155 22.9772
0.711773 23.2987
0.711996 23.3024
0.712219 23.3893
0.712442 23.4361
0.712665 23.4408
0.712888 23.4715
0.713111 23.4616
0.713334 23.4564
0.713556 22.7072
0.713779 22.4366
0.714002 21.751
0.714225 21.7961
0.714448 21.8127
0.714671 21.8817
0.714894 21.9004
0.715117 22.0143
0.71534 22.087
0.715563 22.1153
0.715786 22.1621
0.716009 22.1944
0.716231 22.137
0.716454 22.1684
0.716677 22.1786
0.7169 22.1992
0.717123 22.2665
0.717346 22.2761
0.717569 22.5035
0.717792 22.5172
0.718015 22.5282
0.718238 22.5632
0.718461 22.1281
0.718684 20.7496
0.718906 20.6584
0.719129 20.6861
0.719352 20.6949
0.719575 20.7518
0.719798 20.8306
0.720021 20.867
0.720244 20.8981
0.720467 20.9129
0.72069 20.9237
0.720913 20.9355
0.721136 20.9694
0.721359 21.0622
0.721581 21.0751
0.721804 21.0868
0.722027 21.0973
0.72225 21.0713
0.722473 21.2577
0.722696 21.2792
0.722919 21.3647
0.723142 21.39
0.723365 21.437
0.723588 20.9588
0.723811 20.6044
0.724034 20.7948
0.724256 20.8536
0.724479 21.009
0.724702 21.0361
0.724925 21.0827
0.725148 21.0975
0.725371 21.0777
0.725594 21.0975
0.725817 21.1351
0.72604 21.1425
0.726263 21.2495
0.726486 21.4305
0.726709 21.3964
0.726931 21.4202
0.727154 21.4398
0.727377 21.4615
0.7276 21.4736
0.727823 21.5099
0.728046 21.5234
0.728269 21.5447
0.728492 21.6238
0.728715 21.6594
0.728938 21.6994
0.729161 21.715
0.729384 21.7464
0.729606 21.811
0.729829 22.1102
0.730052 22.1348
0.730275 22.0433
0.730498 20.6297
0.730721 19.4762
0.730944 19.4913
0.731167 19.5065
0.73139 19.5827
0.731613 19.6049
0.731836 19.6528
0.732059 19.6674
0.732281 19.6863
0.732504 19.7339
0.732727 19.8539
0.73295 19.8588
0.733173 19.8886
0.733396 19.9148
0.733619 19.9489
0.733842 19.9833
0.734065 19.9964
0.734288 20.0072
0.734511 20.0596
0.734734 20.0669
0.734956 20.081
0.735179 20.1985
0.735402 20.204
0.735625 20.2452
0.735848 20.2641
0.736071 20.2823
0.736294 20.6092
0.736517 20.6362
0.73674 20.6441
0.736963 20.5441
0.737186 20.5466
0.737409 19.921
0.737631 18.8453
0.737854 18.9493
0.738077 19.0023
0.7383 19.038
0.738523 19.0517
0.738746 19.0652
0.738969 19.0775
0.739192 19.147
0.739415 19.1601
0.739638 19.1765
0.739861 19.1893
0.740084 19.2111
0.740306 19.2702
0.740529 19.2886
0.740752 18.694
0.740975 18.716
0.741198 18.7429
0.741421 18.7578
0.741644 18.7812
0.741867 18.7895
0.74209 18.778
0.742313 18.7957
0.742536 18.8541
0.742759 18.8659
0.742981 18.8603
0.743204 18.8898
0.743427 18.452
0.74365 18.0657
0.743873 17.9403
0.744096 18.1143
0.744319 18.1271
0.744542 18.1397
0.744765 18.1525
0.744988 18.1804
0.745211 18.1898
0.745434 18.3582
0.745656 18.3762
0.745879 18.5993
0.746102 18.6204
0.746325 18.6399
0.746548 18.9143
0.746771 18.9274
0.746994 19.2164
0.747217 19.2336
0.74744 19.2535
0.747663 19.381
0.747886 19.4027
0.748109 19.4002
0.748331 19.4085
0.748554 19.4245
0.748777 19.426
0.749 19.4582
0.749223 19.4665
0.749446 19.5107
0.749669 19.3567
0.749892 19.3838
0.750115 19.4888
0.750338 19.5124
0.750561 19.5358
0.750784 19.1271
0.751006 18.8212
0.751229 16.8478
0.751452 16.8586
0.751675 16.8792
0.751898 16.8991
0.752121 16.9137
0.752344 16.9266
0.752567 16.9394
0.75279 16.953
0.753013 16.9645
0.753236 17.0227
0.753459 17.0521
0.753681 17.0666
0.753904 17.0726
0.754127 17.0898
0.75435 17.0959
0.754573 17.1468
0.754796 17.2728
0.755019 17.2826
0.755242 17.3162
0.755465 17.3236
0.755688 17.3316
0.755911 17.3286
0.756134 17.3351
0.756356 17.3364
0.756579 17.3516
0.756802 17.3607
0.757025 17.3803
0.757248 17.3943
0.757471 17.365
0.757694 17.3966
0.757917 17.4161
0.75814 17.4244
0.758363 17.4913
0.758586 17.5118
0.758809 17.5364
0.759031 17.3357
0.759254 17.3051
0.759477 17.2365
0.7597 16.707
0.759923 16.7237
0.760146 16.7424
0.760369 16.7752
0.760592 16.8062
0.760815 16.8143
0.761038 16.8642
0.761261 16.8551
0.761484 16.8638
0.761706 16.8666
0.761929 16.8562
0.762152 16.8651
0.762375 16.8758
0.762598 16.8946
0.762821 16.9044
0.763044 17.0166
0.763267 17.0256
0.76349 17.0333
0.763713 17.0431
0.763936 17.0707
0.764159 17.0941
0.764381 17.1606
0.764604 17.1734
0.764827 17.1894
0.76505 17.214
0.765273 17.2308
0.765496 17.24
0.765719 17.2649
0.765942 17.2356
0.766165 17.1561
0.766388 16.8666
0.766611 16.084
0.766834 15.5797
0.767056 15.5898
0.767279 15.6063
0.767502 15.6247
0.767725 15.6333
0.767948 15.7358
0.768171 15.7552
0.768394 15.7692
0.768617 15.7901
0.76884 15.8007
0.769063 15.9552
0.769286 15.9642
0.769509 15.9951
0.769731 16.0195
0.769954 16.0458
0.770177 15.9645
0.7704 15.9803
0.770623 15.9975
0.770846 16.0095
0.771069 16.0424
0.771292 16.0321
0.771515 16.0604
0.771738 16.0723
0.771961 16.0791
0.772184 16.0997
0.772406 16.1374
0.772629 16.136
0.772852 16.1314
0.773075 16.1379
0.773298 16.1471
0.773521 16.2074
0.773744 16.2136
0.773967 16.2179
0.77419 14.776
0.774413 13.8989
0.774636 13.8634
0.774859 13.8759
0.775081 13.8528
0.775304 13.908
0.775527 13.9156
0.77575 13.9402
0.775973 13.9473
0.776196 13.9768
0.776419 14.0181
0.776642 14.0113
0.776865 14.0163
0.777088 14.0289
0.777311 14.0372
0.777534 14.0508
0.777756 14.1014
0.777979 14.1074
0.778202 14.1297
0.778425 14.1385
0.778648 14.1412
0.778871 14.2693
0.779094 14.2885
0.779317 14.298
0.77954 14.3153
0.779763 14.3164
0.779986 14.3453
0.780209 14.3586
0.780431 14.3672
0.780654 14.3698
0.780877 14.4934
0.7811 14.5279
0.781323 14.5341
0.781546 14.5398
0.781769 14.6018
0.781992 14.6182
0.782215 14.6267
0.782438 14.6511
0.782661 14.6576
0.782884 14.3501
0.783106 14.2459
0.783329 13.998
0.783552 14.0051
0.783775 14.003
0.783998 14.0097
0.784221 14.028
0.784444 14.0324
0.784667 14.0407
0.78489 14.0477
0.785113 14.1094
0.785336 14.1198
0.785559 14.133
0.785781 14.1419
0.786004 14.1448
0.786227 14.2389
0.78645 14.2486
0.786673 14.2723
0.786896 14.2827
0.787119 14.2804
0.787342 14.3016
0.787565 14.3132
0.787788 14.3251
0.788011 14.3356
0.788234 14.3473
0.788456 14.3581
0.788679 14.3868
0.788902 14.3899
0.789125 14.3949
0.789348 14.4314
0.789571 14.4565
0.789794 14.461
0.790017 14.4666
0.79024 14.4649
0.790463 14.4767
0.790686 14.4854
0.790909 14.5108
0.791131 14.5207
0.791354 14.5316
0.791577 14.5376
0.7918 14.5435
0.792023 14.3465
0.792246 14.2947
0.792469 14.2386
0.792692 13.6587
0.792915 13.6647
0.793138 13.683
0.793361 13.6866
0.793584 13.709
0.793806 13.7316
0.794029 13.7385
0.794252 13.7525
0.794475 13.7557
0.794698 13.7615
0.794921 13.7679
0.795144 13.7751
0.795367 13.7814
0.79559 13.789
0.795813 13.8014
0.796036 13.8166
0.796259 14.1175
0.796481 14.1213
0.796704 14.1263
0.796927 14.1337
0.79715 14.1851
0.797373 14.2454
0.797596 14.259
0.797819 14.2786
0.798042 14.2936
0.798265 14.3003
0.798488 14.3069
0.798711 14.3145
0.798934 14.3344
0.799156 14.3247
0.799379 14.2328
0.799602 14.2394
0.799825 14.2468
0.800048 14.2538
0.800271 14.2663
0.800494 14.2657
0.800717 14.2696
0.80094 14.2784
0.801163 14.2917
0.801386 14.3047
0.801609 14.0457
0.801831 14.0424
0.802054 13.6171
0.802277 13.5043
0.8025 13.5173
0.802723 13.5228
0.802946 13.5319
0.803169 13.5436
0.803392 13.5518
0.803615 13.5828
0.803838 13.5907
0.804061 13.613
0.804284 13.6303
0.804506 13.6447
0.804729 13.6504
0.804952 13.714
0.805175 13.7386
0.805398 13.7548
0.805621 13.7611
0.805844 13.7838
0.806067 13.7979
0.80629 13.7983
0.806513 13.8106
0.806736 13.8217
0.806959 13.8382
0.807181 13.84
0.807404 13.8692
0.807627 13.8765
0.80785 13.8891
0.808073 13.9139
0.808296 13.9073
0.808519 13.9145
0.808742 13.9235
0.808965 13.9302
0.809188 13.936
0.809411 13.9469
0.809634 13.9785
0.809856 14.0029
0.810079 14.0246
0.810302 14.0319
0.810525 14.0438
0.810748 14.0449
0.810971 13.9934
0.811194 12.6239
0.811417 12.1773
0.81164 12.1795
0.811863 12.1853
0.812086 12.1891
0.812309 12.1952
0.812531 12.2082
0.812754 12.2237
0.812977 12.2299
0.8132 12.2357
0.813423 12.2524
0.813646 12.2812
0.813869 12.2901
0.814092 12.2987
0.814315 12.2592
0.814538 12.2654
0.814761 12.2707
0.814984 12.28
0.815206 12.2857
0.815429 12.2886
0.815652 12.2805
0.815875 12.2904
0.816098 12.2991
0.816321 12.3064
0.816544 12.3119
0.816767 12.3332
0.81699 12.3419
0.817213 12.3487
0.817436 12.3533
0.817659 12.3624
0.817881 12.3669
0.818104 12.376
0.818327 12.3902
0.81855 12.3944
0.818773 12.3994
0.818996 12.3877
0.819219 12.3933
0.819442 12.3978
0.819665 12.4037
0.819888 12.4244
0.820111 12.4382
0.820334 12.451
0.820556 12.4446
0.820779 12.4562
0.821002 12.4636
0.821225 12.4907
0.821448 12.4823
0.821671 12.027
0.821894 12.0117
0.822117 11.9418
0.82234 11.9528
0.822563 11.9604
0.822786 11.956
0.823009 11.9637
0.823231 12.0394
0.823454 12.06
0.823677 12.0694
0.8239 12.0751
0.824123 12.0867
0.824346 12.1088
0.824569 12.1231
0.824792 12.1382
0.825015 12.1479
0.825238 12.1542
0.825461 12.1661
0.825684 12.169
0.825906 12.1728
0.826129 12.187
0.826352 12.1984
0.826575 12.2109
0.826798 12.2192
0.827021 12.2329
0.827244 12.2378
0.827467 12.2439
0.82769 12.2894
0.827913 12.2969
0.828136 12.2993
0.828359 12.3113
0.828581 12.3184
0.828804 12.3272
0.829027 12.3366
0.82925 12.3463
0.829473 12.3501
0.829696 12.3721
0.829919 12.3779
0.830142 12.3868
0.830365 12.396
0.830588 12.4071
0.830811 12.4186
0.831034 12.4345
0.831256 12.4386
0.831479 12.4494
0.831702 12.4776
0.831925 12.4593
0.832148 12.2056
0.832371 11.9747
0.832594 11.8076
0.832817 11.712
0.83304 11.7162
0.833263 11.7225
0.833486 11.7272
0.833709 11.7341
0.833931 11.7443
0.834154 11.7649
0.834377 11.8216
0.8346 11.8297
0.834823 11.8427
0.835046 11.8493
0.835269 11.8682
0.835492 11.8767
0.835715 11.8879
0.835938 11.8964
0.836161 11.9222
0.836384 11.9378
0.836606 11.9472
0.836829 11.9587
0.837052 11.9725
0.837275 11.9782
0.837498 11.9834
0.837721 11.9793
0.837944 11.9872
0.838167 11.9985
0.83839 12.0044
0.838613 12.0123
0.838836 12.0186
0.839059 12.0147
0.839281 12.0246
0.839504 12.0892
0.839727 12.0948
0.83995 12.1048
0.840173 12.1183
0.840396 12.1257
0.840619 12.1266
0.840842 12.1471
0.841065 12.1576
0.841288 12.1687
0.841511 12.1726
0.841734 12.0814
0.841956 12.0892
0.842179 12.096
0.842402 12.1063
0.842625 12.1082
0.842848 11.6896
0.843071 11.6082
0.843294 11.1028
0.843517 11.0634
0.84374 11.0661
0.843963 11.0713
0.844186 11.0784
0.844409 11.1001
0.844631 11.1237
0.844854 11.1259
0.845077 11.1515
0.8453 11.1725
0.845523 11.196
0.845746 11.2144
0.845969 11.2207
0.846192 11.2268
0.846415 11.2591
0.846638 11.2883
0.846861 11.2983
0.847084 11.2993
0.847306 11.3301
0.847529 11.3367
0.847752 11.3524
0.847975 11.3595
0.848198 11.3659
0.848421 11.3698
0.848644 11.3752
0.848867 11.3832
0.84909 11.4012
0.849313 11.4042
0.849536 11.4116
0.849759 11.4087
0.849981 11.406
0.850204 11.4094
0.850427 11.4412
0.85065 11.4495
0.850873 11.4453
0.851096 11.4667
0.851319 11.4908
0.851542 11.4933
0.851765 11.5039
0.851988 11.5438
0.852211 11.5774
0.852434 11.5835
0.852656 11.5915
0.852879 11.5969
0.853102 11.6053
0.853325 11.6079
0.853548 11.6234
0.853771 11.5823
0.853994 11.2041
0.854217 11.0769
0.85444 10.7574
0.854663 10.7675
0.854886 10.8176
0.855109 10.8293
0.855331 10.8427
0.855554 10.8501
0.855777 10.8683
0.856 10.8825
0.856223 10.8866
0.856446 10.8967
0.856669 10.9031
0.856892 10.9809
0.857115 10.9888
0.857338 10.9919
0.857561 10.9978
0.857784 11.0021
0.858007 11.0157
0.858229 11.0485
0.858452 11.0537
0.858675 11.0579
0.858898 11.0453
0.859121 11.0532
0.859344 11.1198
0.859567 11.1277
0.85979 11.1325
0.860013 11.1396
0.860236 11.1631
0.860459 11.1789
0.860682 11.1826
0.860904 11.1919
0.861127 11.1962
0.86135 11.2039
0.861573 11.2106
0.861796 11.2116
0.862019 11.2112
0.862242 11.215
0.862465 11.2226
0.862688 11.2368
0.862911 11.2492
0.863134 11.2872
0.863357 11.2834
0.863579 11.2937
0.863802 11.2997
0.864025 11.3006
0.864248 11.3088
0.864471 11.3006
0.864694 11.3057
0.864917 11.3148
0.86514 11.3214
0.865363 11.3286
0.865586 11.3331
0.865809 11.355
0.866032 11.3638
0.866254 11.3841
0.866477 11.3386
0.8667 11.3005
0.866923 11.2047
0.867146 10.9745
0.867369 10.9547
0.867592 10.97
0.867815 10.9778
0.868038 10.9871
0.868261 10.9926
0.868484 11.0008
0.868707 11.007
0.868929 11.012
0.869152 11.0165
0.869375 11.0219
0.869598 11.0372
0.869821 11.043
0.870044 11.0758
0.870267 11.0826
0.87049 11.0875
0.870713 11.114
0.870936 11.1243
0.871159 11.137
0.871382 11.142
0.871604 11.1488
0.871827 11.1663
0.87205 11.1836
0.872273 11.1908
0.872496 11.1992
0.872719 11.2072
0.872942 11.2238
0.873165 11.2259
0.873388 11.2345
0.873611 11.2425
0.873834 11.2499
0.874057 11.2622
0.874279 11.2712
0.874502 11.2771
0.874725 11.2939
0.874948 11.2945
0.875171 11.3181
0.875394 11.3365
0.875617 11.3438
0.87584 11.3496
0.876063 11.331
0.876286 11.3379
0.876509 11.3442
0.876732 11.353
0.876954 11.4194
0.877177 11.4215
0.8774 11.4266
0.877623 11.4334
0.877846 11.4638
0.878069 11.4372
0.878292 11.2611
0.878515 10.3838
0.878738 10.3808
0.878961 10.3076
0.879184 10.3008
0.879407 10.3079
0.879629 10.3366
0.879852 10.4052
0.880075 10.4245
0.880298 10.4536
0.880521 10.4611
0.880744 10.4721
0.880967 10.4786
0.88119 10.5136
0.881413 10.5198
0.881636 10.546
0.881859 10.5536
0.882082 10.5639
0.882304 10.5648
0.882527 10.5838
0.88275 10.6028
0.882973 10.6093
0.883196 10.652
0.883419 10.6938
0.883642 10.7154
0.883865 10.7386
0.884088 10.7416
0.884311 10.7482
0.884534 10.7554
0.884757 10.7784
0.884979 10.7872
0.885202 10.7966
0.885425 10.8559
0.885648 10.8637
0.885871 10.8709
0.886094 10.8963
0.886317 10.9046
0.88654 10.9282
0.886763 10.9383
0.886986 10.9468
0.887209 10.9605
0.887432 10.971
0.887654 10.9821
0.887877 11.0045
0.8881 11.0134
0.888323 11.0146
0.888546 11.0158
0.888769 11.0287
0.888992 11.0369
0.889215 11.0423
0.889438 11.0494
0.889661 11.0566
0.889884 11.0678
0.890107 11.0762
0.890329 11.084
0.890552 11.0948
0.890775 11.1101
0.890998 10.7117
0.891221 10.6769
0.891444 10.6328
0.891667 10.5387
0.89189 10.4494
0.892113 10.467
0.892336 10.4846
0.892559 10.4912
0.892782 10.4947
0.893004 10.5025
0.893227 10.5167
0.89345 10.5234
0.893673 10.5502
0.893896 10.56
0.894119 10.5162
0.894342 10.524
0.894565 10.5421
0.894788 10.5729
0.895011 10.578
0.895234 10.6035
0.895457 10.6093
0.895679 10.6224
0.895902 10.6264
0.896125 10.6327
0.896348 10.6552
0.896571 10.6698
0.896794 10.6774
0.897017 10.6789
0.89724 10.6886
0.897463 10.6958
0.897686 10.6991
0.897909 10.7032
0.898132 10.7103
0.898354 10.7292
0.898577 10.7415
0.8988 10.7505
0.899023 10.7777
0.899246 10.7845
0.899469 10.7927
0.899692 10.8106
0.899915 10.824
0.900138 10.8426
0.900361 10.8553
0.900584 10.8621
0.900807 10.8649
0.901029 10.8747
0.901252 10.8793
0.901475 10.8902
0.901698 10.9501
0.901921 10.9801
0.902144 10.9892
0.902367 11.0027
0.90259 11.0146
0.902813 11.0275
0.903036 11.0331
0.903259 11.1305
0.903482 11.162
0.903704 10.9638
0.903927 10.691
0.90415 10.5543
0.904373 10.2153
0.904596 10.184
0.904819 10.2022
0.905042 10.2037
0.905265 10.2109
0.905488 10.2229
0.905711 10.2307
0.905934 10.2424
0.906157 10.2488
0.906379 10.2577
0.906602 10.2649
0.906825 10.2972
0.907048 10.3131
0.907271 10.3229
0.907494 10.3326
0.907717 10.3398
0.90794 10.3513
0.908163 10.3592
0.908386 10.3734
0.908609 10.3651
0.908832 10.37
0.909054 10.3889
0.909277 10.3957
0.9095 10.3612
0.909723 10.3777
0.909946 10.3923
0.910169 10.398
0.910392 10.4102
0.910615 10.4666
0.910838 10.4806
0.911061 10.4952
0.911284 10.5012
0.911507 10.5626
0.911729 10.5689
0.911952 10.5826
0.912175 10.5991
0.912398 10.591
0.912621 10.5987
0.912844 10.6129
0.913067 10.6193
0.91329 10.632
0.913513 10.6417
0.913736 10.6479
0.913959 10.6674
0.914182 10.6738
0.914404 10.6811
0.914627 10.7114
0.91485 10.7264
0.915073 10.7363
0.915296 10.7511
0.915519 10.7895
0.915742 10.8073
0.915965 10.8285
0.916188 10.8453
0.916411 10.8548
0.916634 10.5651
0.916857 10.4105
0.917079 10.2722
0.917302 10.0669
0.917525 10.0814
0.917748 10.087
0.917971 10.0928
0.918194 10.1184
0.918417 10.1733
0.91864 10.1822
0.918863 10.2058
0.919086 10.229
0.919309 10.2335
0.919532 10.2444
0.919754 10.2513
0.919977 10.2581
0.9202 10.2673
0.920423 10.2967
0.920646 10.3063
0.920869 10.3142
0.921092 10.3245
0.921315 10.335
0.921538 10.3427
0.921761 10.3689
0.921984 10.3684
0.922207 10.3718
0.922429 10.3832
0.922652 10.3885
0.922875 10.3928
0.923098 10.3897
0.923321 10.4032
0.923544 10.3788
0.923767 10.3836
0.92399 10.4042
0.924213 10.4246
0.924436 10.4314
0.924659 10.4429
0.924882 10.4566
0.925104 10.4936
0.925327 10.5033
0.92555 10.5173
0.925773 10.524
0.925996 10.5348
0.926219 10.5665
0.926442 10.5771
0.926665 10.5784
0.926888 10.5932
0.927111 10.5805
0.927334 10.609
0.927557 10.6527
0.927779 10.6707
0.928002 10.6881
0.928225 10.7194
0.928448 10.7345
0.928671 10.7364
0.928894 10.7484
0.929117 10.7557
0.92934 10.8107
0.929563 11.1034
0.929786 11.1148
0.930009 11.1288
0.930232 11.141
0.930454 10.8374
0.930677 10.6607
0.9309 10.6519
0.931123 10.5493
0.931346 10.5829
0.931569 10.5564
0.931792 10.5658
0.932015 10.5841
0.932238 10.5988
0.932461 10.6074
0.932684 10.6201
0.932907 10.6485
0.933129 10.661
0.933352 10.675
0.933575 10.6447
0.933798 10.6536
0.934021 10.6775
0.934244 10.676
0.934467 10.6948
0.93469 10.7083
0.934913 10.719
0.935136 10.7931
0.935359 10.8017
0.935582 10.8103
0.935804 10.8181
0.936027 10.8363
0.93625 10.9639
0.936473 10.9728
0.936696 10.9954
0.936919 11.008
0.937142 11.0442
0.937365 11.0566
0.937588 11.0728
0.937811 11.0952
0.938034 11.1248
0.938257 11.1388
0.938479 11.1451
0.938702 11.1943
0.938925 11.203
0.939148 11.2341
0.939371 11.2511
0.939594 11.341
0.939817 11.3141
0.94004 11.3172
0.940263 11.3372
0.940486 11.3692
0.940709 11.3853
0.940932 11.4479
0.941154 11.4625
0.941377 11.4714
0.9416 11.4757
0.941823 11.4978
0.942046 11.5505
0.942269 11.568
0.942492 11.5734
0.942715 11.5981
0.942938 11.5861
0.943161 11.647
0.943384 11.6598
0.943607 11.5729
0.943829 11.2691
0.944052 10.6701
0.944275 10.6343
0.944498 10.4411
0.944721 10.4604
0.944944 10.4697
0.945167 10.4795
0.94539 10.5065
0.945613 10.5558
0.945836 10.5646
0.946059 10.5963
0.946282 10.6183
0.946504 10.6275
0.946727 10.6613
0.94695 10.7169
0.947173 10.7809
0.947396 10.7897
0.947619 10.8032
0.947842 10.8172
0.948065 10.8365
0.948288 10.8538
0.948511 10.8648
0.948734 10.874
0.948957 10.8483
0.949179 10.8575
0.949402 10.8704
0.949625 10.9009
0.949848 10.911
0.950071 10.9308
0.950294 10.9406
0.950517 10.947
0.95074 10.9727
0.950963 10.9789
0.951186 11.0053
0.951409 11.0331
0.951632 11.0428
0.951854 11.0666
0.952077 11.1026
0.9523 11.2361
0.952523 11.2492
0.952746 11.2668
0.952969 11.2793
0.953192 11.298
0.953415 11.3105
0.953638 11.323
0.953861 11.313
0.954084 11.3268
0.954307 11.3487
0.954529 11.3684
0.954752 11.3914
0.954975 11.4133
0.955198 11.4226
0.955421 11.4818
0.955644 11.5071
0.955867 11.5341
0.95609 11.5477
0.956313 11.5624
0.956536 11.5747
0.956759 11.6041
0.956982 11.6925
0.957204 11.6803
0.957427 11.4975
0.95765 11.4417
0.957873 10.883
0.958096 10.7484
0.958319 10.7505
0.958542 10.7778
0.958765 10.7935
0.958988 10.7951
0.959211 10.8051
0.959434 10.8206
0.959657 10.8448
0.959879 10.8861
0.960102 10.8985
0.960325 10.9106
0.960548 10.9311
0.960771 10.9431
0.960994 11.0131
0.961217 11.0367
0.96144 11.063
0.961663 11.0831
0.961886 11.1071
0.962109 11.1239
0.962332 11.1306
0.962554 11.1382
0.962777 11.1827
0.963 11.2176
0.963223 11.2672
0.963446 11.3136
0.963669 11.3689
0.963892 11.5004
0.964115 11.5166
0.964338 11.5383
0.964561 11.5768
0.964784 11.6181
0.965007 11.6341
0.965229 11.6706
0.965452 11.7395
0.965675 11.7497
0.965898 11.7827
0.966121 11.783
0.966344 11.838
0.966567 11.9159
0.96679 11.944
0.967013 11.9692
0.967236 12.1119
0.967459 12.1747
0.967682 12.3342
0.967904 12.3602
0.968127 12.4103
0.96835 12.4283
0.968573 12.4531
0.968796 12.5115
0.969019 12.3932
0.969242 12.4327
0.969465 12.3347
0.969688 11.9518
0.969911 12.0809
0.970134 12.1784
0.970357 12.2106
0.970579 12.2469
0.970802 12.4531
0.971025 12.4772
0.971248 12.4995
0.971471 12.5338
0.971694 12.5528
0.971917 12.589
0.97214 12.6295
0.972363 12.6633
0.972586 12.6839
0.972809 12.7127
0.973032 12.7364
0.973254 12.7871
0.973477 12.817
0.9737 12.8436
0.973923 12.9097
0.974146 12.9289
0.974369 13.0638
0.974592 13.3521
0.974815 13.3999
0.975038 13.4612
0.975261 13.5294
0.975484 13.5626
0.975707 13.5929
0.975929 13.6429
0.976152 13.6654
0.976375 13.7471
0.976598 13.9035
0.976821 14.0365
0.977044 14.0967
0.977267 14.2125
0.97749 14.2666
0.977713 14.2957
0.977936 14.4027
0.978159 14.5402
0.978382 14.5938
0.978604 14.7475
0.978827 14.749
0.97905 14.6843
0.979273 14.7091
0.979496 14.7283
0.979719 14.8662
0.979942 14.8974
0.980165 15.1057
0.980388 15.151
0.980611 15.1957
0.980834 15.2599
0.981057 14.8326
0.981279 14.096
0.981502 11.687
0.981725 12.0753
0.981948 12.1575
0.982171 12.3249
0.982394 12.3662
0.982617 12.3439
0.98284 12.3974
0.983063 12.4629
0.983286 12.2761
0.983509 12.4087
0.983732 12.4856
0.983954 12.5317
0.984177 12.586
0.9844 12.7587
0.984623 12.8484
0.984846 12.8975
0.985069 12.9497
0.985292 13.0464
0.985515 13.1345
0.985738 13.2394
0.985961 13.362
0.986184 13.4221
0.986407 13.4697
0.986629 13.524
0.986852 13.5814
0.987075 13.7779
0.987298 13.8245
0.987521 13.9648
0.987744 14.0896
0.987967 14.1389
0.98819 14.26
0.988413 14.7282
0.988636 14.7997
0.988859 15.1452
0.989082 15.2826
0.989304 15.2933
0.989527 15.4962
0.98975 15.6216
0.989973 15.7403
0.990196 16.1206
0.990419 16.4046
0.990642 16.8865
0.990865 12.8798
0.991088 12.3602
0.991311 10.2751
0.991534 10.2838
0.991757 10.3349
0.991979 10.3817
0.992202 10.4362
0.992425 10.501
0.992648 10.5681
0.992871 10.5959
0.993094 10.7994
0.993317 10.8578
0.99354 10.9389
0.993763 11.0284
0.993986 11.1431
0.994209 11.24
0.994432 11.3708
0.994654 11.4676
0.994877 11.5225
0.9951 11.6785
0.995323 11.7695
0.995546 11.5141
0.995769 11.7635
0.995992 12.0083
0.996215 12.3567
0.996438 12.5141
0.996661 12.979
0.996884 13.7295
0.997107 14.8449
0.997329 15.5197
0.997552 16.3921
0.997775 17.2058
0.997998 19.8939
0.998221 21.2222
0.998444 22.7088
0.998667 26.441
0.99889 33.0921
0.999113 53.5732
0.999336 14.5686
0.999559 5
0.999782 -nan
