0 1
0.000264099 1.0003
0.000528198 1.00045
0.000792297 1.0006
0.0010564 1.00075
0.00132049 1.00135
0.00158459 1.00157
0.00184869 1.0018
0.00211279 1.00202
0.00237689 1.00224
0.00264099 1.00247
0.00290509 1.00269
0.00316919 1.00389
0.00343329 1.00418
0.00369738 1.00448
0.00396148 1.00478
0.00422558 1.00508
0.00448968 1.00538
0.00475378 1.00567
0.00501788 1.00597
0.00528198 1.00627
0.00554608 1.00657
0.00581018 1.00686
0.00607428 1.00716
0.00633837 1.00746
0.00660247 1.00775
0.00686657 1.00805
0.00713067 1.00835
0.00739477 1.00864
0.00765887 1.00894
0.00792297 1.00924
0.00818707 1.00956
0.00845117 1.00986
0.00871526 1.01016
0.00897936 1.01045
0.00924346 1.01075
0.00950756 1.01105
0.00977166 1.01135
0.0100358 1.01164
0.0102999 1.01194
0.010564 1.01223
0.0108281 1.01253
0.0110922 1.01282
0.0113563 1.01312
0.0116204 1.01347
0.0118845 1.01377
0.0121486 1.01407
0.0124126 1.01437
0.0126767 1.01466
0.0129408 1.01496
0.0132049 1.01532
0.013469 1.01562
0.0137331 1.01592
0.0139972 1.01623
0.0142613 1.01653
0.0145254 1.01683
0.0147895 1.01713
0.0150536 1.01751
0.0153177 1.01782
0.0155818 1.01812
0.0158459 1.01843
0.01611 1.01873
0.0163741 1.01903
0.0166382 1.01933
0.0169023 1.01964
0.0171664 1.01993
0.0174305 1.02024
0.0176946 1.02054
0.0179587 1.02085
0.0182228 1.02116
0.0184869 1.02147
0.018751 1.02177
0.0190151 1.02208
0.0192792 1.02238
0.0195433 1.02269
0.0198074 1.023
0.0200715 1.0233
0.0203356 1.0236
0.0205997 1.02391
0.0208638 1.02421
0.0211279 1.02452
0.021392 1.02483
0.0216561 1.02513
0.0219202 1.02544
0.0221843 1.02574
0.0224484 1.02605
0.0227125 1.02635
0.0229766 1.02666
0.0232407 1.02696
0.0235048 1.02727
0.0237689 1.02757
0.024033 1.02788
0.0242971 1.02819
0.0245612 1.02849
0.0248253 1.0288
0.0250894 1.0291
0.0253535 1.02941
0.0256176 1.02972
0.0258817 1.03002
0.0261458 1.03033
0.0264099 1.03064
0.026674 1.03094
0.0269381 1.03124
0.0272022 1.03154
0.0274663 1.03185
0.0277304 1.03216
0.0279945 1.03247
0.0282586 1.03277
0.0285227 1.03308
0.0287868 1.03339
0.0290509 1.03369
0.029315 1.034
0.0295791 1.03436
0.0298432 1.03466
0.0301073 1.03497
0.0303714 1.03531
0.0306355 1.03562
0.0308996 1.03593
0.0311637 1.03624
0.0314278 1.03655
0.0316919 1.03685
0.031956 1.03718
0.0322201 1.03749
0.0324842 1.0378
0.0327483 1.0381
0.0330124 1.03841
0.0332765 1.03872
0.0335406 1.03903
0.0338047 1.03935
0.0340688 1.03965
0.0343329 1.03996
0.034597 1.04027
0.0348611 1.04058
0.0351252 1.04089
0.0353893 1.0412
0.0356534 1.0415
0.0359175 1.04182
0.0361816 1.04212
0.0364457 1.04243
0.0367098 1.04274
0.0369738 1.04306
0.0372379 1.04337
0.037502 1.04368
0.0377661 1.04399
0.0380302 1.0443
0.0382943 1.04461
0.0385584 1.04492
0.0388225 1.04523
0.0390866 1.04554
0.0393507 1.04584
0.0396148 1.04615
0.0398789 1.04647
0.040143 1.04678
0.0404071 1.04709
0.0406712 1.0474
0.0409353 1.0477
0.0411994 1.04802
0.0414635 1.04833
0.0417276 1.04864
0.0419917 1.04895
0.0422558 1.04926
0.0425199 1.04957
0.042784 1.04989
0.0430481 1.0502
0.0433122 1.05051
0.0435763 1.05082
0.0438404 1.05114
0.0441045 1.05145
0.0443686 1.0518
0.0446327 1.05211
0.0448968 1.05242
0.0451609 1.05273
0.045425 1.05305
0.0456891 1.05336
0.0459532 1.05367
0.0462173 1.05398
0.0464814 1.05429
0.0467455 1.0546
0.0470096 1.05492
0.0472737 1.05523
0.0475378 1.05555
0.0478019 1.05586
0.048066 1.05617
0.0483301 1.05648
0.0485942 1.0568
0.0488583 1.05711
0.0491224 1.05742
0.0493865 1.05774
0.0496506 1.05805
0.0499147 1.05837
0.0501788 1.05868
0.0504429 1.059
0.050707 1.05931
0.0509711 1.05962
0.0512352 1.05994
0.0514993 1.06025
0.0517634 1.06056
0.0520275 1.06088
0.0522916 1.06119
0.0525557 1.0615
0.0528198 1.06182
0.0530839 1.06215
0.053348 1.06246
0.0536121 1.06277
0.0538762 1.0631
0.0541403 1.06342
0.0544044 1.06373
0.0546685 1.06405
0.0549326 1.06437
0.0551967 1.06469
0.0554608 1.065
0.0557249 1.06531
0.055989 1.06561
0.0562531 1.06593
0.0565172 1.06625
0.0567813 1.06656
0.0570454 1.06687
0.0573095 1.06719
0.0575736 1.06751
0.0578377 1.06782
0.0581018 1.06813
0.0583659 1.06845
0.05863 1.06877
0.0588941 1.06909
0.0591582 1.06939
0.0594223 1.0697
0.0596864 1.07006
0.0599505 1.07039
0.0602146 1.0707
0.0604787 1.07101
0.0607428 1.07133
0.0610069 1.07165
0.0612709 1.07197
0.061535 1.07229
0.0617991 1.07261
0.0620632 1.07292
0.0623273 1.07323
0.0625914 1.07356
0.0628555 1.07387
0.0631196 1.07419
0.0633837 1.07451
0.0636478 1.07484
0.0639119 1.07515
0.064176 1.07548
0.0644401 1.0758
0.0647042 1.07611
0.0649683 1.07643
0.0652324 1.07675
0.0654965 1.07707
0.0657606 1.07739
0.0660247 1.07771
0.0662888 1.07804
0.0665529 1.07835
0.066817 1.07867
0.0670811 1.07901
0.0673452 1.07933
0.0676093 1.07964
0.0678734 1.07997
0.0681375 1.0803
0.0684016 1.08062
0.0686657 1.08094
0.0689298 1.08126
0.0691939 1.08159
0.069458 1.08191
0.0697221 1.08223
0.0699862 1.08255
0.0702503 1.08287
0.0705144 1.08318
0.0707785 1.08351
0.0710426 1.08382
0.0713067 1.08414
0.0715708 1.08446
0.0718349 1.08478
0.072099 1.08511
0.0723631 1.08544
0.0726272 1.08576
0.0728913 1.08609
0.0731554 1.08641
0.0734195 1.08672
0.0736836 1.08705
0.0739477 1.08737
0.0742118 1.0877
0.0744759 1.08802
0.07474 1.08834
0.0750041 1.08867
0.0752682 1.08899
0.0755323 1.08931
0.0757964 1.08963
0.0760605 1.08996
0.0763246 1.09027
0.0765887 1.09059
0.0768528 1.09092
0.0771169 1.09124
0.077381 1.09156
0.0776451 1.09188
0.0779092 1.09221
0.0781733 1.09254
0.0784374 1.09287
0.0787015 1.09319
0.0789656 1.09351
0.0792297 1.09383
0.0794938 1.09415
0.0797579 1.09448
0.080022 1.0948
0.0802861 1.09512
0.0805502 1.09545
0.0808143 1.09578
0.0810784 1.09611
0.0813425 1.09644
0.0816066 1.09676
0.0818707 1.09708
0.0821348 1.09741
0.0823989 1.09773
0.082663 1.09805
0.0829271 1.09838
0.0831912 1.09871
0.0834553 1.09903
0.0837194 1.09936
0.0839835 1.09969
0.0842476 1.10002
0.0845117 1.10037
0.0847758 1.1007
0.0850399 1.10102
0.085304 1.10133
0.0855681 1.10167
0.0858321 1.102
0.0860962 1.10232
0.0863603 1.10265
0.0866244 1.10297
0.0868885 1.1033
0.0871526 1.10363
0.0874167 1.10396
0.0876808 1.10428
0.0879449 1.10461
0.088209 1.10494
0.0884731 1.10527
0.0887372 1.10559
0.0890013 1.10592
0.0892654 1.10624
0.0895295 1.10656
0.0897936 1.10689
0.0900577 1.10722
0.0903218 1.10754
0.0905859 1.10786
0.09085 1.10819
0.0911141 1.10852
0.0913782 1.10884
0.0916423 1.10917
0.0919064 1.1095
0.0921705 1.10983
0.0924346 1.11016
0.0926987 1.11049
0.0929628 1.11082
0.0932269 1.11115
0.093491 1.11148
0.0937551 1.11181
0.0940192 1.11214
0.0942833 1.11248
0.0945474 1.11281
0.0948115 1.11313
0.0950756 1.11347
0.0953397 1.1138
0.0956038 1.11412
0.0958679 1.11445
0.096132 1.11479
0.0963961 1.11513
0.0966602 1.11546
0.0969243 1.11579
0.0971884 1.11612
0.0974525 1.11645
0.0977166 1.11678
0.0979807 1.1171
0.0982448 1.11744
0.0985089 1.11778
0.098773 1.11811
0.0990371 1.11845
0.0993012 1.11877
0.0995653 1.1191
0.0998294 1.11943
0.100093 1.11975
0.100358 1.1201
0.100622 1.12043
0.100886 1.12075
0.10115 1.12109
0.101414 1.12143
0.101678 1.12176
0.101942 1.12208
0.102206 1.12242
0.10247 1.12274
0.102734 1.12309
0.102999 1.12342
0.103263 1.12374
0.103527 1.12407
0.103791 1.12439
0.104055 1.12472
0.104319 1.12506
0.104583 1.12539
0.104847 1.12572
0.105111 1.12606
0.105375 1.1264
0.10564 1.12673
0.105904 1.12706
0.106168 1.12739
0.106432 1.12772
0.106696 1.12806
0.10696 1.1284
0.107224 1.12874
0.107488 1.12908
0.107752 1.12942
0.108016 1.12976
0.108281 1.13008
0.108545 1.13041
0.108809 1.13075
0.109073 1.13109
0.109337 1.13142
0.109601 1.13176
0.109865 1.13211
0.110129 1.13244
0.110393 1.13278
0.110657 1.13311
0.110922 1.13344
0.111186 1.13378
0.11145 1.13412
0.111714 1.13446
0.111978 1.1348
0.112242 1.13513
0.112506 1.13546
0.11277 1.1358
0.113034 1.13615
0.113298 1.13649
0.113563 1.1368
0.113827 1.13713
0.114091 1.13746
0.114355 1.13779
0.114619 1.13813
0.114883 1.13846
0.115147 1.13881
0.115411 1.13915
0.115675 1.13949
0.115939 1.13983
0.116204 1.14016
0.116468 1.14049
0.116732 1.14082
0.116996 1.14116
0.11726 1.1415
0.117524 1.14185
0.117788 1.1422
0.118052 1.14256
0.118316 1.1429
0.11858 1.14325
0.118845 1.14358
0.119109 1.14392
0.119373 1.14426
0.119637 1.1446
0.119901 1.14494
0.120165 1.14527
0.120429 1.14559
0.120693 1.14593
0.120957 1.14627
0.121221 1.14661
0.121486 1.14696
0.12175 1.14729
0.122014 1.14762
0.122278 1.14797
0.122542 1.14832
0.122806 1.14867
0.12307 1.14903
0.123334 1.14937
0.123598 1.1497
0.123862 1.15005
0.124126 1.15039
0.124391 1.15073
0.124655 1.15106
0.124919 1.15141
0.125183 1.15175
0.125447 1.15208
0.125711 1.15241
0.125975 1.15275
0.126239 1.15309
0.126503 1.15343
0.126767 1.15378
0.127032 1.15411
0.127296 1.15445
0.12756 1.15478
0.127824 1.15512
0.128088 1.15546
0.128352 1.1558
0.128616 1.15615
0.12888 1.15648
0.129144 1.15682
0.129408 1.15715
0.129673 1.1575
0.129937 1.15783
0.130201 1.15817
0.130465 1.15852
0.130729 1.15885
0.130993 1.1592
0.131257 1.15955
0.131521 1.15988
0.131785 1.16022
0.132049 1.16057
0.132314 1.16092
0.132578 1.16127
0.132842 1.16161
0.133106 1.16195
0.13337 1.16229
0.133634 1.16262
0.133898 1.16296
0.134162 1.1633
0.134426 1.16364
0.13469 1.16397
0.134955 1.1643
0.135219 1.16464
0.135483 1.16499
0.135747 1.16534
0.136011 1.16568
0.136275 1.16602
0.136539 1.16636
0.136803 1.16671
0.137067 1.16706
0.137331 1.16741
0.137596 1.16773
0.13786 1.16809
0.138124 1.16844
0.138388 1.16879
0.138652 1.16914
0.138916 1.16947
0.13918 1.16983
0.139444 1.17018
0.139708 1.17054
0.139972 1.17089
0.140237 1.17124
0.140501 1.17158
0.140765 1.17193
0.141029 1.17227
0.141293 1.17262
0.141557 1.17295
0.141821 1.17331
0.142085 1.17366
0.142349 1.17401
0.142613 1.17434
0.142878 1.17471
0.143142 1.17505
0.143406 1.17541
0.14367 1.17577
0.143934 1.17611
0.144198 1.17644
0.144462 1.17679
0.144726 1.17714
0.14499 1.17748
0.145254 1.17783
0.145519 1.17817
0.145783 1.17853
0.146047 1.17887
0.146311 1.17921
0.146575 1.17957
0.146839 1.17991
0.147103 1.18027
0.147367 1.18061
0.147631 1.18097
0.147895 1.18131
0.148159 1.18167
0.148424 1.18202
0.148688 1.18237
0.148952 1.18271
0.149216 1.18306
0.14948 1.18341
0.149744 1.18376
0.150008 1.18409
0.150272 1.18444
0.150536 1.18479
0.1508 1.18513
0.151065 1.18548
0.151329 1.18583
0.151593 1.18617
0.151857 1.18651
0.152121 1.18686
0.152385 1.18721
0.152649 1.18756
0.152913 1.18791
0.153177 1.18825
0.153441 1.18859
0.153706 1.18893
0.15397 1.18928
0.154234 1.18963
0.154498 1.18997
0.154762 1.19032
0.155026 1.19066
0.15529 1.191
0.155554 1.19134
0.155818 1.19168
0.156082 1.19204
0.156347 1.19239
0.156611 1.19275
0.156875 1.19311
0.157139 1.19345
0.157403 1.19379
0.157667 1.19415
0.157931 1.19449
0.158195 1.19484
0.158459 1.19519
0.158723 1.19553
0.158988 1.19588
0.159252 1.19623
0.159516 1.19657
0.15978 1.19691
0.160044 1.19725
0.160308 1.1976
0.160572 1.19795
0.160836 1.19829
0.1611 1.19864
0.161364 1.19899
0.161629 1.19934
0.161893 1.19969
0.162157 1.20005
0.162421 1.2004
0.162685 1.20074
0.162949 1.20111
0.163213 1.20146
0.163477 1.20182
0.163741 1.2022
0.164005 1.20255
0.16427 1.20291
0.164534 1.20327
0.164798 1.20362
0.165062 1.20399
0.165326 1.20434
0.16559 1.20468
0.165854 1.20503
0.166118 1.20538
0.166382 1.20573
0.166646 1.20609
0.166911 1.20644
0.167175 1.20678
0.167439 1.20714
0.167703 1.2075
0.167967 1.20785
0.168231 1.20821
0.168495 1.20856
0.168759 1.20891
0.169023 1.20926
0.169287 1.20962
0.169552 1.20998
0.169816 1.21033
0.17008 1.21069
0.170344 1.21105
0.170608 1.21141
0.170872 1.21177
0.171136 1.21213
0.1714 1.21248
0.171664 1.21283
0.171928 1.21321
0.172192 1.21355
0.172457 1.2139
0.172721 1.21427
0.172985 1.21464
0.173249 1.215
0.173513 1.21534
0.173777 1.21569
0.174041 1.21606
0.174305 1.21641
0.174569 1.21678
0.174833 1.21714
0.175098 1.21751
0.175362 1.21786
0.175626 1.21824
0.17589 1.2186
0.176154 1.21895
0.176418 1.21931
0.176682 1.21966
0.176946 1.22002
0.17721 1.22038
0.177474 1.22073
0.177739 1.22108
0.178003 1.22144
0.178267 1.22179
0.178531 1.22214
0.178795 1.22249
0.179059 1.22284
0.179323 1.22319
0.179587 1.22356
0.179851 1.22391
0.180115 1.22427
0.18038 1.22462
0.180644 1.22497
0.180908 1.22532
0.181172 1.22567
0.181436 1.22603
0.1817 1.22638
0.181964 1.22673
0.182228 1.22708
0.182492 1.22745
0.182756 1.22782
0.183021 1.22816
0.183285 1.22854
0.183549 1.22893
0.183813 1.22928
0.184077 1.22965
0.184341 1.23002
0.184605 1.2304
0.184869 1.23076
0.185133 1.23112
0.185397 1.23148
0.185662 1.23185
0.185926 1.23221
0.18619 1.23257
0.186454 1.23293
0.186718 1.23329
0.186982 1.23365
0.187246 1.23403
0.18751 1.23441
0.187774 1.23478
0.188038 1.23513
0.188303 1.2355
0.188567 1.23584
0.188831 1.2362
0.189095 1.23654
0.189359 1.2369
0.189623 1.23726
0.189887 1.23762
0.190151 1.23798
0.190415 1.23833
0.190679 1.23872
0.190944 1.23908
0.191208 1.23944
0.191472 1.2398
0.191736 1.24019
0.192 1.24056
0.192264 1.24091
0.192528 1.2413
0.192792 1.24166
0.193056 1.24202
0.19332 1.24238
0.193585 1.24273
0.193849 1.2431
0.194113 1.24346
0.194377 1.24382
0.194641 1.24418
0.194905 1.24453
0.195169 1.24489
0.195433 1.24526
0.195697 1.24561
0.195961 1.24595
0.196225 1.24633
0.19649 1.24669
0.196754 1.24704
0.197018 1.24742
0.197282 1.24777
0.197546 1.24814
0.19781 1.24849
0.198074 1.24886
0.198338 1.24923
0.198602 1.24959
0.198866 1.24995
0.199131 1.25032
0.199395 1.25067
0.199659 1.25104
0.199923 1.25141
0.200187 1.25177
0.200451 1.25213
0.200715 1.25249
0.200979 1.25286
0.201243 1.25323
0.201507 1.25361
0.201772 1.25397
0.202036 1.25434
0.2023 1.25471
0.202564 1.25509
0.202828 1.25547
0.203092 1.25586
0.203356 1.25622
0.20362 1.25658
0.203884 1.25694
0.204148 1.2573
0.204413 1.25766
0.204677 1.25801
0.204941 1.25838
0.205205 1.25877
0.205469 1.25912
0.205733 1.25947
0.205997 1.25985
0.206261 1.26022
0.206525 1.26058
0.206789 1.26094
0.207054 1.26131
0.207318 1.26166
0.207582 1.26204
0.207846 1.2624
0.20811 1.26277
0.208374 1.26314
0.208638 1.26348
0.208902 1.26385
0.209166 1.26424
0.20943 1.2646
0.209695 1.26497
0.209959 1.26534
0.210223 1.26572
0.210487 1.26608
0.210751 1.26645
0.211015 1.26684
0.211279 1.26721
0.211543 1.26757
0.211807 1.26797
0.212071 1.26834
0.212336 1.2687
0.2126 1.26908
0.212864 1.26947
0.213128 1.26985
0.213392 1.27023
0.213656 1.27058
0.21392 1.27095
0.214184 1.27132
0.214448 1.27168
0.214712 1.27205
0.214977 1.27243
0.215241 1.27283
0.215505 1.27319
0.215769 1.27356
0.216033 1.27393
0.216297 1.27432
0.216561 1.27471
0.216825 1.27507
0.217089 1.27546
0.217353 1.27581
0.217618 1.27619
0.217882 1.27656
0.218146 1.27692
0.21841 1.27728
0.218674 1.27766
0.218938 1.27802
0.219202 1.27839
0.219466 1.2788
0.21973 1.2792
0.219994 1.27958
0.220259 1.27994
0.220523 1.28032
0.220787 1.28069
0.221051 1.28108
0.221315 1.28147
0.221579 1.28183
0.221843 1.28221
0.222107 1.28258
0.222371 1.28296
0.222635 1.28334
0.222899 1.28371
0.223164 1.28409
0.223428 1.28444
0.223692 1.28483
0.223956 1.28519
0.22422 1.28556
0.224484 1.28593
0.224748 1.28629
0.225012 1.28666
0.225276 1.28704
0.22554 1.2874
0.225805 1.2878
0.226069 1.28818
0.226333 1.28857
0.226597 1.28894
0.226861 1.28932
0.227125 1.28969
0.227389 1.29009
0.227653 1.29045
0.227917 1.29087
0.228181 1.29124
0.228446 1.29162
0.22871 1.29199
0.228974 1.29238
0.229238 1.29273
0.229502 1.29312
0.229766 1.29352
0.23003 1.29387
0.230294 1.29425
0.230558 1.29463
0.230822 1.295
0.231087 1.29537
0.231351 1.29575
0.231615 1.29613
0.231879 1.29648
0.232143 1.29686
0.232407 1.29723
0.232671 1.29761
0.232935 1.298
0.233199 1.29837
0.233463 1.29874
0.233728 1.29912
0.233992 1.29948
0.234256 1.2999
0.23452 1.30026
0.234784 1.30062
0.235048 1.30101
0.235312 1.30139
0.235576 1.30175
0.23584 1.30214
0.236104 1.30252
0.236369 1.30289
0.236633 1.30326
0.236897 1.30363
0.237161 1.30402
0.237425 1.30438
0.237689 1.30476
0.237953 1.30513
0.238217 1.30552
0.238481 1.30588
0.238745 1.30624
0.23901 1.30664
0.239274 1.30704
0.239538 1.30741
0.239802 1.30783
0.240066 1.3082
0.24033 1.30862
0.240594 1.30901
0.240858 1.30943
0.241122 1.30981
0.241386 1.3102
0.241651 1.31057
0.241915 1.31096
0.242179 1.31134
0.242443 1.31172
0.242707 1.31209
0.242971 1.31246
0.243235 1.31287
0.243499 1.31326
0.243763 1.31363
0.244027 1.314
0.244292 1.31437
0.244556 1.31477
0.24482 1.31518
0.245084 1.31557
0.245348 1.31594
0.245612 1.31634
0.245876 1.31671
0.24614 1.3171
0.246404 1.31747
0.246668 1.31785
0.246932 1.31822
0.247197 1.31861
0.247461 1.31901
0.247725 1.31938
0.247989 1.31978
0.248253 1.32017
0.248517 1.32054
0.248781 1.32091
0.249045 1.32133
0.249309 1.32172
0.249573 1.32211
0.249838 1.32249
0.250102 1.32287
0.250366 1.32327
0.25063 1.32364
0.250894 1.32402
0.251158 1.32443
0.251422 1.32483
0.251686 1.32521
0.25195 1.3256
0.252214 1.32599
0.252479 1.32635
0.252743 1.32672
0.253007 1.3271
0.253271 1.32747
0.253535 1.32787
0.253799 1.32825
0.254063 1.32866
0.254327 1.32905
0.254591 1.32942
0.254855 1.32982
0.25512 1.33021
0.255384 1.3306
0.255648 1.33099
0.255912 1.3314
0.256176 1.33179
0.25644 1.33223
0.256704 1.3326
0.256968 1.33298
0.257232 1.33339
0.257496 1.33378
0.257761 1.33416
0.258025 1.33454
0.258289 1.33492
0.258553 1.33532
0.258817 1.33571
0.259081 1.3361
0.259345 1.33649
0.259609 1.33686
0.259873 1.33725
0.260137 1.33764
0.260402 1.33804
0.260666 1.33844
0.26093 1.33883
0.261194 1.33925
0.261458 1.33962
0.261722 1.33997
0.261986 1.34036
0.26225 1.34073
0.262514 1.34111
0.262778 1.34148
0.263043 1.34183
0.263307 1.34223
0.263571 1.34262
0.263835 1.3428
0.264099 1.3432
0.264363 1.3436
0.264627 1.34398
0.264891 1.34437
0.265155 1.34476
0.265419 1.34513
0.265684 1.34551
0.265948 1.34591
0.266212 1.34629
0.266476 1.34669
0.26674 1.3471
0.267004 1.34749
0.267268 1.34787
0.267532 1.34827
0.267796 1.34866
0.26806 1.34905
0.268325 1.34947
0.268589 1.34985
0.268853 1.35044
0.269117 1.35083
0.269381 1.3512
0.269645 1.35137
0.269909 1.35176
0.270173 1.35215
0.270437 1.35257
0.270701 1.35295
0.270965 1.35333
0.27123 1.35372
0.271494 1.35413
0.271758 1.35451
0.272022 1.35488
0.272286 1.35526
0.27255 1.35587
0.272814 1.35626
0.273078 1.35664
0.273342 1.35704
0.273606 1.35744
0.273871 1.35783
0.274135 1.35824
0.274399 1.35863
0.274663 1.35902
0.274927 1.35939
0.275191 1.35981
0.275455 1.36022
0.275719 1.3606
0.275983 1.36103
0.276247 1.36144
0.276512 1.36185
0.276776 1.36226
0.27704 1.36266
0.277304 1.36304
0.277568 1.36343
0.277832 1.36358
0.278096 1.36397
0.27836 1.36439
0.278624 1.36479
0.278888 1.36518
0.279153 1.36557
0.279417 1.36599
0.279681 1.36639
0.279945 1.36678
0.280209 1.36717
0.280473 1.36759
0.280737 1.36801
0.281001 1.36839
0.281265 1.3688
0.281529 1.3692
0.281794 1.3696
0.282058 1.36999
0.282322 1.37036
0.282586 1.37078
0.28285 1.3714
0.283114 1.3718
0.283378 1.37218
0.283642 1.37259
0.283906 1.37299
0.28417 1.37338
0.284435 1.37376
0.284699 1.37417
0.284963 1.37457
0.285227 1.37499
0.285491 1.37539
0.285755 1.37581
0.286019 1.37619
0.286283 1.3766
0.286547 1.37701
0.286811 1.3774
0.287076 1.37782
0.28734 1.37824
0.287604 1.37863
0.287868 1.37901
0.288132 1.37944
0.288396 1.37984
0.28866 1.38024
0.288924 1.38063
0.289188 1.38101
0.289452 1.38146
0.289717 1.38186
0.289981 1.38226
0.290245 1.38267
0.290509 1.38309
0.290773 1.3835
0.291037 1.38391
0.291301 1.38433
0.291565 1.38472
0.291829 1.38512
0.292093 1.38555
0.292358 1.38594
0.292622 1.38635
0.292886 1.38674
0.29315 1.38717
0.293414 1.38757
0.293678 1.388
0.293942 1.38838
0.294206 1.38878
0.29447 1.38919
0.294734 1.38959
0.294998 1.39002
0.295263 1.39042
0.295527 1.39081
0.295791 1.39119
0.296055 1.3916
0.296319 1.39198
0.296583 1.39236
0.296847 1.39277
0.297111 1.39318
0.297375 1.39357
0.297639 1.39398
0.297904 1.3944
0.298168 1.39482
0.298432 1.39523
0.298696 1.39567
0.29896 1.39608
0.299224 1.39653
0.299488 1.39693
0.299752 1.39734
0.300016 1.39777
0.30028 1.39816
0.300545 1.39857
0.300809 1.399
0.301073 1.3994
0.301337 1.39981
0.301601 1.40021
0.301865 1.40065
0.302129 1.40105
0.302393 1.40148
0.302657 1.40189
0.302921 1.40227
0.303186 1.40267
0.30345 1.40308
0.303714 1.40347
0.303978 1.40386
0.304242 1.40427
0.304506 1.40468
0.30477 1.40509
0.305034 1.40549
0.305298 1.40567
0.305562 1.40607
0.305827 1.40646
0.306091 1.40686
0.306355 1.40729
0.306619 1.40772
0.306883 1.40813
0.307147 1.40855
0.307411 1.40896
0.307675 1.40935
0.307939 1.40978
0.308203 1.4102
0.308468 1.41059
0.308732 1.411
0.308996 1.4114
0.30926 1.41183
0.309524 1.41222
0.309788 1.41264
0.310052 1.41303
0.310316 1.41345
0.31058 1.41385
0.310844 1.41428
0.311109 1.41469
0.311373 1.41508
0.311637 1.4155
0.311901 1.41589
0.312165 1.41633
0.312429 1.41675
0.312693 1.41715
0.312957 1.41755
0.313221 1.41796
0.313485 1.41837
0.31375 1.41878
0.314014 1.4192
0.314278 1.41964
0.314542 1.42008
0.314806 1.4205
0.31507 1.42092
0.315334 1.42134
0.315598 1.42175
0.315862 1.42219
0.316126 1.42259
0.316391 1.42298
0.316655 1.42363
0.316919 1.42401
0.317183 1.42444
0.317447 1.42485
0.317711 1.42526
0.317975 1.4257
0.318239 1.42616
0.318503 1.4266
0.318767 1.42701
0.319031 1.42744
0.319296 1.42785
0.31956 1.42826
0.319824 1.42866
0.320088 1.42907
0.320352 1.42949
0.320616 1.42992
0.32088 1.43031
0.321144 1.43072
0.321408 1.43115
0.321672 1.43154
0.321937 1.43197
0.322201 1.43236
0.322465 1.43289
0.322729 1.43331
0.322993 1.43373
0.323257 1.43415
0.323521 1.43464
0.323785 1.43504
0.324049 1.43545
0.324313 1.43587
0.324578 1.43626
0.324842 1.43668
0.325106 1.43707
0.32537 1.43752
0.325634 1.43794
0.325898 1.43834
0.326162 1.43877
0.326426 1.43917
0.32669 1.43955
0.326954 1.43999
0.327219 1.44041
0.327483 1.44084
0.327747 1.44125
0.328011 1.44167
0.328275 1.44209
0.328539 1.44252
0.328803 1.44293
0.329067 1.44331
0.329331 1.44373
0.329595 1.44421
0.32986 1.44464
0.330124 1.44506
0.330388 1.44547
0.330652 1.44588
0.330916 1.44631
0.33118 1.44671
0.331444 1.44713
0.331708 1.44756
0.331972 1.44801
0.332236 1.44847
0.332501 1.44892
0.332765 1.44937
0.333029 1.44978
0.333293 1.45022
0.333557 1.45062
0.333821 1.45103
0.334085 1.45148
0.334349 1.45189
0.334613 1.45232
0.334877 1.45275
0.335142 1.45318
0.335406 1.45359
0.33567 1.45398
0.335934 1.4544
0.336198 1.45479
0.336462 1.45518
0.336726 1.4556
0.33699 1.456
0.337254 1.45643
0.337518 1.45686
0.337783 1.45729
0.338047 1.45776
0.338311 1.45817
0.338575 1.45861
0.338839 1.45906
0.339103 1.45947
0.339367 1.45992
0.339631 1.46036
0.339895 1.46078
0.340159 1.46121
0.340424 1.46164
0.340688 1.46204
0.340952 1.46247
0.341216 1.46291
0.34148 1.46335
0.341744 1.46375
0.342008 1.46419
0.342272 1.46461
0.342536 1.46504
0.3428 1.46544
0.343064 1.46589
0.343329 1.46631
0.343593 1.46675
0.343857 1.46717
0.344121 1.46761
0.344385 1.46804
0.344649 1.46847
0.344913 1.46891
0.345177 1.46931
0.345441 1.46971
0.345705 1.47014
0.34597 1.47059
0.346234 1.47103
0.346498 1.47149
0.346762 1.47195
0.347026 1.47239
0.34729 1.47282
0.347554 1.47322
0.347818 1.47365
0.348082 1.47408
0.348346 1.47451
0.348611 1.47494
0.348875 1.47541
0.349139 1.47584
0.349403 1.47624
0.349667 1.47666
0.349931 1.47708
0.350195 1.47756
0.350459 1.47796
0.350723 1.47837
0.350987 1.47879
0.351252 1.47918
0.351516 1.47962
0.35178 1.48004
0.352044 1.48045
0.352308 1.48085
0.352572 1.4813
0.352836 1.4818
0.3531 1.4822
0.353364 1.48262
0.353628 1.48302
0.353893 1.48343
0.354157 1.48392
0.354421 1.48438
0.354685 1.48482
0.354949 1.48526
0.355213 1.48569
0.355477 1.48615
0.355741 1.48659
0.356005 1.48704
0.356269 1.48748
0.356534 1.48788
0.356798 1.48832
0.357062 1.48877
0.357326 1.48921
0.35759 1.48963
0.357854 1.49003
0.358118 1.49044
0.358382 1.49093
0.358646 1.49135
0.35891 1.49178
0.359175 1.49223
0.359439 1.49266
0.359703 1.49309
0.359967 1.49352
0.360231 1.49394
0.360495 1.4944
0.360759 1.49485
0.361023 1.4953
0.361287 1.49574
0.361551 1.49616
0.361816 1.49664
0.36208 1.49708
0.362344 1.49756
0.362608 1.49797
0.362872 1.49841
0.363136 1.49884
0.3634 1.49932
0.363664 1.49976
0.363928 1.50017
0.364192 1.50058
0.364457 1.501
0.364721 1.50146
0.364985 1.50189
0.365249 1.50236
0.365513 1.50279
0.365777 1.5032
0.366041 1.50363
0.366305 1.50405
0.366569 1.5045
0.366833 1.50498
0.367098 1.50544
0.367362 1.50587
0.367626 1.50634
0.36789 1.5068
0.368154 1.50727
0.368418 1.5077
0.368682 1.50814
0.368946 1.50857
0.36921 1.50903
0.369474 1.50946
0.369738 1.50988
0.370003 1.51037
0.370267 1.5108
0.370531 1.51132
0.370795 1.51177
0.371059 1.51224
0.371323 1.51268
0.371587 1.51311
0.371851 1.51356
0.372115 1.51403
0.372379 1.51444
0.372644 1.51485
0.372908 1.5153
0.373172 1.51573
0.373436 1.51616
0.3737 1.5166
0.373964 1.517
0.374228 1.51747
0.374492 1.51789
0.374756 1.51834
0.37502 1.51876
0.375285 1.51919
0.375549 1.51961
0.375813 1.52005
0.376077 1.52048
0.376341 1.52091
0.376605 1.52137
0.376869 1.5218
0.377133 1.52225
0.377397 1.52272
0.377661 1.52314
0.377926 1.52361
0.37819 1.52407
0.378454 1.52454
0.378718 1.52498
0.378982 1.52544
0.379246 1.52593
0.37951 1.52641
0.379774 1.52685
0.380038 1.52727
0.380302 1.52773
0.380567 1.52815
0.380831 1.5286
0.381095 1.52912
0.381359 1.52954
0.381623 1.53001
0.381887 1.53043
0.382151 1.53089
0.382415 1.53133
0.382679 1.53176
0.382943 1.53225
0.383208 1.53266
0.383472 1.53311
0.383736 1.53358
0.384 1.53402
0.384264 1.53452
0.384528 1.53496
0.384792 1.53541
0.385056 1.53585
0.38532 1.53628
0.385584 1.53684
0.385849 1.53731
0.386113 1.53775
0.386377 1.53828
0.386641 1.53871
0.386905 1.53915
0.387169 1.53957
0.387433 1.54006
0.387697 1.54053
0.387961 1.54096
0.388225 1.5414
0.38849 1.54185
0.388754 1.5423
0.389018 1.54274
0.389282 1.54317
0.389546 1.5436
0.38981 1.54411
0.390074 1.54454
0.390338 1.54503
0.390602 1.5455
0.390866 1.54592
0.391131 1.54635
0.391395 1.54685
0.391659 1.5473
0.391923 1.54775
0.392187 1.54821
0.392451 1.54864
0.392715 1.54909
0.392979 1.54954
0.393243 1.55003
0.393507 1.55049
0.393771 1.55093
0.394036 1.55138
0.3943 1.55183
0.394564 1.55231
0.394828 1.55277
0.395092 1.55322
0.395356 1.55365
0.39562 1.55414
0.395884 1.55461
0.396148 1.55504
0.396412 1.55549
0.396677 1.55593
0.396941 1.55642
0.397205 1.55686
0.397469 1.55733
0.397733 1.55779
0.397997 1.55827
0.398261 1.55873
0.398525 1.55924
0.398789 1.55975
0.399053 1.56022
0.399318 1.56063
0.399582 1.56109
0.399846 1.56158
0.40011 1.56206
0.400374 1.56252
0.400638 1.56297
0.400902 1.56339
0.401166 1.56384
0.40143 1.56431
0.401694 1.56477
0.401959 1.56524
0.402223 1.5657
0.402487 1.56611
0.402751 1.56654
0.403015 1.56699
0.403279 1.56744
0.403543 1.56789
0.403807 1.56839
0.404071 1.56883
0.404335 1.56928
0.4046 1.56969
0.404864 1.57017
0.405128 1.57063
0.405392 1.57109
0.405656 1.57166
0.40592 1.57213
0.406184 1.57259
0.406448 1.57307
0.406712 1.57351
0.406976 1.57397
0.407241 1.5744
0.407505 1.57484
0.407769 1.57531
0.408033 1.57576
0.408297 1.57623
0.408561 1.57676
0.408825 1.57725
0.409089 1.57771
0.409353 1.57819
0.409617 1.57867
0.409882 1.57913
0.410146 1.57961
0.41041 1.58008
0.410674 1.58055
0.410938 1.58103
0.411202 1.58149
0.411466 1.58196
0.41173 1.58254
0.411994 1.58297
0.412258 1.58342
0.412523 1.58392
0.412787 1.58435
0.413051 1.58485
0.413315 1.58528
0.413579 1.58578
0.413843 1.58623
0.414107 1.58668
0.414371 1.58714
0.414635 1.58759
0.414899 1.58805
0.415164 1.58853
0.415428 1.58903
0.415692 1.58953
0.415956 1.58998
0.41622 1.59046
0.416484 1.59093
0.416748 1.59146
0.417012 1.59191
0.417276 1.59238
0.41754 1.59285
0.417804 1.59332
0.418069 1.59379
0.418333 1.59423
0.418597 1.5948
0.418861 1.59527
0.419125 1.59575
0.419389 1.59618
0.419653 1.59661
0.419917 1.59708
0.420181 1.59754
0.420445 1.59802
0.42071 1.59846
0.420974 1.5989
0.421238 1.59935
0.421502 1.59982
0.421766 1.60032
0.42203 1.60077
0.422294 1.60127
0.422558 1.60173
0.422822 1.6023
0.423086 1.60273
0.423351 1.6032
0.423615 1.60371
0.423879 1.60416
0.424143 1.60464
0.424407 1.60514
0.424671 1.6056
0.424935 1.60609
0.425199 1.60654
0.425463 1.60702
0.425727 1.60747
0.425992 1.60797
0.426256 1.6084
0.42652 1.60883
0.426784 1.60929
0.427048 1.60983
0.427312 1.61035
0.427576 1.61082
0.42784 1.61132
0.428104 1.61181
0.428368 1.61227
0.428633 1.61276
0.428897 1.61321
0.429161 1.61368
0.429425 1.61425
0.429689 1.61473
0.429953 1.61518
0.430217 1.61561
0.430481 1.61609
0.430745 1.61655
0.431009 1.61725
0.431274 1.6177
0.431538 1.6182
0.431802 1.6187
0.432066 1.61913
0.43233 1.61959
0.432594 1.62004
0.432858 1.62048
0.433122 1.62097
0.433386 1.62156
0.43365 1.62199
0.433915 1.62248
0.434179 1.62297
0.434443 1.62346
0.434707 1.62405
0.434971 1.62453
0.435235 1.62501
0.435499 1.62548
0.435763 1.62595
0.436027 1.62641
0.436291 1.62687
0.436556 1.62735
0.43682 1.62785
0.437084 1.62827
0.437348 1.62869
0.437612 1.62916
0.437876 1.62961
0.43814 1.63008
0.438404 1.63057
0.438668 1.63107
0.438932 1.63153
0.439197 1.63205
0.439461 1.63255
0.439725 1.63299
0.439989 1.63341
0.440253 1.63389
0.440517 1.6344
0.440781 1.63491
0.441045 1.63537
0.441309 1.63585
0.441573 1.63633
0.441837 1.63677
0.442102 1.63725
0.442366 1.63773
0.44263 1.63825
0.442894 1.63872
0.443158 1.63925
0.443422 1.63971
0.443686 1.64017
0.44395 1.64063
0.444214 1.64112
0.444478 1.64161
0.444743 1.64207
0.445007 1.64253
0.445271 1.64303
0.445535 1.64347
0.445799 1.64397
0.446063 1.64443
0.446327 1.64487
0.446591 1.64537
0.446855 1.64585
0.447119 1.64632
0.447384 1.64686
0.447648 1.64739
0.447912 1.6479
0.448176 1.64841
0.44844 1.6489
0.448704 1.64935
0.448968 1.6498
0.449232 1.65026
0.449496 1.65081
0.44976 1.65131
0.450025 1.65186
0.450289 1.65239
0.450553 1.65289
0.450817 1.65337
0.451081 1.65385
0.451345 1.65427
0.451609 1.65478
0.451873 1.6553
0.452137 1.65577
0.452401 1.65626
0.452666 1.65678
0.45293 1.65721
0.453194 1.65772
0.453458 1.65822
0.453722 1.65874
0.453986 1.65917
0.45425 1.65964
0.454514 1.66025
0.454778 1.66074
0.455042 1.66121
0.455307 1.66173
0.455571 1.66224
0.455835 1.66274
0.456099 1.66325
0.456363 1.66375
0.456627 1.66425
0.456891 1.66472
0.457155 1.66516
0.457419 1.66564
0.457683 1.66609
0.457948 1.66589
0.458212 1.66637
0.458476 1.66687
0.45874 1.66737
0.459004 1.66783
0.459268 1.66832
0.459532 1.66884
0.459796 1.66931
0.46006 1.66977
0.460324 1.67026
0.460589 1.67085
0.460853 1.6721
0.461117 1.67257
0.461381 1.67302
0.461645 1.67355
0.461909 1.674
0.462173 1.67451
0.462437 1.67498
0.462701 1.67541
0.462965 1.67594
0.46323 1.67645
0.463494 1.67691
0.463758 1.67745
0.464022 1.67792
0.464286 1.67837
0.46455 1.67882
0.464814 1.67934
0.465078 1.6798
0.465342 1.68029
0.465606 1.68081
0.46587 1.68126
0.466135 1.68175
0.466399 1.68223
0.466663 1.68273
0.466927 1.68322
0.467191 1.68371
0.467455 1.68418
0.467719 1.68466
0.467983 1.68519
0.468247 1.68571
0.468511 1.68617
0.468776 1.68668
0.46904 1.68721
0.469304 1.68766
0.469568 1.68822
0.469832 1.68871
0.470096 1.68917
0.47036 1.6897
0.470624 1.69018
0.470888 1.69065
0.471152 1.69113
0.471417 1.69163
0.471681 1.69212
0.471945 1.6926
0.472209 1.69307
0.472473 1.69357
0.472737 1.6941
0.473001 1.6946
0.473265 1.69514
0.473529 1.69561
0.473793 1.69614
0.474058 1.69662
0.474322 1.69711
0.474586 1.69758
0.47485 1.69806
0.475114 1.69863
0.475378 1.69916
0.475642 1.69963
0.475906 1.70013
0.47617 1.70064
0.476434 1.70113
0.476699 1.70168
0.476963 1.70215
0.477227 1.70265
0.477491 1.70313
0.477755 1.70361
0.478019 1.7041
0.478283 1.70467
0.478547 1.70523
0.478811 1.70575
0.479075 1.70627
0.47934 1.70675
0.479604 1.70729
0.479868 1.7078
0.480132 1.70829
0.480396 1.70878
0.48066 1.70931
0.480924 1.70984
0.481188 1.71027
0.481452 1.71074
0.481716 1.71127
0.481981 1.71173
0.482245 1.71225
0.482509 1.71271
0.482773 1.71328
0.483037 1.71378
0.483301 1.71426
0.483565 1.71474
0.483829 1.71523
0.484093 1.71581
0.484357 1.71628
0.484622 1.71673
0.484886 1.71722
0.48515 1.71771
0.485414 1.71817
0.485678 1.71873
0.485942 1.71919
0.486206 1.7197
0.48647 1.72018
0.486734 1.72067
0.486998 1.72115
0.487263 1.72165
0.487527 1.72214
0.487791 1.72265
0.488055 1.72315
0.488319 1.72369
0.488583 1.7242
0.488847 1.72481
0.489111 1.72531
0.489375 1.72591
0.489639 1.72646
0.489903 1.72695
0.490168 1.72744
0.490432 1.72806
0.490696 1.7286
0.49096 1.72909
0.491224 1.72955
0.491488 1.73006
0.491752 1.73057
0.492016 1.73109
0.49228 1.73163
0.492544 1.73211
0.492809 1.73261
0.493073 1.73312
0.493337 1.73319
0.493601 1.73376
0.493865 1.7343
0.494129 1.73485
0.494393 1.73533
0.494657 1.73585
0.494921 1.73722
0.495185 1.73774
0.49545 1.73821
0.495714 1.73879
0.495978 1.73926
0.496242 1.73974
0.496506 1.74022
0.49677 1.74086
0.497034 1.74139
0.497298 1.74184
0.497562 1.74238
0.497826 1.74301
0.498091 1.74353
0.498355 1.74406
0.498619 1.74452
0.498883 1.74501
0.499147 1.7456
0.499411 1.74607
0.499675 1.74661
0.499939 1.74715
0.500203 1.74767
0.500467 1.74814
0.500732 1.74866
0.500996 1.74917
0.50126 1.74966
0.501524 1.75019
0.501788 1.75069
0.502052 1.7512
0.502316 1.75172
0.50258 1.75221
0.502844 1.75275
0.503108 1.75246
0.503373 1.75295
0.503637 1.75341
0.503901 1.75391
0.504165 1.75449
0.504429 1.755
0.504693 1.75549
0.504957 1.756
0.505221 1.75648
0.505485 1.75702
0.505749 1.7575
0.506014 1.7581
0.506278 1.75865
0.506542 1.76002
0.506806 1.76054
0.50707 1.76105
0.507334 1.76167
0.507598 1.76217
0.507862 1.76266
0.508126 1.76316
0.50839 1.76366
0.508655 1.76425
0.508919 1.7648
0.509183 1.76534
0.509447 1.76583
0.509711 1.76638
0.509975 1.76694
0.510239 1.76745
0.510503 1.76799
0.510767 1.76766
0.511031 1.76811
0.511296 1.76864
0.51156 1.7691
0.511824 1.76961
0.512088 1.77009
0.512352 1.77071
0.512616 1.77126
0.51288 1.77181
0.513144 1.77233
0.513408 1.7728
0.513672 1.77329
0.513937 1.77383
0.514201 1.77433
0.514465 1.77484
0.514729 1.77539
0.514993 1.77589
0.515257 1.77637
0.515521 1.77685
0.515785 1.77732
0.516049 1.77788
0.516313 1.77839
0.516577 1.77891
0.516842 1.7794
0.517106 1.77997
0.51737 1.7805
0.517634 1.78096
0.517898 1.78153
0.518162 1.78198
0.518426 1.78247
0.51869 1.78294
0.518954 1.78341
0.519218 1.78395
0.519483 1.78445
0.519747 1.7851
0.520011 1.78565
0.520275 1.78615
0.520539 1.78757
0.520803 1.78806
0.521067 1.78867
0.521331 1.78919
0.521595 1.78971
0.521859 1.79023
0.522124 1.7908
0.522388 1.79131
0.522652 1.79185
0.522916 1.79237
0.52318 1.79287
0.523444 1.79337
0.523708 1.7939
0.523972 1.79444
0.524236 1.79493
0.5245 1.79544
0.524765 1.79597
0.525029 1.79649
0.525293 1.79701
0.525557 1.79755
0.525821 1.79806
0.526085 1.79857
0.526349 1.79911
0.526613 1.79961
0.526877 1.80009
0.527141 1.80068
0.527406 1.80117
0.52767 1.80082
0.527934 1.80134
0.528198 1.80193
0.528462 1.80245
0.528726 1.80304
0.52899 1.80363
0.529254 1.80412
0.529518 1.80467
0.529782 1.80522
0.530047 1.8057
0.530311 1.80719
0.530575 1.80773
0.530839 1.80821
0.531103 1.80872
0.531367 1.80926
0.531631 1.80974
0.531895 1.81025
0.532159 1.81078
0.532423 1.8113
0.532688 1.81186
0.532952 1.81241
0.533216 1.81293
0.53348 1.8135
0.533744 1.81401
0.534008 1.81452
0.534272 1.81505
0.534536 1.81566
0.5348 1.81624
0.535064 1.81675
0.535329 1.81729
0.535593 1.81786
0.535857 1.81839
0.536121 1.81896
0.536385 1.81956
0.536649 1.82014
0.536913 1.82085
0.537177 1.82137
0.537441 1.82189
0.537705 1.82247
0.53797 1.82304
0.538234 1.82359
0.538498 1.82409
0.538762 1.82467
0.539026 1.82521
0.53929 1.82575
0.539554 1.8263
0.539818 1.82696
0.540082 1.82745
0.540346 1.828
0.54061 1.82853
0.540875 1.8291
0.541139 1.82957
0.541403 1.83014
0.541667 1.83066
0.541931 1.83119
0.542195 1.8318
0.542459 1.83244
0.542723 1.83296
0.542987 1.83346
0.543251 1.83399
0.543516 1.8345
0.54378 1.83507
0.544044 1.83562
0.544308 1.83614
0.544572 1.83662
0.544836 1.83717
0.5451 1.83768
0.545364 1.83815
0.545628 1.83875
0.545892 1.83928
0.546157 1.83985
0.546421 1.84041
0.546685 1.84091
0.546949 1.84147
0.547213 1.84194
0.547477 1.84247
0.547741 1.84302
0.548005 1.84355
0.548269 1.8441
0.548533 1.84469
0.548798 1.84518
0.549062 1.84575
0.549326 1.84633
0.54959 1.84686
0.549854 1.84735
0.550118 1.84802
0.550382 1.84862
0.550646 1.84917
0.55091 1.84965
0.551174 1.85015
0.551439 1.85075
0.551703 1.85024
0.551967 1.85075
0.552231 1.85128
0.552495 1.85186
0.552759 1.85242
0.553023 1.85293
0.553287 1.85344
0.553551 1.85395
0.553815 1.85451
0.55408 1.8551
0.554344 1.85568
0.554608 1.8562
0.554872 1.85683
0.555136 1.85738
0.5554 1.85795
0.555664 1.85843
0.555928 1.85892
0.556192 1.85948
0.556456 1.86004
0.556721 1.86061
0.556985 1.86119
0.557249 1.86276
0.557513 1.8633
0.557777 1.86387
0.558041 1.86437
0.558305 1.86484
0.558569 1.86538
0.558833 1.86599
0.559097 1.86656
0.559362 1.86705
0.559626 1.86758
0.55989 1.86813
0.560154 1.86866
0.560418 1.86917
0.560682 1.86977
0.560946 1.87036
0.56121 1.86987
0.561474 1.87047
0.561738 1.87101
0.562003 1.87158
0.562267 1.87214
0.562531 1.87273
0.562795 1.87328
0.563059 1.87379
0.563323 1.87436
0.563587 1.87494
0.563851 1.87548
0.564115 1.87602
0.564379 1.87655
0.564643 1.87708
0.564908 1.8776
0.565172 1.87816
0.565436 1.87871
0.5657 1.87928
0.565964 1.87984
0.566228 1.88039
0.566492 1.88092
0.566756 1.88145
0.56702 1.88202
0.567284 1.88263
0.567549 1.88319
0.567813 1.88384
0.568077 1.88439
0.568341 1.88491
0.568605 1.8856
0.568869 1.88625
0.569133 1.88677
0.569397 1.88725
0.569661 1.88786
0.569925 1.88854
0.57019 1.88905
0.570454 1.88955
0.570718 1.89009
0.570982 1.89059
0.571246 1.89114
0.57151 1.89169
0.571774 1.89222
0.572038 1.89293
0.572302 1.89346
0.572566 1.89399
0.572831 1.89453
0.573095 1.89509
0.573359 1.89568
0.573623 1.89623
0.573887 1.89678
0.574151 1.8973
0.574415 1.89789
0.574679 1.8985
0.574943 1.89908
0.575207 1.89958
0.575472 1.90015
0.575736 1.90073
0.576 1.90135
0.576264 1.90196
0.576528 1.9025
0.576792 1.90302
0.577056 1.90359
0.57732 1.90416
0.577584 1.9047
0.577848 1.90635
0.578113 1.90698
0.578377 1.90748
0.578641 1.90807
0.578905 1.9087
0.579169 1.90922
0.579433 1.90974
0.579697 1.91031
0.579961 1.91094
0.580225 1.91151
0.580489 1.91203
0.580754 1.91256
0.581018 1.91318
0.581282 1.91273
0.581546 1.91338
0.58181 1.9139
0.582074 1.91439
0.582338 1.91489
0.582602 1.91655
0.582866 1.91711
0.58313 1.91767
0.583395 1.91834
0.583659 1.91894
0.583923 1.91946
0.584187 1.92002
0.584451 1.9206
0.584715 1.92118
0.584979 1.92175
0.585243 1.9223
0.585507 1.9229
0.585771 1.92349
0.586036 1.92407
0.5863 1.92475
0.586564 1.92535
0.586828 1.92595
0.587092 1.92648
0.587356 1.92698
0.58762 1.92752
0.587884 1.92806
0.588148 1.92859
0.588412 1.92917
0.588676 1.92967
0.588941 1.93018
0.589205 1.93075
0.589469 1.93136
0.589733 1.93191
0.589997 1.9324
0.590261 1.93302
0.590525 1.93349
0.590789 1.93406
0.591053 1.93466
0.591317 1.93523
0.591582 1.93591
0.591846 1.93649
0.59211 1.93705
0.592374 1.93766
0.592638 1.93819
0.592902 1.93868
0.593166 1.93922
0.59343 1.93986
0.593694 1.94041
0.593958 1.94099
0.594223 1.94159
0.594487 1.94209
0.594751 1.94263
0.595015 1.9432
0.595279 1.9437
0.595543 1.94423
0.595807 1.94481
0.596071 1.94538
0.596335 1.9459
0.596599 1.94646
0.596864 1.94707
0.597128 1.94763
0.597392 1.9482
0.597656 1.94872
0.59792 1.94926
0.598184 1.94986
0.598448 1.95044
0.598712 1.95105
0.598976 1.95165
0.59924 1.95222
0.599505 1.95278
0.599769 1.95337
0.600033 1.95394
0.600297 1.95446
0.600561 1.95501
0.600825 1.95557
0.601089 1.95635
0.601353 1.95696
0.601617 1.95751
0.601881 1.95808
0.602146 1.95946
0.60241 1.96002
0.602674 1.96059
0.602938 1.96109
0.603202 1.96165
0.603466 1.96222
0.60373 1.96272
0.603994 1.96334
0.604258 1.9639
0.604522 1.96449
0.604787 1.96507
0.605051 1.96569
0.605315 1.9662
0.605579 1.96681
0.605843 1.9674
0.606107 1.96798
0.606371 1.96868
0.606635 1.9692
0.606899 1.96975
0.607163 1.97028
0.607428 1.97085
0.607692 1.97154
0.607956 1.97211
0.60822 1.97278
0.608484 1.97339
0.608748 1.97399
0.609012 1.97457
0.609276 1.97513
0.60954 1.97577
0.609804 1.97632
0.610069 1.97687
0.610333 1.97753
0.610597 1.97811
0.610861 1.97876
0.611125 1.97933
0.611389 1.97986
0.611653 1.98042
0.611917 1.9809
0.612181 1.98149
0.612445 1.98205
0.612709 1.9826
0.612974 1.98317
0.613238 1.98387
0.613502 1.98447
0.613766 1.98499
0.61403 1.98571
0.614294 1.98623
0.614558 1.98677
0.614822 1.98743
0.615086 1.98809
0.61535 1.98872
0.615615 1.98928
0.615879 1.98999
0.616143 1.99055
0.616407 1.99112
0.616671 1.99169
0.616935 1.99248
0.617199 1.99305
0.617463 1.99361
0.617727 1.99432
0.617991 1.9951
0.618256 1.99577
0.61852 1.99648
0.618784 1.99711
0.619048 1.99772
0.619312 1.99831
0.619576 1.99897
0.61984 1.99957
0.620104 2.00011
0.620368 2.00069
0.620632 2.00126
0.620897 2.00193
0.621161 2.00248
0.621425 2.00307
0.621689 2.00372
0.621953 2.00437
0.622217 2.005
0.622481 2.00552
0.622745 2.0061
0.623009 2.00677
0.623273 2.00739
0.623538 2.00796
0.623802 2.00857
0.624066 2.00918
0.62433 2.00982
0.624594 2.01046
0.624858 2.01117
0.625122 2.01175
0.625386 2.0123
0.62565 2.01287
0.625914 2.01342
0.626179 2.01402
0.626443 2.01469
0.626707 2.01538
0.626971 2.01594
0.627235 2.0166
0.627499 2.01719
0.627763 2.01776
0.628027 2.01838
0.628291 2.01889
0.628555 2.01945
0.62882 2.02011
0.629084 2.0207
0.629348 2.02126
0.629612 2.022
0.629876 2.0227
0.63014 2.02331
0.630404 2.02387
0.630668 2.02447
0.630932 2.02516
0.631196 2.02572
0.631461 2.02633
0.631725 2.02692
0.631989 2.02748
0.632253 2.0281
0.632517 2.02872
0.632781 2.0294
0.633045 2.03008
0.633309 2.03069
0.633573 2.03134
0.633837 2.03197
0.634102 2.0325
0.634366 2.03306
0.63463 2.03384
0.634894 2.0345
0.635158 2.03516
0.635422 2.03566
0.635686 2.03624
0.63595 2.03681
0.636214 2.03744
0.636478 2.03795
0.636742 2.03847
0.637007 2.03903
0.637271 2.03957
0.637535 2.04013
0.637799 2.0407
0.638063 2.04125
0.638327 2.04179
0.638591 2.0424
0.638855 2.043
0.639119 2.04354
0.639383 2.04413
0.639648 2.04469
0.639912 2.04524
0.640176 2.04582
0.64044 2.04642
0.640704 2.04709
0.640968 2.04777
0.641232 2.0484
0.641496 2.04901
0.64176 2.0498
0.642024 2.05043
0.642289 2.05107
0.642553 2.05162
0.642817 2.0522
0.643081 2.05274
0.643345 2.05337
0.643609 2.05397
0.643873 2.05454
0.644137 2.05522
0.644401 2.05579
0.644665 2.05639
0.64493 2.05712
0.645194 2.05771
0.645458 2.05838
0.645722 2.059
0.645986 2.05959
0.64625 2.06022
0.646514 2.06082
0.646778 2.06152
0.647042 2.06222
0.647306 2.06289
0.647571 2.06349
0.647835 2.06411
0.648099 2.06468
0.648363 2.06528
0.648627 2.06608
0.648891 2.06671
0.649155 2.0673
0.649419 2.06784
0.649683 2.06849
0.649947 2.06914
0.650212 2.06981
0.650476 2.07048
0.65074 2.07112
0.651004 2.07173
0.651268 2.07234
0.651532 2.07302
0.651796 2.07367
0.65206 2.07437
0.652324 2.07494
0.652588 2.07552
0.652853 2.07621
0.653117 2.07678
0.653381 2.07741
0.653645 2.078
0.653909 2.07863
0.654173 2.07918
0.654437 2.07976
0.654701 2.08038
0.654965 2.08101
0.655229 2.08155
0.655494 2.08217
0.655758 2.08281
0.656022 2.08347
0.656286 2.08405
0.65655 2.0847
0.656814 2.08535
0.657078 2.08596
0.657342 2.0865
0.657606 2.0871
0.65787 2.08781
0.658135 2.08845
0.658399 2.08904
0.658663 2.08963
0.658927 2.09034
0.659191 2.09094
0.659455 2.09167
0.659719 2.09238
0.659983 2.09309
0.660247 2.09366
0.660511 2.0942
0.660776 2.09484
0.66104 2.09552
0.661304 2.09611
0.661568 2.09668
0.661832 2.09722
0.662096 2.0978
0.66236 2.09849
0.662624 2.09906
0.662888 2.09959
0.663152 2.10022
0.663416 2.10084
0.663681 2.10144
0.663945 2.1021
0.664209 2.10282
0.664473 2.10346
0.664737 2.10409
0.665001 2.10465
0.665265 2.10517
0.665529 2.10577
0.665793 2.10647
0.666057 2.10723
0.666322 2.10791
0.666586 2.1085
0.66685 2.10905
0.667114 2.10964
0.667378 2.11028
0.667642 2.11095
0.667906 2.11155
0.66817 2.11213
0.668434 2.11271
0.668698 2.11331
0.668963 2.11391
0.669227 2.11448
0.669491 2.11508
0.669755 2.11575
0.670019 2.11639
0.670283 2.11705
0.670547 2.11765
0.670811 2.11848
0.671075 2.11907
0.671339 2.1197
0.671604 2.12036
0.671868 2.12101
0.672132 2.12165
0.672396 2.12223
0.67266 2.12289
0.672924 2.12367
0.673188 2.12429
0.673452 2.1249
0.673716 2.12557
0.67398 2.12624
0.674245 2.12689
0.674509 2.12747
0.674773 2.12819
0.675037 2.12879
0.675301 2.12938
0.675565 2.13003
0.675829 2.13058
0.676093 2.13139
0.676357 2.13232
0.676621 2.13292
0.676886 2.13348
0.67715 2.13412
0.677414 2.13477
0.677678 2.13532
0.677942 2.1359
0.678206 2.13668
0.67847 2.13729
0.678734 2.13792
0.678998 2.13853
0.679262 2.13915
0.679527 2.13979
0.679791 2.14032
0.680055 2.14096
0.680319 2.14156
0.680583 2.14226
0.680847 2.14305
0.681111 2.14375
0.681375 2.14436
0.681639 2.1451
0.681903 2.14574
0.682168 2.1463
0.682432 2.14695
0.682696 2.14767
0.68296 2.14831
0.683224 2.14903
0.683488 2.14962
0.683752 2.15033
0.684016 2.1509
0.68428 2.15148
0.684544 2.15216
0.684809 2.15274
0.685073 2.15334
0.685337 2.1539
0.685601 2.15454
0.685865 2.15519
0.686129 2.15583
0.686393 2.15663
0.686657 2.15723
0.686921 2.15785
0.687185 2.15857
0.687449 2.15923
0.687714 2.15991
0.687978 2.16053
0.688242 2.16113
0.688506 2.16175
0.68877 2.16246
0.689034 2.16322
0.689298 2.16383
0.689562 2.16444
0.689826 2.16512
0.69009 2.16572
0.690355 2.16635
0.690619 2.16709
0.690883 2.16767
0.691147 2.16828
0.691411 2.16893
0.691675 2.16947
0.691939 2.16998
0.692203 2.17061
0.692467 2.17134
0.692731 2.17193
0.692996 2.17257
0.69326 2.17325
0.693524 2.174
0.693788 2.17464
0.694052 2.17531
0.694316 2.17592
0.69458 2.17657
0.694844 2.17722
0.695108 2.17779
0.695372 2.17865
0.695637 2.17922
0.695901 2.17988
0.696165 2.18048
0.696429 2.18109
0.696693 2.18214
0.696957 2.1829
0.697221 2.18358
0.697485 2.1842
0.697749 2.18493
0.698013 2.18567
0.698278 2.18629
0.698542 2.18689
0.698806 2.18754
0.69907 2.18826
0.699334 2.18883
0.699598 2.18942
0.699862 2.19012
0.700126 2.1908
0.70039 2.19159
0.700654 2.19225
0.700919 2.19294
0.701183 2.19352
0.701447 2.1942
0.701711 2.19478
0.701975 2.19545
0.702239 2.19626
0.702503 2.19694
0.702767 2.19768
0.703031 2.19834
0.703295 2.19899
0.70356 2.19967
0.703824 2.20038
0.704088 2.20103
0.704352 2.20166
0.704616 2.20236
0.70488 2.20362
0.705144 2.20422
0.705408 2.2048
0.705672 2.20548
0.705936 2.20628
0.706201 2.20694
0.706465 2.20763
0.706729 2.20823
0.706993 2.20896
0.707257 2.20983
0.707521 2.21051
0.707785 2.21114
0.708049 2.21177
0.708313 2.21231
0.708577 2.21294
0.708842 2.21352
0.709106 2.21425
0.70937 2.21484
0.709634 2.21544
0.709898 2.2161
0.710162 2.21675
0.710426 2.21739
0.71069 2.21801
0.710954 2.21866
0.711218 2.21931
0.711482 2.21997
0.711747 2.22079
0.712011 2.22143
0.712275 2.22208
0.712539 2.22269
0.712803 2.22327
0.713067 2.22407
0.713331 2.22476
0.713595 2.22548
0.713859 2.22609
0.714123 2.22684
0.714388 2.22744
0.714652 2.2282
0.714916 2.22888
0.71518 2.22956
0.715444 2.23018
0.715708 2.23097
0.715972 2.23227
0.716236 2.23292
0.7165 2.23364
0.716764 2.23443
0.717029 2.23512
0.717293 2.23579
0.717557 2.23641
0.717821 2.23711
0.718085 2.23781
0.718349 2.23846
0.718613 2.23918
0.718877 2.23984
0.719141 2.24042
0.719405 2.24117
0.71967 2.24181
0.719934 2.24241
0.720198 2.24304
0.720462 2.24367
0.720726 2.24429
0.72099 2.24501
0.721254 2.24564
0.721518 2.24636
0.721782 2.24711
0.722046 2.24778
0.722311 2.24843
0.722575 2.24903
0.722839 2.24964
0.723103 2.25028
0.723367 2.25092
0.723631 2.25154
0.723895 2.25236
0.724159 2.25296
0.724423 2.25371
0.724687 2.25441
0.724952 2.2552
0.725216 2.25588
0.72548 2.2569
0.725744 2.25747
0.726008 2.25816
0.726272 2.2588
0.726536 2.25975
0.7268 2.2604
0.727064 2.26105
0.727328 2.26178
0.727593 2.26237
0.727857 2.263
0.728121 2.26365
0.728385 2.26443
0.728649 2.26511
0.728913 2.26578
0.729177 2.26642
0.729441 2.26726
0.729705 2.26811
0.729969 2.26889
0.730234 2.26957
0.730498 2.27037
0.730762 2.27106
0.731026 2.27179
0.73129 2.27253
0.731554 2.27327
0.731818 2.27395
0.732082 2.27457
0.732346 2.27548
0.73261 2.27635
0.732875 2.27698
0.733139 2.27749
0.733403 2.27822
0.733667 2.27906
0.733931 2.27972
0.734195 2.28041
0.734459 2.28105
0.734723 2.28165
0.734987 2.28228
0.735251 2.28294
0.735515 2.28356
0.73578 2.28421
0.736044 2.28487
0.736308 2.28557
0.736572 2.28635
0.736836 2.28698
0.7371 2.28762
0.737364 2.28834
0.737628 2.28902
0.737892 2.28981
0.738156 2.29087
0.738421 2.29165
0.738685 2.29236
0.738949 2.29304
0.739213 2.29378
0.739477 2.29443
0.739741 2.29513
0.740005 2.29582
0.740269 2.29655
0.740533 2.29729
0.740797 2.29799
0.741062 2.29884
0.741326 2.29948
0.74159 2.30018
0.741854 2.30078
0.742118 2.30171
0.742382 2.30254
0.742646 2.30317
0.74291 2.30409
0.743174 2.30479
0.743438 2.30547
0.743703 2.30617
0.743967 2.30694
0.744231 2.30776
0.744495 2.3084
0.744759 2.30907
0.745023 2.30991
0.745287 2.31068
0.745551 2.31143
0.745815 2.31222
0.746079 2.3129
0.746344 2.3136
0.746608 2.3144
0.746872 2.31521
0.747136 2.31589
0.7474 2.31667
0.747664 2.31728
0.747928 2.31806
0.748192 2.31875
0.748456 2.31944
0.74872 2.32016
0.748985 2.32082
0.749249 2.32145
0.749513 2.32214
0.749777 2.32313
0.750041 2.32397
0.750305 2.32462
0.750569 2.32528
0.750833 2.32591
0.751097 2.32647
0.751361 2.32717
0.751626 2.32796
0.75189 2.32858
0.752154 2.32921
0.752418 2.33002
0.752682 2.33064
0.752946 2.33132
0.75321 2.33204
0.753474 2.33288
0.753738 2.33359
0.754002 2.33422
0.754267 2.33485
0.754531 2.33543
0.754795 2.33615
0.755059 2.33679
0.755323 2.33751
0.755587 2.33819
0.755851 2.3389
0.756115 2.33971
0.756379 2.34041
0.756643 2.3412
0.756908 2.34195
0.757172 2.34269
0.757436 2.34357
0.7577 2.34446
0.757964 2.34525
0.758228 2.34585
0.758492 2.34662
0.758756 2.3473
0.75902 2.3482
0.759284 2.34903
0.759548 2.34978
0.759813 2.35045
0.760077 2.35114
0.760341 2.35185
0.760605 2.35256
0.760869 2.35319
0.761133 2.35383
0.761397 2.35446
0.761661 2.35515
0.761925 2.35591
0.762189 2.35657
0.762454 2.35728
0.762718 2.35823
0.762982 2.35887
0.763246 2.35962
0.76351 2.36041
0.763774 2.36109
0.764038 2.36189
0.764302 2.36255
0.764566 2.36323
0.76483 2.3639
0.765095 2.36466
0.765359 2.36559
0.765623 2.36627
0.765887 2.36695
0.766151 2.36773
0.766415 2.36846
0.766679 2.36974
0.766943 2.3705
0.767207 2.3711
0.767471 2.3718
0.767736 2.37237
0.768 2.37306
0.768264 2.37392
0.768528 2.37455
0.768792 2.37527
0.769056 2.37615
0.76932 2.37683
0.769584 2.37755
0.769848 2.37827
0.770112 2.37904
0.770377 2.37972
0.770641 2.38048
0.770905 2.38126
0.771169 2.382
0.771433 2.38268
0.771697 2.38329
0.771961 2.38398
0.772225 2.38468
0.772489 2.38554
0.772753 2.38618
0.773018 2.38688
0.773282 2.38778
0.773546 2.38837
0.77381 2.38912
0.774074 2.38992
0.774338 2.3906
0.774602 2.39134
0.774866 2.39209
0.77513 2.39277
0.775394 2.39351
0.775659 2.39452
0.775923 2.39525
0.776187 2.39596
0.776451 2.39667
0.776715 2.39747
0.776979 2.39831
0.777243 2.39907
0.777507 2.39973
0.777771 2.40048
0.778035 2.40128
0.7783 2.40194
0.778564 2.40283
0.778828 2.40352
0.779092 2.4043
0.779356 2.40499
0.77962 2.40577
0.779884 2.40653
0.780148 2.40725
0.780412 2.40802
0.780676 2.40889
0.780941 2.40975
0.781205 2.41051
0.781469 2.41132
0.781733 2.41229
0.781997 2.41314
0.782261 2.41379
0.782525 2.41457
0.782789 2.41532
0.783053 2.41646
0.783317 2.4172
0.783581 2.418
0.783846 2.41874
0.78411 2.41973
0.784374 2.42031
0.784638 2.42097
0.784902 2.4218
0.785166 2.42243
0.78543 2.42317
0.785694 2.42382
0.785958 2.42465
0.786222 2.42545
0.786487 2.42623
0.786751 2.42682
0.787015 2.42766
0.787279 2.42831
0.787543 2.42905
0.787807 2.42987
0.788071 2.43053
0.788335 2.43134
0.788599 2.43212
0.788863 2.43297
0.789128 2.43381
0.789392 2.43446
0.789656 2.43506
0.78992 2.43582
0.790184 2.43658
0.790448 2.43732
0.790712 2.43803
0.790976 2.43868
0.79124 2.43944
0.791504 2.44017
0.791769 2.44091
0.792033 2.44159
0.792297 2.44226
0.792561 2.44286
0.792825 2.44362
0.793089 2.44431
0.793353 2.44507
0.793617 2.44579
0.793881 2.4466
0.794145 2.44742
0.79441 2.44828
0.794674 2.44918
0.794938 2.44995
0.795202 2.45079
0.795466 2.45158
0.79573 2.45273
0.795994 2.4534
0.796258 2.45417
0.796522 2.4551
0.796786 2.45583
0.797051 2.45663
0.797315 2.45736
0.797579 2.45801
0.797843 2.4587
0.798107 2.45946
0.798371 2.4602
0.798635 2.46077
0.798899 2.46156
0.799163 2.4622
0.799427 2.46286
0.799692 2.46372
0.799956 2.46451
0.80022 2.46521
0.800484 2.46578
0.800748 2.46666
0.801012 2.46738
0.801276 2.46817
0.80154 2.46879
0.801804 2.46967
0.802068 2.47029
0.802333 2.47099
0.802597 2.47201
0.802861 2.47276
0.803125 2.47344
0.803389 2.47414
0.803653 2.47514
0.803917 2.47578
0.804181 2.47645
0.804445 2.47715
0.804709 2.47777
0.804974 2.47855
0.805238 2.47938
0.805502 2.48021
0.805766 2.481
0.80603 2.48189
0.806294 2.48275
0.806558 2.48357
0.806822 2.48425
0.807086 2.48527
0.80735 2.48633
0.807615 2.48715
0.807879 2.48785
0.808143 2.48892
0.808407 2.48967
0.808671 2.49037
0.808935 2.49118
0.809199 2.49199
0.809463 2.49268
0.809727 2.49348
0.809991 2.49428
0.810255 2.49546
0.81052 2.49608
0.810784 2.49683
0.811048 2.49782
0.811312 2.49854
0.811576 2.49926
0.81184 2.50005
0.812104 2.50096
0.812368 2.50171
0.812632 2.50238
0.812896 2.50305
0.813161 2.5038
0.813425 2.50447
0.813689 2.50519
0.813953 2.50643
0.814217 2.50725
0.814481 2.5079
0.814745 2.50875
0.815009 2.50946
0.815273 2.51015
0.815537 2.51096
0.815802 2.51175
0.816066 2.51252
0.81633 2.51344
0.816594 2.51424
0.816858 2.51501
0.817122 2.51573
0.817386 2.51655
0.81765 2.51719
0.817914 2.51782
0.818178 2.5185
0.818443 2.5193
0.818707 2.51996
0.818971 2.52065
0.819235 2.52142
0.819499 2.52216
0.819763 2.52275
0.820027 2.52347
0.820291 2.52437
0.820555 2.52509
0.820819 2.52577
0.821084 2.52653
0.821348 2.52731
0.821612 2.52817
0.821876 2.52905
0.82214 2.52979
0.822404 2.53058
0.822668 2.53148
0.822932 2.53203
0.823196 2.53275
0.82346 2.53349
0.823725 2.53415
0.823989 2.53511
0.824253 2.53588
0.824517 2.53692
0.824781 2.53769
0.825045 2.53833
0.825309 2.53898
0.825573 2.53979
0.825837 2.54061
0.826101 2.5415
0.826366 2.54231
0.82663 2.543
0.826894 2.54386
0.827158 2.54473
0.827422 2.54548
0.827686 2.54629
0.82795 2.54715
0.828214 2.54793
0.828478 2.54869
0.828742 2.54942
0.829007 2.5503
0.829271 2.55097
0.829535 2.55167
0.829799 2.55236
0.830063 2.55305
0.830327 2.55385
0.830591 2.55455
0.830855 2.55546
0.831119 2.55618
0.831383 2.55707
0.831648 2.55782
0.831912 2.55911
0.832176 2.55986
0.83244 2.56067
0.832704 2.56147
0.832968 2.56234
0.833232 2.56318
0.833496 2.5639
0.83376 2.56465
0.834024 2.56537
0.834288 2.56633
0.834553 2.56748
0.834817 2.56807
0.835081 2.56892
0.835345 2.56981
0.835609 2.57043
0.835873 2.57124
0.836137 2.57193
0.836401 2.57266
0.836665 2.57347
0.836929 2.57479
0.837194 2.57561
0.837458 2.57629
0.837722 2.57712
0.837986 2.57803
0.83825 2.57871
0.838514 2.57949
0.838778 2.58042
0.839042 2.5812
0.839306 2.58193
0.83957 2.58283
0.839835 2.58351
0.840099 2.58439
0.840363 2.58508
0.840627 2.58578
0.840891 2.58665
0.841155 2.58746
0.841419 2.58813
0.841683 2.58904
0.841947 2.58977
0.842211 2.59067
0.842476 2.5916
0.84274 2.59242
0.843004 2.59304
0.843268 2.59391
0.843532 2.59487
0.843796 2.59572
0.84406 2.59642
0.844324 2.59763
0.844588 2.59839
0.844852 2.59934
0.845117 2.60029
0.845381 2.60111
0.845645 2.60197
0.845909 2.60274
0.846173 2.60345
0.846437 2.60418
0.846701 2.60488
0.846965 2.60588
0.847229 2.6066
0.847493 2.60759
0.847758 2.60845
0.848022 2.60935
0.848286 2.61022
0.84855 2.61097
0.848814 2.61181
0.849078 2.61266
0.849342 2.61348
0.849606 2.61425
0.84987 2.61502
0.850134 2.61587
0.850399 2.61671
0.850663 2.61759
0.850927 2.61858
0.851191 2.61956
0.851455 2.62024
0.851719 2.62096
0.851983 2.62157
0.852247 2.6228
0.852511 2.62348
0.852775 2.62458
0.85304 2.62541
0.853304 2.62624
0.853568 2.62694
0.853832 2.62788
0.854096 2.62874
0.85436 2.62952
0.854624 2.63035
0.854888 2.63123
0.855152 2.63213
0.855416 2.63282
0.855681 2.6336
0.855945 2.63433
0.856209 2.63514
0.856473 2.63595
0.856737 2.63673
0.857001 2.63742
0.857265 2.63825
0.857529 2.63907
0.857793 2.63985
0.858057 2.6406
0.858321 2.64133
0.858586 2.6421
0.85885 2.64297
0.859114 2.64382
0.859378 2.64448
0.859642 2.64517
0.859906 2.64604
0.86017 2.64679
0.860434 2.64762
0.860698 2.64845
0.860962 2.64918
0.861227 2.64993
0.861491 2.65079
0.861755 2.65154
0.862019 2.65232
0.862283 2.65301
0.862547 2.65399
0.862811 2.65494
0.863075 2.65567
0.863339 2.65647
0.863603 2.65735
0.863868 2.658
0.864132 2.65901
0.864396 2.65999
0.86466 2.6607
0.864924 2.66146
0.865188 2.66222
0.865452 2.66294
0.865716 2.66377
0.86598 2.6646
0.866244 2.66563
0.866509 2.6666
0.866773 2.66739
0.867037 2.66819
0.867301 2.66897
0.867565 2.66989
0.867829 2.67072
0.868093 2.67148
0.868357 2.67224
0.868621 2.6731
0.868885 2.67376
0.86915 2.67458
0.869414 2.67559
0.869678 2.67641
0.869942 2.67731
0.870206 2.67815
0.87047 2.67894
0.870734 2.67984
0.870998 2.6807
0.871262 2.68169
0.871526 2.68235
0.871791 2.68347
0.872055 2.6843
0.872319 2.68534
0.872583 2.6862
0.872847 2.68715
0.873111 2.68792
0.873375 2.68898
0.873639 2.68986
0.873903 2.69065
0.874167 2.69163
0.874432 2.69252
0.874696 2.69579
0.87496 2.69682
0.875224 2.69762
0.875488 2.69889
0.875752 2.69967
0.876016 2.70047
0.87628 2.70149
0.876544 2.7022
0.876808 2.70312
0.877073 2.70393
0.877337 2.70467
0.877601 2.70574
0.877865 2.7066
0.878129 2.70755
0.878393 2.70821
0.878657 2.70904
0.878921 2.70981
0.879185 2.71073
0.879449 2.71165
0.879714 2.71246
0.879978 2.71337
0.880242 2.71429
0.880506 2.71534
0.88077 2.71646
0.881034 2.71751
0.881298 2.71831
0.881562 2.71911
0.881826 2.71994
0.88209 2.72087
0.882354 2.72166
0.882619 2.7224
0.882883 2.72325
0.883147 2.72457
0.883411 2.7253
0.883675 2.72614
0.883939 2.72713
0.884203 2.72796
0.884467 2.72918
0.884731 2.72989
0.884995 2.73078
0.88526 2.73167
0.885524 2.73247
0.885788 2.73317
0.886052 2.73399
0.886316 2.73478
0.88658 2.73565
0.886844 2.7364
0.887108 2.73732
0.887372 2.73806
0.887636 2.73893
0.887901 2.73978
0.888165 2.74051
0.888429 2.74151
0.888693 2.74216
0.888957 2.74294
0.889221 2.74376
0.889485 2.74446
0.889749 2.74528
0.890013 2.74611
0.890277 2.74722
0.890542 2.74817
0.890806 2.74974
0.89107 2.75055
0.891334 2.75144
0.891598 2.75217
0.891862 2.75303
0.892126 2.75389
0.89239 2.75463
0.892654 2.75538
0.892918 2.75623
0.893183 2.75715
0.893447 2.75797
0.893711 2.75874
0.893975 2.76003
0.894239 2.76094
0.894503 2.7616
0.894767 2.7624
0.895031 2.76346
0.895295 2.76441
0.895559 2.76571
0.895824 2.76661
0.896088 2.76771
0.896352 2.76858
0.896616 2.76937
0.89688 2.77006
0.897144 2.77123
0.897408 2.77271
0.897672 2.77362
0.897936 2.77451
0.8982 2.77525
0.898465 2.77615
0.898729 2.77705
0.898993 2.77788
0.899257 2.77883
0.899521 2.77974
0.899785 2.78058
0.900049 2.7814
0.900313 2.78232
0.900577 2.7831
0.900841 2.78384
0.901106 2.7848
0.90137 2.78626
0.901634 2.78702
0.901898 2.78817
0.902162 2.78917
0.902426 2.7901
0.90269 2.79098
0.902954 2.7918
0.903218 2.79251
0.903482 2.79339
0.903747 2.79429
0.904011 2.79534
0.904275 2.79613
0.904539 2.79721
0.904803 2.79798
0.905067 2.79883
0.905331 2.79968
0.905595 2.80059
0.905859 2.80138
0.906123 2.80237
0.906387 2.80332
0.906652 2.8044
0.906916 2.80509
0.90718 2.80608
0.907444 2.80698
0.907708 2.8079
0.907972 2.8088
0.908236 2.81
0.9085 2.8108
0.908764 2.81188
0.909028 2.81298
0.909293 2.81391
0.909557 2.81458
0.909821 2.8154
0.910085 2.8163
0.910349 2.81716
0.910613 2.81787
0.910877 2.81861
0.911141 2.81953
0.911405 2.82026
0.911669 2.82122
0.911934 2.82344
0.912198 2.82443
0.912462 2.82523
0.912726 2.8261
0.91299 2.82702
0.913254 2.82797
0.913518 2.82882
0.913782 2.82966
0.914046 2.83043
0.91431 2.83163
0.914575 2.833
0.914839 2.8339
0.915103 2.83484
0.915367 2.83579
0.915631 2.83678
0.915895 2.83772
0.916159 2.83836
0.916423 2.83926
0.916687 2.84009
0.916951 2.841
0.917216 2.84187
0.91748 2.84281
0.917744 2.84376
0.918008 2.84464
0.918272 2.84561
0.918536 2.8466
0.9188 2.84741
0.919064 2.84859
0.919328 2.84947
0.919592 2.85089
0.919857 2.85184
0.920121 2.85327
0.920385 2.85435
0.920649 2.85511
0.920913 2.85602
0.921177 2.8568
0.921441 2.85755
0.921705 2.85877
0.921969 2.85956
0.922233 2.86049
0.922498 2.86132
0.922762 2.86215
0.923026 2.86287
0.92329 2.86385
0.923554 2.86474
0.923818 2.8656
0.924082 2.86634
0.924346 2.86708
0.92461 2.86823
0.924874 2.86915
0.925139 2.86998
0.925403 2.87079
0.925667 2.87176
0.925931 2.87282
0.926195 2.87366
0.926459 2.87455
0.926723 2.87536
0.926987 2.87626
0.927251 2.87725
0.927515 2.87819
0.92778 2.87914
0.928044 2.88004
0.928308 2.88083
0.928572 2.88181
0.928836 2.88273
0.9291 2.88358
0.929364 2.88453
0.929628 2.88542
0.929892 2.88625
0.930156 2.88731
0.93042 2.88831
0.930685 2.88915
0.930949 2.89003
0.931213 2.89085
0.931477 2.89184
0.931741 2.89278
0.932005 2.89374
0.932269 2.8946
0.932533 2.89532
0.932797 2.89621
0.933061 2.89721
0.933326 2.89835
0.93359 2.89934
0.933854 2.90025
0.934118 2.90108
0.934382 2.90244
0.934646 2.90333
0.93491 2.90431
0.935174 2.90503
0.935438 2.90597
0.935702 2.90686
0.935967 2.9076
0.936231 2.9084
0.936495 2.90936
0.936759 2.91039
0.937023 2.91139
0.937287 2.91213
0.937551 2.91313
0.937815 2.91456
0.938079 2.91531
0.938343 2.91634
0.938608 2.91736
0.938872 2.91809
0.939136 2.91917
0.9394 2.9202
0.939664 2.92107
0.939928 2.92208
0.940192 2.92282
0.940456 2.92359
0.94072 2.92453
0.940984 2.9253
0.941249 2.92623
0.941513 2.9273
0.941777 2.92829
0.942041 2.92912
0.942305 2.93216
0.942569 2.93318
0.942833 2.93415
0.943097 2.9353
0.943361 2.93616
0.943625 2.93695
0.94389 2.93772
0.944154 2.93837
0.944418 2.9394
0.944682 2.94035
0.944946 2.94133
0.94521 2.94226
0.945474 2.94345
0.945738 2.94443
0.946002 2.94516
0.946266 2.94609
0.946531 2.94682
0.946795 2.94777
0.947059 2.94867
0.947323 2.94964
0.947587 2.95056
0.947851 2.9516
0.948115 2.95258
0.948379 2.95355
0.948643 2.95447
0.948907 2.95535
0.949172 2.95648
0.949436 2.95734
0.9497 2.95849
0.949964 2.9593
0.950228 2.96015
0.950492 2.96097
0.950756 2.96193
0.95102 2.96303
0.951284 2.96383
0.951548 2.96488
0.951813 2.9657
0.952077 2.96704
0.952341 2.96806
0.952605 2.96913
0.952869 2.96999
0.953133 2.97084
0.953397 2.97173
0.953661 2.97263
0.953925 2.97363
0.954189 2.97449
0.954454 2.97555
0.954718 2.97638
0.954982 2.97748
0.955246 2.97865
0.95551 2.97976
0.955774 2.98071
0.956038 2.9818
0.956302 2.9829
0.956566 2.9838
0.95683 2.9847
0.957094 2.98583
0.957359 2.9867
0.957623 2.98784
0.957887 2.98887
0.958151 2.98991
0.958415 2.99125
0.958679 2.9924
0.958943 2.99354
0.959207 2.99453
0.959471 2.99531
0.959735 2.99627
0.96 2.99723
0.960264 2.99814
0.960528 2.99907
0.960792 2.99981
0.961056 3.00065
0.96132 3.00162
0.961584 3.00243
0.961848 3.00357
0.962112 3.00515
0.962376 3.00661
0.962641 3.00766
0.962905 3.00881
0.963169 3.00986
0.963433 3.01095
0.963697 3.01224
0.963961 3.01365
0.964225 3.0145
0.964489 3.01548
0.964753 3.0167
0.965017 3.01786
0.965282 3.01885
0.965546 3.01977
0.96581 3.02064
0.966074 3.02139
0.966338 3.02222
0.966602 3.02317
0.966866 3.02409
0.96713 3.02501
0.967394 3.02582
0.967658 3.02695
0.967923 3.02774
0.968187 3.02863
0.968451 3.03003
0.968715 3.03078
0.968979 3.03164
0.969243 3.03259
0.969507 3.03342
0.969771 3.03445
0.970035 3.03516
0.970299 3.03627
0.970564 3.0376
0.970828 3.03854
0.971092 3.03931
0.971356 3.04013
0.97162 3.04122
0.971884 3.0422
0.972148 3.04325
0.972412 3.04429
0.972676 3.04525
0.97294 3.04623
0.973205 3.047
0.973469 3.04789
0.973733 3.04891
0.973997 3.05002
0.974261 3.0509
0.974525 3.05188
0.974789 3.05271
0.975053 3.0537
0.975317 3.05479
0.975581 3.0556
0.975846 3.0567
0.97611 3.05752
0.976374 3.05825
0.976638 3.0594
0.976902 3.06029
0.977166 3.0613
0.97743 3.06212
0.977694 3.06309
0.977958 3.06397
0.978222 3.06504
0.978487 3.06617
0.978751 3.06694
0.979015 3.06773
0.979279 3.06918
0.979543 3.07019
0.979807 3.07125
0.980071 3.07217
0.980335 3.07302
0.980599 3.07383
0.980863 3.07477
0.981127 3.0758
0.981392 3.0769
0.981656 3.07805
0.98192 3.07904
0.982184 3.08001
0.982448 3.08094
0.982712 3.08172
0.982976 3.08268
0.98324 3.08362
0.983504 3.08485
0.983768 3.08574
0.984033 3.08675
0.984297 3.08769
0.984561 3.08884
0.984825 3.08971
0.985089 3.09078
0.985353 3.09172
0.985617 3.09319
0.985881 3.09417
0.986145 3.09509
0.986409 3.09604
0.986674 3.09682
0.986938 3.09776
0.987202 3.09867
0.987466 3.09968
0.98773 3.10081
0.987994 3.10177
0.988258 3.10282
0.988522 3.10371
0.988786 3.10462
0.98905 3.10579
0.989315 3.10674
0.989579 3.10886
0.989843 3.1098
0.990107 3.11094
0.990371 3.11202
0.990635 3.11288
0.990899 3.11396
0.991163 3.11488
0.991427 3.11587
0.991691 3.11697
0.991956 3.11846
0.99222 3.11966
0.992484 3.1206
0.992748 3.1215
0.993012 3.1223
0.993276 3.12326
0.99354 3.12412
0.993804 3.12521
0.994068 3.12662
0.994332 3.12751
0.994597 3.12867
0.994861 3.12953
0.995125 3.13053
0.995389 3.13155
0.995653 3.13265
0.995917 3.13404
0.996181 3.13516
0.996445 3.1361
0.996709 3.13688
0.996973 3.13777
0.997238 3.13901
0.997502 3.14065
0.997766 3.14188
0.99803 3.14297
0.998294 3.14395
0.998558 3.14485
0.998822 3.14572
0.999086 3.14643
0.99935 3.14838
0.999614 3.14949
0.999879 3.15017
