0 1.00293
0.000715505 1.0061
0.00143101 1.00933
0.00214652 1.01278
0.00286202 1.01643
0.00357753 1.02001
0.00429303 1.02388
0.00500854 1.02821
0.00572404 1.03243
0.00643955 1.03663
0.00715505 1.04129
0.00787056 1.0462
0.00858607 1.05133
0.00930157 1.05676
0.0100171 1.0622
0.0107326 1.06865
0.0114481 1.0751
0.0121636 1.08231
0.0128791 1.08901
0.0135946 1.09725
0.0143101 1.10588
0.0150256 1.11446
0.0157411 1.12338
0.0164566 1.13473
0.0171721 1.14464
0.0178876 1.15424
0.0186031 1.16598
0.0193186 1.17977
0.0200342 1.18847
0.0207497 1.20031
0.0214652 1.21475
0.0221807 1.23473
0.0228962 1.25621
0.0236117 1.27655
0.0243272 1.29183
0.0250427 1.29743
0.0257582 1.31325
0.0264737 1.3185
0.0271892 1.32609
0.0279047 1.35534
0.0286202 1.37621
0.0293357 1.40952
0.0300512 1.40766
0.0307667 1.45597
0.0314822 1.48499
0.0321977 1.51463
0.0329133 1.4974
0.0336288 1.53109
0.0343443 1.56514
0.0350598 1.58746
0.0357753 1.63178
0.0364908 1.68147
0.0372063 1.67747
0.0379218 1.66437
0.0386373 1.67751
0.0393528 1.77724
0.0400683 1.73349
0.0407838 1.79862
0.0414993 1.85387
0.0422148 1.88604
0.0429303 1.90364
0.0436458 1.96147
0.0443613 1.98997
0.0450768 1.6367
0.0457924 1.58892
0.0465079 1.6076
0.0472234 1.62743
0.0479389 1.6396
0.0486544 1.6074
0.0493699 1.61011
0.0500854 1.6303
0.0508009 1.58063
0.0515164 1.61027
0.0522319 1.59811
0.0529474 1.63561
0.0536629 1.65564
0.0543784 1.68097
0.0550939 1.67349
0.0558094 1.67978
0.0565249 1.67165
0.0572404 1.52262
0.0579559 1.52638
0.0586714 1.49785
0.059387 1.49978
0.0601025 1.4943
0.060818 1.48451
0.0615335 1.48953
0.062249 1.4916
0.0629645 1.49205
0.06368 1.49388
0.0643955 1.49886
0.065111 1.51087
0.0658265 1.5096
0.066542 1.51592
0.0672575 1.51238
0.067973 1.51361
0.0686885 1.52127
0.069404 1.52467
0.0701195 1.53055
0.070835 1.52783
0.0715505 1.52568
0.0722661 1.53588
0.0729816 1.54192
0.0736971 1.54813
0.0744126 1.54499
0.0751281 1.53823
0.0758436 1.54212
0.0765591 1.53951
0.0772746 1.54783
0.0779901 1.54404
0.0787056 1.52921
0.0794211 1.52465
0.0801366 1.52972
0.0808521 1.53267
0.0815676 1.52823
0.0822831 1.53477
0.0829986 1.54033
0.0837141 1.54413
0.0844296 1.55208
0.0851452 1.55731
0.0858607 1.56977
0.0865762 1.57676
0.0872917 1.57795
0.0880072 1.56882
0.0887227 1.56835
0.0894382 1.56892
0.0901537 1.5712
0.0908692 1.56806
0.0915847 1.56568
0.0923002 1.56873
0.0930157 1.57113
0.0937312 1.57769
0.0944467 1.57566
0.0951622 1.58238
0.0958777 1.58327
0.0965932 1.5824
0.0973087 1.5876
0.0980243 1.58925
0.0987398 1.59393
0.0994553 1.59044
0.100171 1.59427
0.100886 1.59792
0.101602 1.59894
0.102317 1.59851
0.103033 1.60125
0.103748 1.60577
0.104464 1.60918
0.105179 1.58637
0.105895 1.58297
0.10661 1.58214
0.107326 1.58514
0.108041 1.58423
0.108757 1.58897
0.109472 1.58735
0.110188 1.58654
0.110903 1.58734
0.111619 1.58532
0.112334 1.59175
0.11305 1.59273
0.113765 1.59533
0.114481 1.5974
0.115196 1.60014
0.115912 1.60419
0.116627 1.5987
0.117343 1.60293
0.118058 1.60237
0.118774 1.60577
0.119489 1.60726
0.120205 1.60833
0.12092 1.61129
0.121636 1.61201
0.122351 1.60922
0.123067 1.60684
0.123782 1.6063
0.124498 1.60509
0.125213 1.60699
0.125929 1.6056
0.126644 1.60181
0.12736 1.60089
0.128075 1.60393
0.128791 1.60454
0.129506 1.60699
0.130222 1.60665
0.130938 1.60746
0.131653 1.60866
0.132369 1.61152
0.133084 1.61323
0.1338 1.61653
0.134515 1.61886
0.135231 1.61897
0.135946 1.61648
0.136662 1.61942
0.137377 1.61998
0.138093 1.62022
0.138808 1.61822
0.139524 1.61589
0.140239 1.61481
0.140955 1.6135
0.14167 1.6146
0.142386 1.61381
0.143101 1.61629
0.143817 1.61614
0.144532 1.62004
0.145248 1.62162
0.145963 1.62105
0.146679 1.62165
0.147394 1.62461
0.14811 1.62577
0.148825 1.62468
0.149541 1.62438
0.150256 1.62399
0.150972 1.62165
0.151687 1.62239
0.152403 1.62339
0.153118 1.6236
0.153834 1.625
0.154549 1.62546
0.155265 1.62826
0.15598 1.6286
0.156696 1.63312
0.157411 1.63414
0.158127 1.63693
0.158842 1.6353
0.159558 1.63815
0.160273 1.63824
0.160989 1.63763
0.161704 1.63861
0.16242 1.64116
0.163135 1.63884
0.163851 1.63764
0.164566 1.63776
0.165282 1.63935
0.165997 1.64033
0.166713 1.64072
0.167428 1.63861
0.168144 1.6421
0.168859 1.64281
0.169575 1.64224
0.17029 1.64271
0.171006 1.64026
0.171721 1.64
0.172437 1.64258
0.173152 1.6436
0.173868 1.64369
0.174583 1.64426
0.175299 1.64185
0.176014 1.64156
0.17673 1.64309
0.177445 1.64586
0.178161 1.64875
0.178876 1.64757
0.179592 1.65132
0.180307 1.65258
0.181023 1.65161
0.181738 1.65226
0.182454 1.65282
0.183169 1.65402
0.183885 1.65482
0.1846 1.65725
0.185316 1.65835
0.186031 1.65991
0.186747 1.66181
0.187462 1.66144
0.188178 1.66185
0.188893 1.66303
0.189609 1.66511
0.190324 1.66599
0.19104 1.66687
0.191755 1.66254
0.192471 1.66496
0.193186 1.6648
0.193902 1.66402
0.194617 1.66332
0.195333 1.66305
0.196049 1.66307
0.196764 1.66552
0.19748 1.66615
0.198195 1.66666
0.198911 1.66732
0.199626 1.66602
0.200342 1.66763
0.201057 1.6687
0.201773 1.66861
0.202488 1.67054
0.203204 1.67089
0.203919 1.67144
0.204635 1.66959
0.20535 1.67045
0.206066 1.6684
0.206781 1.66812
0.207497 1.66815
0.208212 1.67035
0.208928 1.67032
0.209643 1.67034
0.210359 1.6705
0.211074 1.6716
0.21179 1.67109
0.212505 1.66958
0.213221 1.67079
0.213936 1.673
0.214652 1.67486
0.215367 1.675
0.216083 1.67716
0.216798 1.67774
0.217514 1.67633
0.218229 1.67542
0.218945 1.67508
0.21966 1.67503
0.220376 1.67541
0.221091 1.67526
0.221807 1.67661
0.222522 1.6776
0.223238 1.67791
0.223953 1.67897
0.224669 1.67832
0.225384 1.67848
0.2261 1.67934
0.226815 1.68045
0.227531 1.681
0.228246 1.68084
0.228962 1.67988
0.229677 1.68097
0.230393 1.68208
0.231108 1.68322
0.231824 1.68218
0.232539 1.68378
0.233255 1.6837
0.23397 1.68496
0.234686 1.68392
0.235401 1.68438
0.236117 1.68347
0.236832 1.68397
0.237548 1.68522
0.238263 1.6862
0.238979 1.68549
0.239694 1.68638
0.24041 1.68636
0.241125 1.68574
0.241841 1.68482
0.242556 1.6857
0.243272 1.68697
0.243987 1.68606
0.244703 1.6847
0.245418 1.68591
0.246134 1.68664
0.246849 1.68642
0.247565 1.68583
0.24828 1.68624
0.248996 1.68666
0.249711 1.68785
0.250427 1.68922
0.251142 1.69004
0.251858 1.69014
0.252573 1.68939
0.253289 1.69085
0.254004 1.6917
0.25472 1.69261
0.255435 1.6935
0.256151 1.69028
0.256866 1.68917
0.257582 1.68774
0.258297 1.68731
0.259013 1.68711
0.259728 1.68774
0.260444 1.68793
0.26116 1.68782
0.261875 1.68908
0.262591 1.69002
0.263306 1.69091
0.264022 1.69084
0.264737 1.69111
0.265453 1.69184
0.266168 1.69122
0.266884 1.69206
0.267599 1.69268
0.268315 1.69301
0.26903 1.69454
0.269746 1.6934
0.270461 1.69323
0.271177 1.69354
0.271892 1.69354
0.272608 1.69522
0.273323 1.69445
0.274039 1.69575
0.274754 1.69611
0.27547 1.69703
0.276185 1.69778
0.276901 1.69816
0.277616 1.69789
0.278332 1.6975
0.279047 1.69768
0.279763 1.69691
0.280478 1.69639
0.281194 1.69576
0.281909 1.6963
0.282625 1.69645
0.28334 1.69744
0.284056 1.69743
0.284771 1.69821
0.285487 1.69797
0.286202 1.69893
0.286918 1.69984
0.287633 1.69902
0.288349 1.6977
0.289064 1.69712
0.28978 1.69695
0.290495 1.69659
0.291211 1.69642
0.291926 1.69712
0.292642 1.69655
0.293357 1.69444
0.294073 1.69565
0.294788 1.69633
0.295504 1.69694
0.296219 1.69705
0.296935 1.69709
0.29765 1.69761
0.298366 1.69957
0.299081 1.7009
0.299797 1.70006
0.300512 1.7005
0.301228 1.70164
0.301943 1.70182
0.302659 1.70206
0.303374 1.70193
0.30409 1.70156
0.304805 1.70123
0.305521 1.7013
0.306236 1.7017
0.306952 1.70162
0.307667 1.70157
0.308383 1.70151
0.309098 1.70157
0.309814 1.70233
0.310529 1.7029
0.311245 1.70343
0.31196 1.70351
0.312676 1.70331
0.313391 1.70434
0.314107 1.7002
0.314822 1.70108
0.315538 1.69944
0.316253 1.70015
0.316969 1.6981
0.317684 1.69699
0.3184 1.6969
0.319115 1.69802
0.319831 1.6979
0.320546 1.6971
0.321262 1.69721
0.321977 1.69746
0.322693 1.69836
0.323408 1.69827
0.324124 1.69891
0.324839 1.69903
0.325555 1.70057
0.32627 1.70124
0.326986 1.70187
0.327702 1.70181
0.328417 1.70229
0.329133 1.7031
0.329848 1.703
0.330564 1.7053
0.331279 1.70513
0.331995 1.70431
0.33271 1.70435
0.333426 1.70546
0.334141 1.70531
0.334857 1.70617
0.335572 1.70618
0.336288 1.70647
0.337003 1.70616
0.337719 1.70707
0.338434 1.70786
0.33915 1.70836
0.339865 1.70781
0.340581 1.70818
0.341296 1.7085
0.342012 1.70827
0.342727 1.70877
0.343443 1.70975
0.344158 1.70976
0.344874 1.70928
0.345589 1.70938
0.346305 1.70865
0.34702 1.70839
0.347736 1.70806
0.348451 1.70715
0.349167 1.70712
0.349882 1.70674
0.350598 1.7048
0.351313 1.7051
0.352029 1.70599
0.352744 1.70637
0.35346 1.70659
0.354175 1.70638
0.354891 1.70701
0.355606 1.70729
0.356322 1.70745
0.357037 1.70778
0.357753 1.70901
0.358468 1.70646
0.359184 1.70536
0.359899 1.70633
0.360615 1.70672
0.36133 1.707
0.362046 1.70683
0.362761 1.70754
0.363477 1.70808
0.364192 1.70889
0.364908 1.70888
0.365623 1.70905
0.366339 1.70943
0.367054 1.70965
0.36777 1.7098
0.368485 1.71119
0.369201 1.71117
0.369916 1.71147
0.370632 1.71244
0.371347 1.71251
0.372063 1.71333
0.372778 1.71341
0.373494 1.71256
0.374209 1.71261
0.374925 1.71293
0.37564 1.71266
0.376356 1.7128
0.377071 1.71175
0.377787 1.71255
0.378502 1.71298
0.379218 1.71213
0.379933 1.71247
0.380649 1.71233
0.381364 1.71246
0.38208 1.71234
0.382795 1.71219
0.383511 1.71177
0.384226 1.71173
0.384942 1.71205
0.385657 1.7122
0.386373 1.71286
0.387088 1.71375
0.387804 1.71431
0.388519 1.71497
0.389235 1.71381
0.38995 1.7144
0.390666 1.71411
0.391381 1.71393
0.392097 1.71275
0.392813 1.71197
0.393528 1.71229
0.394244 1.713
0.394959 1.71363
0.395675 1.71442
0.39639 1.71171
0.397106 1.71277
0.397821 1.71075
0.398537 1.71049
0.399252 1.71087
0.399968 1.71147
0.400683 1.71137
0.401399 1.71123
0.402114 1.71097
0.40283 1.71146
0.403545 1.71206
0.404261 1.71303
0.404976 1.71332
0.405692 1.71468
0.406407 1.71576
0.407123 1.71622
0.407838 1.71602
0.408554 1.71641
0.409269 1.71451
0.409985 1.71356
0.4107 1.71366
0.411416 1.71397
0.412131 1.7149
0.412847 1.71404
0.413562 1.71353
0.414278 1.71285
0.414993 1.71165
0.415709 1.71196
0.416424 1.71209
0.41714 1.71195
0.417855 1.71266
0.418571 1.71118
0.419286 1.71138
0.420002 1.71107
0.420717 1.71098
0.421433 1.70994
0.422148 1.71091
0.422864 1.71119
0.423579 1.70963
0.424295 1.70989
0.42501 1.71003
0.425726 1.71088
0.426441 1.71083
0.427157 1.7104
0.427872 1.71114
0.428588 1.7125
0.429303 1.71215
0.430019 1.71254
0.430734 1.7136
0.43145 1.71407
0.432165 1.71372
0.432881 1.71325
0.433596 1.71413
0.434312 1.71404
0.435027 1.71445
0.435743 1.71444
0.436458 1.71245
0.437174 1.71294
0.437889 1.71194
0.438605 1.7129
0.43932 1.7135
0.440036 1.71365
0.440751 1.7147
0.441467 1.71552
0.442182 1.71539
0.442898 1.71585
0.443613 1.71591
0.444329 1.7168
0.445044 1.717
0.44576 1.71679
0.446475 1.71733
0.447191 1.71653
0.447906 1.71668
0.448622 1.71753
0.449337 1.71828
0.450053 1.71879
0.450768 1.71993
0.451484 1.72
0.452199 1.71924
0.452915 1.71985
0.45363 1.71999
0.454346 1.72066
0.455061 1.71939
0.455777 1.71939
0.456492 1.71959
0.457208 1.71949
0.457924 1.71957
0.458639 1.71838
0.459355 1.71779
0.46007 1.71768
0.460786 1.71875
0.461501 1.71869
0.462217 1.71848
0.462932 1.71813
0.463648 1.71826
0.464363 1.71928
0.465079 1.71838
0.465794 1.71836
0.46651 1.71866
0.467225 1.71741
0.467941 1.71774
0.468656 1.71843
0.469372 1.71654
0.470087 1.71759
0.470803 1.71814
0.471518 1.71801
0.472234 1.71817
0.472949 1.71907
0.473665 1.71911
0.47438 1.71853
0.475096 1.71871
0.475811 1.71875
0.476527 1.71721
0.477242 1.71813
0.477958 1.71881
0.478673 1.71816
0.479389 1.71835
0.480104 1.71827
0.48082 1.71784
0.481535 1.71725
0.482251 1.71738
0.482966 1.71721
0.483682 1.71684
0.484397 1.71687
0.485113 1.71736
0.485828 1.71805
0.486544 1.71857
0.487259 1.71807
0.487975 1.71879
0.48869 1.71941
0.489406 1.71964
0.490121 1.72027
0.490837 1.72092
0.491552 1.72061
0.492268 1.7203
0.492983 1.72008
0.493699 1.72002
0.494414 1.71993
0.49513 1.72013
0.495845 1.71916
0.496561 1.72075
0.497276 1.7211
0.497992 1.72092
0.498707 1.72099
0.499423 1.72004
0.500138 1.71921
0.500854 1.71935
0.501569 1.71874
0.502285 1.71925
0.503 1.71908
0.503716 1.71874
0.504431 1.71782
0.505147 1.71701
0.505862 1.71643
0.506578 1.71661
0.507293 1.71688
0.508009 1.71652
0.508724 1.71727
0.50944 1.71773
0.510155 1.71629
0.510871 1.71652
0.511586 1.71587
0.512302 1.71607
0.513017 1.71405
0.513733 1.71329
0.514448 1.714
0.515164 1.71384
0.515879 1.71358
0.516595 1.71463
0.51731 1.71422
0.518026 1.71473
0.518741 1.71406
0.519457 1.71371
0.520172 1.71455
0.520888 1.71432
0.521603 1.71494
0.522319 1.71502
0.523035 1.71531
0.52375 1.71539
0.524466 1.71606
0.525181 1.71527
0.525897 1.71459
0.526612 1.71538
0.527328 1.71631
0.528043 1.71639
0.528759 1.71562
0.529474 1.71649
0.53019 1.71632
0.530905 1.71615
0.531621 1.7165
0.532336 1.71661
0.533052 1.71701
0.533767 1.71596
0.534483 1.71579
0.535198 1.71563
0.535914 1.71625
0.536629 1.71593
0.537345 1.71555
0.53806 1.71572
0.538776 1.71657
0.539491 1.71711
0.540207 1.71678
0.540922 1.71663
0.541638 1.71646
0.542353 1.71685
0.543069 1.71722
0.543784 1.71698
0.5445 1.71791
0.545215 1.71798
0.545931 1.71709
0.546646 1.71654
0.547362 1.71716
0.548077 1.71697
0.548793 1.71688
0.549508 1.71701
0.550224 1.71788
0.550939 1.7184
0.551655 1.71852
0.55237 1.71829
0.553086 1.71782
0.553801 1.71804
0.554517 1.7185
0.555232 1.71856
0.555948 1.71914
0.556663 1.7189
0.557379 1.71694
0.558094 1.71684
0.55881 1.71747
0.559525 1.71693
0.560241 1.71623
0.560956 1.7157
0.561672 1.71544
0.562387 1.71584
0.563103 1.71597
0.563818 1.71649
0.564534 1.71674
0.565249 1.71651
0.565965 1.71588
0.56668 1.71647
0.567396 1.71677
0.568111 1.71679
0.568827 1.7155
0.569542 1.7154
0.570258 1.71596
0.570973 1.71601
0.571689 1.71699
0.572404 1.71683
0.57312 1.71798
0.573835 1.71682
0.574551 1.7169
0.575266 1.71824
0.575982 1.71882
0.576697 1.71819
0.577413 1.7184
0.578128 1.71856
0.578844 1.71965
0.579559 1.71906
0.580275 1.71917
0.58099 1.71822
0.581706 1.71917
0.582421 1.71939
0.583137 1.7205
0.583852 1.72027
0.584568 1.71973
0.585283 1.72032
0.585999 1.72033
0.586714 1.71832
0.58743 1.71705
0.588146 1.71655
0.588861 1.7167
0.589577 1.71657
0.590292 1.7168
0.591008 1.71511
0.591723 1.71574
0.592439 1.71648
0.593154 1.71658
0.59387 1.71618
0.594585 1.71516
0.595301 1.71453
0.596016 1.71324
0.596732 1.71327
0.597447 1.71347
0.598163 1.71362
0.598878 1.71476
0.599594 1.71501
0.600309 1.71463
0.601025 1.7152
0.60174 1.71414
0.602456 1.71372
0.603171 1.71407
0.603887 1.7136
0.604602 1.71405
0.605318 1.71332
0.606033 1.71407
0.606749 1.71372
0.607464 1.71296
0.60818 1.71374
0.608895 1.71367
0.609611 1.71264
0.610326 1.71291
0.611042 1.71381
0.611757 1.7132
0.612473 1.71332
0.613188 1.71367
0.613904 1.71401
0.614619 1.71456
0.615335 1.71548
0.61605 1.71575
0.616766 1.71558
0.617481 1.71638
0.618197 1.7159
0.618912 1.71581
0.619628 1.71592
0.620343 1.71604
0.621059 1.71586
0.621774 1.71579
0.62249 1.71539
0.623205 1.71468
0.623921 1.71482
0.624636 1.71606
0.625352 1.71582
0.626067 1.71628
0.626783 1.71476
0.627498 1.71398
0.628214 1.71367
0.628929 1.71314
0.629645 1.71262
0.63036 1.71191
0.631076 1.71242
0.631791 1.71216
0.632507 1.71294
0.633222 1.71312
0.633938 1.71339
0.634653 1.71404
0.635369 1.71455
0.636084 1.71448
0.6368 1.7155
0.637515 1.71549
0.638231 1.71612
0.638946 1.71609
0.639662 1.7156
0.640377 1.71511
0.641093 1.71522
0.641808 1.71553
0.642524 1.71537
0.643239 1.71575
0.643955 1.71681
0.64467 1.71676
0.645386 1.71549
0.646101 1.71614
0.646817 1.71569
0.647532 1.71587
0.648248 1.71514
0.648963 1.71557
0.649679 1.71624
0.650394 1.71714
0.65111 1.71681
0.651825 1.71664
0.652541 1.71787
0.653257 1.71827
0.653972 1.71852
0.654688 1.7194
0.655403 1.71921
0.656119 1.71858
0.656834 1.71862
0.65755 1.71904
0.658265 1.71873
0.658981 1.7199
0.659696 1.71806
0.660412 1.71865
0.661127 1.71784
0.661843 1.71836
0.662558 1.71963
0.663274 1.72082
0.663989 1.72102
0.664705 1.71976
0.66542 1.72014
0.666136 1.7202
0.666851 1.71931
0.667567 1.72035
0.668282 1.72115
0.668998 1.72153
0.669713 1.7214
0.670429 1.72134
0.671144 1.72169
0.67186 1.72075
0.672575 1.71887
0.673291 1.71876
0.674006 1.71987
0.674722 1.72066
0.675437 1.72069
0.676153 1.72057
0.676868 1.71981
0.677584 1.72084
0.678299 1.72134
0.679015 1.72142
0.67973 1.72091
0.680446 1.71944
0.681161 1.71983
0.681877 1.72003
0.682592 1.71975
0.683308 1.71881
0.684023 1.71982
0.684739 1.71984
0.685454 1.72015
0.68617 1.72128
0.686885 1.72151
0.687601 1.72163
0.688316 1.72314
0.689032 1.72218
0.689747 1.72275
0.690463 1.72355
0.691178 1.72445
0.691894 1.72458
0.692609 1.72388
0.693325 1.72476
0.69404 1.72552
0.694756 1.72563
0.695471 1.72544
0.696187 1.72655
0.696902 1.72593
0.697618 1.72633
0.698333 1.7266
0.699049 1.72598
0.699764 1.72623
0.70048 1.72662
0.701195 1.72584
0.701911 1.72482
0.702626 1.72546
0.703342 1.72619
0.704057 1.72446
0.704773 1.72505
0.705488 1.72548
0.706204 1.72449
0.706919 1.72469
0.707635 1.72405
0.70835 1.72334
0.709066 1.72302
0.709781 1.72342
0.710497 1.72406
0.711212 1.72424
0.711928 1.72451
0.712643 1.72475
0.713359 1.72426
0.714074 1.72466
0.71479 1.72429
0.715505 1.7242
0.716221 1.7256
0.716936 1.72472
0.717652 1.72464
0.718368 1.72453
0.719083 1.72508
0.719799 1.72426
0.720514 1.7244
0.72123 1.72409
0.721945 1.72171
0.722661 1.72095
0.723376 1.72181
0.724092 1.72228
0.724807 1.72273
0.725523 1.72046
0.726238 1.72078
0.726954 1.71963
0.727669 1.72074
0.728385 1.72095
0.7291 1.72082
0.729816 1.72047
0.730531 1.71978
0.731247 1.71854
0.731962 1.71759
0.732678 1.7167
0.733393 1.71674
0.734109 1.7171
0.734824 1.71728
0.73554 1.71566
0.736255 1.71462
0.736971 1.71321
0.737686 1.71204
0.738402 1.71229
0.739117 1.7128
0.739833 1.71273
0.740548 1.71262
0.741264 1.71105
0.741979 1.71077
0.742695 1.7116
0.74341 1.70971
0.744126 1.71067
0.744841 1.71044
0.745557 1.70988
0.746272 1.70946
0.746988 1.70901
0.747703 1.70698
0.748419 1.70557
0.749134 1.70612
0.74985 1.70699
0.750565 1.70579
0.751281 1.70492
0.751996 1.70424
0.752712 1.70436
0.753427 1.70593
0.754143 1.70564
0.754858 1.70641
0.755574 1.70662
0.756289 1.70567
0.757005 1.70705
0.75772 1.70667
0.758436 1.70829
0.759151 1.70812
0.759867 1.7072
0.760582 1.70652
0.761298 1.70683
0.762013 1.70682
0.762729 1.70679
0.763444 1.70685
0.76416 1.70773
0.764875 1.70864
0.765591 1.70783
0.766306 1.70773
0.767022 1.70598
0.767737 1.7066
0.768453 1.70615
0.769168 1.70436
0.769884 1.70536
0.770599 1.70439
0.771315 1.70332
0.77203 1.70519
0.772746 1.70524
0.773461 1.70506
0.774177 1.70269
0.774892 1.70245
0.775608 1.7034
0.776323 1.70337
0.777039 1.70542
0.777754 1.70599
0.77847 1.70491
0.779185 1.70546
0.779901 1.70458
0.780616 1.70538
0.781332 1.7065
0.782047 1.70692
0.782763 1.70888
0.783479 1.7059
0.784194 1.70607
0.78491 1.70419
0.785625 1.70439
0.786341 1.70362
0.787056 1.70492
0.787772 1.70589
0.788487 1.70517
0.789203 1.7067
0.789918 1.70686
0.790634 1.70654
0.791349 1.70643
0.792065 1.70516
0.79278 1.70518
0.793496 1.70407
0.794211 1.70418
0.794927 1.70392
0.795642 1.70433
0.796358 1.70535
0.797073 1.70535
0.797789 1.70486
0.798504 1.70512
0.79922 1.70552
0.799935 1.70407
0.800651 1.70387
0.801366 1.70294
0.802082 1.69936
0.802797 1.69972
0.803513 1.70024
0.804228 1.69987
0.804944 1.69895
0.805659 1.69914
0.806375 1.70017
0.80709 1.70186
0.807806 1.69954
0.808521 1.69928
0.809237 1.69833
0.809952 1.69709
0.810668 1.69832
0.811383 1.69863
0.812099 1.69999
0.812814 1.69981
0.81353 1.69928
0.814245 1.69964
0.814961 1.70004
0.815676 1.69832
0.816392 1.69854
0.817107 1.69883
0.817823 1.69642
0.818538 1.69584
0.819254 1.69716
0.819969 1.69707
0.820685 1.69878
0.8214 1.69659
0.822116 1.69462
0.822831 1.69335
0.823547 1.6939
0.824262 1.69453
0.824978 1.69503
0.825693 1.69442
0.826409 1.6959
0.827124 1.69428
0.82784 1.69304
0.828555 1.69468
0.829271 1.69642
0.829986 1.69585
0.830702 1.69707
0.831417 1.69585
0.832133 1.69409
0.832848 1.69459
0.833564 1.69557
0.834279 1.6951
0.834995 1.69083
0.83571 1.69112
0.836426 1.68979
0.837141 1.68689
0.837857 1.68876
0.838572 1.68605
0.839288 1.68588
0.840003 1.684
0.840719 1.68215
0.841434 1.68361
0.84215 1.68444
0.842865 1.68603
0.843581 1.68745
0.844296 1.68584
0.845012 1.68654
0.845727 1.6882
0.846443 1.69121
0.847158 1.69
0.847874 1.68748
0.84859 1.68929
0.849305 1.6893
0.850021 1.69078
0.850736 1.69287
0.851452 1.69161
0.852167 1.69378
0.852883 1.69606
0.853598 1.69783
0.854314 1.70007
0.855029 1.70095
0.855745 1.70102
0.85646 1.70199
0.857176 1.7032
0.857891 1.70353
0.858607 1.70578
0.859322 1.70305
0.860038 1.70505
0.860753 1.70256
0.861469 1.70304
0.862184 1.70376
0.8629 1.70014
0.863615 1.69878
0.864331 1.6994
0.865046 1.70015
0.865762 1.70145
0.866477 1.6982
0.867193 1.6982
0.867908 1.69454
0.868624 1.69407
0.869339 1.695
0.870055 1.69535
0.87077 1.69638
0.871486 1.6923
0.872201 1.69223
0.872917 1.69189
0.873632 1.69151
0.874348 1.68553
0.875063 1.68262
0.875779 1.67954
0.876494 1.67763
0.87721 1.67799
0.877925 1.67756
0.878641 1.67772
0.879356 1.6797
0.880072 1.67616
0.880787 1.67156
0.881503 1.67286
0.882218 1.67222
0.882934 1.67054
0.883649 1.66838
0.884365 1.67026
0.88508 1.67191
0.885796 1.67074
0.886511 1.67045
0.887227 1.67105
0.887942 1.67123
0.888658 1.66793
0.889373 1.67179
0.890089 1.67411
0.890804 1.67314
0.89152 1.66875
0.892235 1.66586
0.892951 1.66597
0.893666 1.66814
0.894382 1.6688
0.895097 1.66742
0.895813 1.66625
0.896528 1.66487
0.897244 1.66207
0.897959 1.66423
0.898675 1.66902
0.89939 1.67181
0.900106 1.67175
0.900821 1.66853
0.901537 1.66761
0.902252 1.66085
0.902968 1.65651
0.903683 1.65789
0.904399 1.65943
0.905114 1.66314
0.90583 1.66565
0.906545 1.6672
0.907261 1.66591
0.907976 1.66766
0.908692 1.66931
0.909407 1.6698
0.910123 1.67396
0.910838 1.66875
0.911554 1.66936
0.912269 1.66865
0.912985 1.67201
0.9137 1.67247
0.914416 1.66814
0.915132 1.66811
0.915847 1.66891
0.916563 1.67047
0.917278 1.67565
0.917994 1.67086
0.918709 1.67018
0.919425 1.6762
0.92014 1.67307
0.920856 1.67299
0.921571 1.68036
0.922287 1.68211
0.923002 1.68735
0.923718 1.69036
0.924433 1.68876
0.925149 1.68519
0.925864 1.68443
0.92658 1.68989
0.927295 1.69364
0.928011 1.68898
0.928726 1.68829
0.929442 1.68863
0.930157 1.68309
0.930873 1.68615
0.931588 1.6854
0.932304 1.68866
0.933019 1.68954
0.933735 1.69181
0.93445 1.68222
0.935166 1.68542
0.935881 1.68868
0.936597 1.69576
0.937312 1.69594
0.938028 1.70093
0.938743 1.70552
0.939459 1.71106
0.940174 1.71158
0.94089 1.70195
0.941605 1.70205
0.942321 1.70855
0.943036 1.7163
0.943752 1.71773
0.944467 1.71379
0.945183 1.71255
0.945898 1.70758
0.946614 1.70813
0.947329 1.70673
0.948045 1.70669
0.94876 1.70112
0.949476 1.70862
0.950191 1.70592
0.950907 1.71211
0.951622 1.71018
0.952338 1.7097
0.953053 1.69535
0.953769 1.70266
0.954484 1.69435
0.9552 1.70143
0.955915 1.70654
0.956631 1.68618
0.957346 1.69438
0.958062 1.70375
0.958777 1.71193
0.959493 1.70051
0.960208 1.70756
0.960924 1.71782
0.961639 1.71787
0.962355 1.73706
0.96307 1.73957
0.963786 1.7455
0.964501 1.75051
0.965217 1.76058
0.965932 1.76266
0.966648 1.7465
0.967363 1.75996
0.968079 1.75743
0.968794 1.75911
0.96951 1.76073
0.970225 1.75748
0.970941 1.71221
0.971656 1.72746
0.972372 1.73938
0.973087 1.74725
0.973803 1.72664
0.974518 1.73466
0.975234 1.72089
0.975949 1.72762
0.976665 1.68623
0.97738 1.6465
0.978096 1.64347
0.978811 1.65966
0.979527 1.63083
0.980243 1.64824
0.980958 1.67311
0.981674 1.67552
0.982389 1.64029
0.983105 1.65663
0.98382 1.67625
0.984536 1.66067
0.985251 1.663
0.985967 1.69947
0.986682 1.66448
0.987398 1.64421
0.988113 1.63549
0.988829 1.53212
0.989544 1.60025
0.99026 1.58681
0.990975 1.58706
0.991691 1.68458
0.992406 1.69821
0.993122 1.71042
0.993837 -nan
0.994553 -nan
0.995268 -nan
0.995984 -nan
0.996699 -nan
0.997415 -nan
0.99813 -nan
0.998846 -nan
0.999561 -nan
