0 1.80553
150 1
300 1
450 1
600 1
750 1
900 1
1050 1.00048
1200 1.00054
1350 1.0006
1500 1.00066
1650 1.00072
1800 1.00078
1950 1.00084
2100 1.0018
2250 1.00192
2400 1.00204
2550 1.00216
2700 1.00228
2850 1.0024
3000 1.00252
3150 1.00264
3300 1.00414
3450 1.00432
3600 1.0045
3750 1.00468
3900 1.00486
4050 1.00504
4200 1.00522
4350 1.0054
4500 1.00558
4650 1.00576
4800 1.00594
4950 1.00612
5100 1.0063
5250 1.00864
5400 1.00888
5550 1.00912
5700 1.00936
5850 1.0096
6000 1.01229
6150 1.01259
6300 1.01289
6450 1.01319
6600 1.01349
6750 1.01379
6900 1.01409
7050 1.01439
7200 1.01469
7350 1.01499
7500 1.01529
7650 1.01559
7800 1.01589
7950 1.01619
8100 1.01649
8250 1.01679
8400 1.01709
8550 1.01739
8700 1.01769
8850 1.01799
9000 1.01829
9150 1.01859
9300 1.01889
9450 1.01918
9600 1.01948
9750 1.01978
9900 1.02008
10050 1.02038
10200 1.02068
10350 1.02098
10500 1.02127
10650 1.02157
10800 1.02187
10950 1.02217
11100 1.02247
11250 1.02277
11400 1.02307
11550 1.02337
11700 1.02367
11850 1.02397
12000 1.02427
12150 1.02457
12300 1.02487
12450 1.02517
12600 1.02546
12750 1.02576
12900 1.02606
13050 1.02636
13200 1.02666
13350 1.02696
13500 1.02725
13650 1.02755
13800 1.02785
13950 1.02815
14100 1.02845
14250 1.02874
14400 1.02904
14550 1.02934
14700 1.02964
14850 1.02994
15000 1.03023
15150 1.03053
15300 1.03083
15450 1.03112
15600 1.03142
15750 1.03172
15900 1.03202
16050 1.03231
16200 1.03261
16350 1.03291
16500 1.03321
16650 1.0335
16800 1.0338
16950 1.0341
17100 1.0344
17250 1.03469
17400 1.03499
17550 1.03529
17700 1.03558
17850 1.03588
18000 1.03618
18150 1.03648
18300 1.03677
18450 1.03707
18600 1.03736
18750 1.03766
18900 1.03796
19050 1.03825
19200 1.03855
19350 1.03884
19500 1.03914
19650 1.03943
19800 1.03972
19950 1.04002
20100 1.04032
20250 1.04061
20400 1.04091
20550 1.04121
20700 1.0415
20850 1.0418
21000 1.0421
21150 1.04239
21300 1.04268
21450 1.04298
21600 1.04327
21750 1.04357
21900 1.04386
22050 1.04416
22200 1.04445
22350 1.04475
22500 1.04505
22650 1.04535
22800 1.04564
22950 1.04594
23100 1.04624
23250 1.04653
23400 1.04683
23550 1.04712
23700 1.04742
23850 1.04771
24000 1.048
24150 1.0483
24300 1.0486
24450 1.04889
24600 1.04919
24750 1.04948
24900 1.04978
25050 1.05007
25200 1.05036
25350 1.05065
25500 1.05095
25650 1.05124
25800 1.05154
25950 1.05183
26100 1.05213
26250 1.05242
26400 1.05271
26550 1.05301
26700 1.0533
26850 1.0536
27000 1.05389
27150 1.05418
27300 1.05448
27450 1.05477
27600 1.05507
27750 1.05536
27900 1.05565
28050 1.05594
28200 1.05624
28350 1.05653
28500 1.05682
28650 1.05711
28800 1.0574
28950 1.05769
29100 1.05799
29250 1.05828
29400 1.05857
29550 1.05886
29700 1.05915
29850 1.05944
30000 1.05973
30150 1.06003
30300 1.06032
30450 1.06061
30600 1.0609
30750 1.0612
30900 1.06149
31050 1.06177
31200 1.06206
31350 1.06235
31500 1.06264
31650 1.06293
31800 1.06322
31950 1.06352
32100 1.0638
32250 1.0641
32400 1.06439
32550 1.06468
32700 1.06497
32850 1.06526
33000 1.06554
33150 1.06583
33300 1.06612
33450 1.06641
33600 1.0667
33750 1.06698
33900 1.06728
34050 1.06757
34200 1.06786
34350 1.06815
34500 1.06843
34650 1.06873
34800 1.06901
34950 1.0693
35100 1.06959
35250 1.06988
35400 1.07017
35550 1.07046
35700 1.07075
35850 1.07135
36000 1.07164
36150 1.07194
36300 1.07223
36450 1.07252
36600 1.0728
36750 1.0731
36900 1.07339
37050 1.07368
37200 1.07398
37350 1.07427
37500 1.07456
37650 1.07485
37800 1.07514
37950 1.07543
38100 1.07572
38250 1.07601
38400 1.0763
38550 1.07659
38700 1.07688
38850 1.07717
39000 1.07746
39150 1.07776
39300 1.07805
39450 1.07834
39600 1.07864
39750 1.07893
39900 1.07922
40050 1.07951
40200 1.0798
40350 1.08009
40500 1.08038
40650 1.08068
40800 1.08097
40950 1.08126
41100 1.08156
41250 1.08185
41400 1.08257
41550 1.08286
41700 1.08316
41850 1.08345
42000 1.08375
42150 1.08404
42300 1.08434
42450 1.08463
42600 1.08538
42750 1.08567
42900 1.08597
43050 1.08626
43200 1.08656
43350 1.08686
43500 1.08716
43650 1.08746
43800 1.08776
43950 1.08806
44100 1.08836
44250 1.08865
44400 1.08895
44550 1.08925
44700 1.08956
44850 1.08985
45000 1.09015
45150 1.09046
45300 1.09075
45450 1.09105
45600 1.09135
45750 1.09164
45900 1.09194
46050 1.09224
46200 1.09255
46350 1.09284
46500 1.09315
46650 1.09345
46800 1.09375
46950 1.09405
47100 1.09434
47250 1.09464
47400 1.09494
47550 1.09524
47700 1.09554
47850 1.09584
48000 1.09614
48150 1.09644
48300 1.09674
48450 1.09704
48600 1.09733
48750 1.09828
48900 1.09858
49050 1.09888
49200 1.09919
49350 1.09949
49500 1.0998
49650 1.1001
49800 1.1004
49950 1.1007
50100 1.10101
50250 1.10131
50400 1.10162
50550 1.10269
50700 1.103
50850 1.10331
51000 1.10362
51150 1.10393
51300 1.10424
51450 1.10455
51600 1.10486
51750 1.10517
51900 1.10549
52050 1.1058
52200 1.1061
52350 1.10642
52500 1.10673
52650 1.10704
52800 1.10735
52950 1.10766
53100 1.10797
53250 1.10828
53400 1.10859
53550 1.10891
53700 1.10922
53850 1.10953
54000 1.10985
54150 1.11016
54300 1.11047
54450 1.11079
54600 1.1111
54750 1.11142
54900 1.11173
55050 1.11204
55200 1.11236
55350 1.11267
55500 1.11298
55650 1.1133
55800 1.11361
55950 1.11392
56100 1.11424
56250 1.11455
56400 1.11487
56550 1.11518
56700 1.11549
56850 1.1158
57000 1.11611
57150 1.11643
57300 1.11674
57450 1.11706
57600 1.11737
57750 1.11769
57900 1.118
58050 1.11831
58200 1.11863
58350 1.11894
58500 1.11925
58650 1.11956
58800 1.11988
58950 1.12019
59100 1.12051
59250 1.12082
59400 1.12114
59550 1.12145
59700 1.12177
59850 1.12209
60000 1.1224
60150 1.12272
60300 1.12304
60450 1.12335
60600 1.12366
60750 1.12398
60900 1.1243
61050 1.12461
61200 1.12493
61350 1.12524
61500 1.12556
61650 1.12587
61800 1.12619
61950 1.1265
62100 1.12682
62250 1.12713
62400 1.12745
62550 1.12776
62700 1.12808
62850 1.1284
63000 1.12873
63150 1.12904
63300 1.12936
63450 1.12967
63600 1.12999
63750 1.1303
63900 1.13061
64050 1.13093
64200 1.13125
64350 1.13157
64500 1.13189
64650 1.13221
64800 1.13252
64950 1.13284
65100 1.13316
65250 1.13347
65400 1.13378
65550 1.1341
65700 1.13442
65850 1.13474
66000 1.13506
66150 1.13537
66300 1.1357
66450 1.13601
66600 1.13633
66750 1.13665
66900 1.13697
67050 1.13729
67200 1.13761
67350 1.13793
67500 1.13825
67650 1.13857
67800 1.13888
67950 1.13919
68100 1.13951
68250 1.13983
68400 1.14015
68550 1.14047
68700 1.14079
68850 1.14111
69000 1.14143
69150 1.14175
69300 1.14207
69450 1.14239
69600 1.14271
69750 1.14303
69900 1.14334
70050 1.14366
70200 1.14399
70350 1.14431
70500 1.14463
70650 1.14494
70800 1.14526
70950 1.14558
71100 1.14589
71250 1.14621
71400 1.14653
71550 1.14685
71700 1.14717
71850 1.1475
72000 1.14782
72150 1.14814
72300 1.14846
72450 1.14877
72600 1.14909
72750 1.14942
72900 1.14974
73050 1.15006
73200 1.15038
73350 1.15069
73500 1.15101
73650 1.15133
73800 1.15165
73950 1.15196
74100 1.15228
74250 1.1526
74400 1.15292
74550 1.15324
74700 1.15356
74850 1.15389
75000 1.15421
75150 1.15453
75300 1.15485
75450 1.15517
75600 1.15549
75750 1.15582
75900 1.15614
76050 1.15646
76200 1.15678
76350 1.1571
76500 1.15742
76650 1.15775
76800 1.15807
76950 1.1584
77100 1.15872
77250 1.15905
77400 1.15937
77550 1.15969
77700 1.16002
77850 1.16033
78000 1.16066
78150 1.16098
78300 1.1613
78450 1.16162
78600 1.16195
78750 1.16228
78900 1.1626
79050 1.16291
79200 1.16324
79350 1.16356
79500 1.16388
79650 1.16421
79800 1.16453
79950 1.16485
80100 1.16518
80250 1.1655
80400 1.16582
80550 1.16615
80700 1.16647
80850 1.16679
81000 1.16711
81150 1.16744
81300 1.16776
81450 1.16809
81600 1.1684
81750 1.16874
81900 1.16906
82050 1.16938
82200 1.16971
82350 1.17004
82500 1.17037
82650 1.17069
82800 1.17102
82950 1.17133
83100 1.17166
83250 1.17199
83400 1.17231
83550 1.17263
83700 1.17296
83850 1.17328
84000 1.17361
84150 1.17393
84300 1.17425
84450 1.17457
84600 1.1749
84750 1.17523
84900 1.17555
85050 1.17588
85200 1.17621
85350 1.17653
85500 1.17685
85650 1.17718
85800 1.1775
85950 1.17783
86100 1.17816
86250 1.17849
86400 1.17882
86550 1.17914
86700 1.17947
86850 1.1798
87000 1.18013
87150 1.18046
87300 1.18079
87450 1.18112
87600 1.18145
87750 1.18178
87900 1.1821
88050 1.18243
88200 1.18275
88350 1.18308
88500 1.18341
88650 1.18374
88800 1.18406
88950 1.18439
89100 1.18472
89250 1.18505
89400 1.18538
89550 1.18571
89700 1.18603
89850 1.18635
90000 1.18667
90150 1.187
90300 1.18733
90450 1.18765
90600 1.18797
90750 1.18838
90900 1.18871
91050 1.18904
91200 1.18937
91350 1.1897
91500 1.19003
91650 1.19036
91800 1.1907
91950 1.19103
92100 1.19136
92250 1.19169
92400 1.19203
92550 1.19236
92700 1.19269
92850 1.19302
93000 1.19336
93150 1.19368
93300 1.19402
93450 1.19434
93600 1.19468
93750 1.19501
93900 1.19534
94050 1.19567
94200 1.196
94350 1.19632
94500 1.19665
94650 1.19698
94800 1.19731
94950 1.19765
95100 1.19798
95250 1.19832
95400 1.19865
95550 1.19898
95700 1.19932
95850 1.19965
96000 1.19998
96150 1.20032
96300 1.20065
96450 1.20099
96600 1.20132
96750 1.20165
96900 1.20198
97050 1.20232
97200 1.20265
97350 1.20298
97500 1.20331
97650 1.20364
97800 1.20398
97950 1.20432
98100 1.20465
98250 1.20498
98400 1.20532
98550 1.20566
98700 1.20599
98850 1.20632
99000 1.20665
99150 1.20699
99300 1.20731
99450 1.20764
99600 1.20798
99750 1.20832
99900 1.20866
100050 1.20899
100200 1.20933
100350 1.20966
100500 1.21
100650 1.21033
100800 1.21067
100950 1.211
101100 1.21133
101250 1.21166
101400 1.212
101550 1.21234
101700 1.21267
101850 1.21301
102000 1.21335
102150 1.21369
102300 1.21403
102450 1.21437
102600 1.2147
102750 1.21504
102900 1.21537
103050 1.2157
103200 1.21604
103350 1.21638
103500 1.21672
103650 1.21706
103800 1.21739
103950 1.21773
104100 1.21806
104250 1.2184
104400 1.21893
104550 1.21927
104700 1.21961
104850 1.21995
105000 1.22029
105150 1.22064
105300 1.22098
105450 1.22132
105600 1.22166
105750 1.22201
105900 1.22235
106050 1.22269
106200 1.22302
106350 1.22337
106500 1.22372
106650 1.22406
106800 1.22439
106950 1.22473
107100 1.22507
107250 1.22541
107400 1.22575
107550 1.22609
107700 1.22643
107850 1.22677
108000 1.2271
108150 1.22744
108300 1.22779
108450 1.22813
108600 1.22847
108750 1.22881
108900 1.22916
109050 1.2295
109200 1.22984
109350 1.23018
109500 1.23052
109650 1.23086
109800 1.2312
109950 1.23154
110100 1.23188
110250 1.23222
110400 1.23256
110550 1.23313
110700 1.23347
110850 1.23381
111000 1.23415
111150 1.23449
111300 1.23484
111450 1.23519
111600 1.23554
111750 1.23589
111900 1.23624
112050 1.23658
112200 1.23692
112350 1.23726
112500 1.2379
112650 1.23824
112800 1.23859
112950 1.23893
113100 1.23928
113250 1.23962
113400 1.23997
113550 1.24031
113700 1.24065
113850 1.24099
114000 1.24134
114150 1.24169
114300 1.24203
114450 1.24238
114600 1.24274
114750 1.24308
114900 1.24343
115050 1.24377
115200 1.24412
115350 1.24447
115500 1.24482
115650 1.24516
115800 1.24551
115950 1.24586
116100 1.24621
116250 1.24657
116400 1.24691
116550 1.24726
116700 1.24761
116850 1.24796
117000 1.24831
117150 1.24865
117300 1.24901
117450 1.24935
117600 1.24971
117750 1.25005
117900 1.25041
118050 1.25076
118200 1.25111
118350 1.25146
118500 1.25181
118650 1.25216
118800 1.25251
118950 1.25287
119100 1.25322
119250 1.25357
119400 1.25393
119550 1.25427
119700 1.25463
119850 1.25498
120000 1.25533
120150 1.25569
120300 1.25603
120450 1.25638
120600 1.25674
120750 1.2571
120900 1.25746
121050 1.25781
121200 1.25816
121350 1.25851
121500 1.25886
121650 1.2592
121800 1.25957
121950 1.25992
122100 1.26028
122250 1.26063
122400 1.26098
122550 1.26133
122700 1.26169
122850 1.26204
123000 1.2624
123150 1.26275
123300 1.2631
123450 1.26346
123600 1.26381
123750 1.26417
123900 1.26452
124050 1.26486
124200 1.26522
124350 1.26557
124500 1.26594
124650 1.26629
124800 1.26665
124950 1.267
125100 1.26736
125250 1.26771
125400 1.26808
125550 1.26844
125700 1.2688
125850 1.26915
126000 1.26951
126150 1.26987
126300 1.27023
126450 1.27058
126600 1.27094
126750 1.27129
126900 1.27165
127050 1.27201
127200 1.27236
127350 1.27272
127500 1.27308
127650 1.27344
127800 1.27379
127950 1.27416
128100 1.27451
128250 1.27488
128400 1.27523
128550 1.27559
128700 1.27594
128850 1.2763
129000 1.27665
129150 1.27701
129300 1.27736
129450 1.27772
129600 1.27808
129750 1.27844
129900 1.2788
130050 1.27916
130200 1.27952
130350 1.27988
130500 1.28024
130650 1.2806
130800 1.28097
130950 1.28133
131100 1.28169
131250 1.28204
131400 1.2824
131550 1.28276
131700 1.28312
131850 1.28346
132000 1.28381
132150 1.28417
132300 1.28454
132450 1.28489
132600 1.28525
132750 1.28561
132900 1.28598
133050 1.28633
133200 1.28669
133350 1.28706
133500 1.28742
133650 1.28779
133800 1.28815
133950 1.28851
134100 1.28887
134250 1.28922
134400 1.28958
134550 1.28994
134700 1.2903
134850 1.29065
135000 1.291
135150 1.29136
135300 1.29173
135450 1.29209
135600 1.29244
135750 1.29281
135900 1.29318
136050 1.29354
136200 1.29391
136350 1.29429
136500 1.29464
136650 1.29501
136800 1.29537
136950 1.29573
137100 1.2961
137250 1.29647
137400 1.29684
137550 1.29719
137700 1.29755
137850 1.29792
138000 1.29829
138150 1.29865
138300 1.29902
138450 1.30023
138600 1.3006
138750 1.30099
138900 1.30136
139050 1.30173
139200 1.30209
139350 1.30246
139500 1.30282
139650 1.30318
139800 1.30355
139950 1.30392
140100 1.30429
140250 1.30467
140400 1.30504
140550 1.3054
140700 1.30578
140850 1.30616
141000 1.30652
141150 1.30689
141300 1.30726
141450 1.30763
141600 1.308
141750 1.30838
141900 1.30876
142050 1.30913
142200 1.30951
142350 1.30988
142500 1.31026
142650 1.31063
142800 1.31101
142950 1.31139
143100 1.31175
143250 1.31212
143400 1.3125
143550 1.31288
143700 1.31326
143850 1.31363
144000 1.314
144150 1.31438
144300 1.31474
144450 1.31512
144600 1.31549
144750 1.31586
144900 1.31624
145050 1.3166
145200 1.31699
145350 1.31735
145500 1.31772
145650 1.31811
145800 1.31848
145950 1.31886
146100 1.31923
146250 1.3196
146400 1.31998
146550 1.32035
146700 1.32072
146850 1.3211
147000 1.32149
147150 1.32186
147300 1.32224
147450 1.32261
147600 1.32299
147750 1.32337
147900 1.32374
148050 1.32412
148200 1.32448
148350 1.32486
148500 1.32525
148650 1.32563
148800 1.326
148950 1.32638
149100 1.32675
149250 1.32714
149400 1.32753
149550 1.32791
149700 1.32829
149850 1.32867
150000 1.32905
150150 1.32943
150300 1.32981
150450 1.3302
150600 1.33058
150750 1.33097
150900 1.33134
151050 1.33173
151200 1.3321
151350 1.33248
151500 1.33286
151650 1.33324
151800 1.33363
151950 1.33401
152100 1.3344
152250 1.33479
152400 1.33517
152550 1.33555
152700 1.33594
152850 1.33632
153000 1.33671
153150 1.33709
153300 1.33747
153450 1.33785
153600 1.33824
153750 1.33863
153900 1.339
154050 1.33939
154200 1.33978
154350 1.34017
154500 1.34056
154650 1.34093
154800 1.3413
154950 1.3417
155100 1.34209
155250 1.34247
155400 1.34286
155550 1.34324
155700 1.34363
155850 1.34402
156000 1.34441
156150 1.34479
156300 1.34518
156450 1.34557
156600 1.34595
156750 1.34634
156900 1.34672
157050 1.3471
157200 1.34749
157350 1.34787
157500 1.34827
157650 1.34865
157800 1.34903
157950 1.34942
158100 1.34981
158250 1.3502
158400 1.35059
158550 1.35098
158700 1.35138
158850 1.35177
159000 1.35215
159150 1.35254
159300 1.35293
159450 1.35332
159600 1.35371
159750 1.35409
159900 1.35448
160050 1.35487
160200 1.35525
160350 1.35565
160500 1.35604
160650 1.35643
160800 1.35683
160950 1.35722
161100 1.35761
161250 1.35801
161400 1.3584
161550 1.35879
161700 1.35919
161850 1.35958
162000 1.35998
162150 1.36036
162300 1.36076
162450 1.36116
162600 1.36154
162750 1.36193
162900 1.36234
163050 1.36274
163200 1.36315
163350 1.36354
163500 1.36393
163650 1.36432
163800 1.36471
163950 1.3651
164100 1.36548
164250 1.36587
164400 1.36626
164550 1.36667
164700 1.36706
164850 1.36745
165000 1.36784
165150 1.36823
165300 1.36863
165450 1.36902
165600 1.36941
165750 1.36981
165900 1.3702
166050 1.37058
166200 1.37097
166350 1.37136
166500 1.37176
166650 1.37215
166800 1.37254
166950 1.37294
167100 1.37334
167250 1.37374
167400 1.37415
167550 1.37454
167700 1.37494
167850 1.37533
168000 1.37572
168150 1.37612
168300 1.3765
168450 1.3769
168600 1.37729
168750 1.3777
168900 1.3781
169050 1.37849
169200 1.37888
169350 1.37928
169500 1.37968
169650 1.38006
169800 1.38047
169950 1.38086
170100 1.38126
170250 1.38166
170400 1.38206
170550 1.38258
170700 1.38298
170850 1.38338
171000 1.38378
171150 1.38416
171300 1.38456
171450 1.38496
171600 1.38537
171750 1.38577
171900 1.38617
172050 1.38656
172200 1.38696
172350 1.38738
172500 1.38778
172650 1.38818
172800 1.38859
172950 1.38898
173100 1.38938
173250 1.38979
173400 1.3902
173550 1.39061
173700 1.39101
173850 1.3914
174000 1.3918
174150 1.39221
174300 1.39261
174450 1.39301
174600 1.3934
174750 1.3938
174900 1.3942
175050 1.39459
175200 1.395
175350 1.3954
175500 1.39581
175650 1.3962
175800 1.3966
175950 1.39702
176100 1.39743
176250 1.39783
176400 1.39823
176550 1.39864
176700 1.39904
176850 1.39946
177000 1.39985
177150 1.40027
177300 1.40067
177450 1.40105
177600 1.40146
177750 1.40187
177900 1.40228
178050 1.40267
178200 1.40307
178350 1.40348
178500 1.40388
178650 1.4043
178800 1.4047
178950 1.40512
179100 1.40552
179250 1.40594
179400 1.40634
179550 1.40674
179700 1.40715
179850 1.40755
180000 1.40798
180150 1.40838
180300 1.4088
180450 1.4092
180600 1.40961
180750 1.41002
180900 1.41044
181050 1.41085
181200 1.41125
181350 1.41166
181500 1.41208
181650 1.41248
181800 1.41288
181950 1.41329
182100 1.41372
182250 1.41411
182400 1.41453
182550 1.41494
182700 1.41535
182850 1.41576
183000 1.41618
183150 1.41658
183300 1.41699
183450 1.4174
183600 1.41781
183750 1.41822
183900 1.41863
184050 1.41906
184200 1.41947
184350 1.41989
184500 1.42031
184650 1.42072
184800 1.42114
184950 1.42156
185100 1.42197
185250 1.42238
185400 1.4228
185550 1.42322
185700 1.42364
185850 1.42405
186000 1.42445
186150 1.42488
186300 1.42528
186450 1.42569
186600 1.42611
186750 1.42653
186900 1.42694
187050 1.42734
187200 1.42775
187350 1.42816
187500 1.4286
187650 1.4293
187800 1.43002
187950 1.43043
188100 1.43085
188250 1.43127
188400 1.4317
188550 1.43213
188700 1.43255
188850 1.43297
189000 1.43339
189150 1.43381
189300 1.43422
189450 1.43464
189600 1.43506
189750 1.43547
189900 1.43619
190050 1.43661
190200 1.43704
190350 1.43748
190500 1.43791
190650 1.43834
190800 1.43878
190950 1.4392
191100 1.43963
191250 1.44006
191400 1.44049
191550 1.44091
191700 1.44134
191850 1.44176
192000 1.44219
192150 1.44261
192300 1.44304
192450 1.44346
192600 1.44388
192750 1.4446
192900 1.44502
193050 1.44545
193200 1.44588
193350 1.4463
193500 1.44674
193650 1.44717
193800 1.44758
193950 1.44802
194100 1.44846
194250 1.44889
194400 1.44931
194550 1.44976
194700 1.45018
194850 1.45061
195000 1.45104
195150 1.45147
195300 1.4519
195450 1.45233
195600 1.45275
195750 1.45318
195900 1.45362
196050 1.45405
196200 1.45448
196350 1.45492
196500 1.45535
196650 1.45577
196800 1.4562
196950 1.45664
197100 1.45707
197250 1.45749
197400 1.45793
197550 1.45836
197700 1.45879
197850 1.45922
198000 1.45966
198150 1.4601
198300 1.46052
198450 1.46097
198600 1.46142
198750 1.46186
198900 1.46229
199050 1.46273
199200 1.46317
199350 1.46362
199500 1.46406
199650 1.4645
199800 1.46494
199950 1.46538
200100 1.46583
200250 1.46627
200400 1.4667
200550 1.46715
200700 1.46758
200850 1.46802
201000 1.46846
201150 1.46888
201300 1.46931
201450 1.46976
201600 1.47021
201750 1.47065
201900 1.47108
202050 1.47153
202200 1.47197
202350 1.47241
202500 1.47284
202650 1.47328
202800 1.47372
202950 1.47416
203100 1.4746
203250 1.47504
203400 1.4755
203550 1.47595
203700 1.47639
203850 1.47683
204000 1.47728
204150 1.47772
204300 1.47815
204450 1.47859
204600 1.47904
204750 1.47947
204900 1.47992
205050 1.48037
205200 1.48079
205350 1.48124
205500 1.48169
205650 1.48212
205800 1.48257
205950 1.48301
206100 1.48346
206250 1.48389
206400 1.48433
206550 1.48478
206700 1.48522
206850 1.48566
207000 1.4861
207150 1.48655
207300 1.487
207450 1.48745
207600 1.4879
207750 1.48834
207900 1.48879
208050 1.48923
208200 1.48967
208350 1.49013
208500 1.49057
208650 1.49102
208800 1.49147
208950 1.49191
209100 1.49236
209250 1.49281
209400 1.49326
209550 1.49372
209700 1.49418
209850 1.49462
210000 1.49508
210150 1.49552
210300 1.49597
210450 1.49643
210600 1.49687
210750 1.49733
210900 1.49778
211050 1.49824
211200 1.49869
211350 1.49915
211500 1.49961
211650 1.50006
211800 1.50051
211950 1.50095
212100 1.50141
212250 1.50185
212400 1.50231
212550 1.50276
212700 1.5032
212850 1.50367
213000 1.50412
213150 1.50457
213300 1.50503
213450 1.50548
213600 1.50594
213750 1.5064
213900 1.50685
214050 1.50731
214200 1.50777
214350 1.50823
214500 1.50869
214650 1.50913
214800 1.50956
214950 1.51003
215100 1.51047
215250 1.51094
215400 1.5114
215550 1.51185
215700 1.51232
215850 1.51278
216000 1.51326
216150 1.51372
216300 1.51417
216450 1.51465
216600 1.51514
216750 1.51559
216900 1.51605
217050 1.51651
217200 1.51697
217350 1.51744
217500 1.51789
217650 1.51836
217800 1.51881
217950 1.51928
218100 1.51973
218250 1.52021
218400 1.52065
218550 1.52112
218700 1.52158
218850 1.52204
219000 1.52248
219150 1.52295
219300 1.5234
219450 1.52387
219600 1.52433
219750 1.52478
219900 1.52526
220050 1.52571
220200 1.52618
220350 1.52664
220500 1.52711
220650 1.52757
220800 1.52804
220950 1.5285
221100 1.52897
221250 1.52943
221400 1.52991
221550 1.53037
221700 1.53083
221850 1.53129
222000 1.53176
222150 1.53224
222300 1.5327
222450 1.53316
222600 1.53361
222750 1.5341
222900 1.53458
223050 1.53505
223200 1.53553
223350 1.53601
223500 1.53647
223650 1.53693
223800 1.5374
223950 1.53788
224100 1.53835
224250 1.5388
224400 1.53929
224550 1.53976
224700 1.54021
224850 1.54067
225000 1.54115
225150 1.54162
225300 1.54209
225450 1.54255
225600 1.54302
225750 1.54347
225900 1.54394
226050 1.54442
226200 1.54489
226350 1.54536
226500 1.54583
226650 1.54631
226800 1.54679
226950 1.54726
227100 1.54773
227250 1.5482
227400 1.54868
227550 1.54916
227700 1.54963
227850 1.55011
228000 1.55057
228150 1.55106
228300 1.55153
228450 1.55199
228600 1.55245
228750 1.55293
228900 1.55342
229050 1.55395
229200 1.55442
229350 1.55489
229500 1.55536
229650 1.55586
229800 1.55634
229950 1.55681
230100 1.55729
230250 1.55777
230400 1.55825
230550 1.55873
230700 1.55929
230850 1.55978
231000 1.56025
231150 1.56073
231300 1.56119
231450 1.56167
231600 1.56216
231750 1.56266
231900 1.56316
232050 1.56364
232200 1.5641
232350 1.56457
232500 1.56504
232650 1.56553
232800 1.56602
232950 1.56651
233100 1.56699
233250 1.56748
233400 1.56796
233550 1.56843
233700 1.56892
233850 1.56941
234000 1.5699
234150 1.5704
234300 1.57089
234450 1.57138
234600 1.57188
234750 1.57236
234900 1.57286
235050 1.57333
235200 1.57381
235350 1.5743
235500 1.57478
235650 1.57527
235800 1.57575
235950 1.57625
236100 1.57673
236250 1.57721
236400 1.57771
236550 1.5782
236700 1.57871
236850 1.57919
237000 1.57968
237150 1.58034
237300 1.58083
237450 1.58139
237600 1.58188
237750 1.58237
237900 1.58285
238050 1.58335
238200 1.58386
238350 1.58433
238500 1.58483
238650 1.58532
238800 1.58581
238950 1.58632
239100 1.58683
239250 1.58733
239400 1.58784
239550 1.58833
239700 1.58884
239850 1.58933
240000 1.58982
240150 1.59031
240300 1.5908
240450 1.5913
240600 1.59177
240750 1.59228
240900 1.59275
241050 1.59326
241200 1.59376
241350 1.59426
241500 1.59476
241650 1.59525
241800 1.59574
241950 1.59625
242100 1.59677
242250 1.59727
242400 1.59776
242550 1.59826
242700 1.59879
242850 1.59928
243000 1.59979
243150 1.60029
243300 1.6008
243450 1.6013
243600 1.6018
243750 1.6023
243900 1.6028
244050 1.6033
244200 1.60381
244350 1.6043
244500 1.6048
244650 1.60532
244800 1.60582
244950 1.60633
245100 1.60684
245250 1.60734
245400 1.60786
245550 1.60835
245700 1.60886
245850 1.60935
246000 1.60986
246150 1.61036
246300 1.61087
246450 1.61138
246600 1.61188
246750 1.61236
246900 1.61287
247050 1.61338
247200 1.61389
247350 1.61439
247500 1.61491
247650 1.6154
247800 1.61593
247950 1.61644
248100 1.61694
248250 1.61747
248400 1.618
248550 1.61851
248700 1.61904
248850 1.61959
249000 1.62009
249150 1.62061
249300 1.62111
249450 1.62163
249600 1.62214
249750 1.62265
249900 1.62317
250050 1.62368
250200 1.62417
250350 1.62467
250500 1.62518
250650 1.6257
250800 1.62622
250950 1.62675
251100 1.62727
251250 1.62778
251400 1.6283
251550 1.62881
251700 1.62935
251850 1.62988
252000 1.63039
252150 1.63089
252300 1.63139
252450 1.6319
252600 1.63243
252750 1.63297
252900 1.63346
253050 1.63398
253200 1.63449
253350 1.635
253500 1.63551
253650 1.63602
253800 1.63652
253950 1.63703
254100 1.63754
254250 1.63806
254400 1.63857
254550 1.6391
254700 1.63963
254850 1.64015
255000 1.64068
255150 1.64121
255300 1.64172
255450 1.64223
255600 1.64277
255750 1.6433
255900 1.64381
256050 1.64434
256200 1.64486
256350 1.64538
256500 1.6459
256650 1.64643
256800 1.64696
256950 1.64751
257100 1.64802
257250 1.64855
257400 1.64907
257550 1.64961
257700 1.65015
257850 1.65066
258000 1.65118
258150 1.6517
258300 1.65222
258450 1.65276
258600 1.65328
258750 1.65382
258900 1.65433
259050 1.65486
259200 1.65539
259350 1.65592
259500 1.65643
259650 1.65696
259800 1.65748
259950 1.65798
260100 1.65853
260250 1.65905
260400 1.65958
260550 1.66012
260700 1.66064
260850 1.66117
261000 1.66172
261150 1.66226
261300 1.66278
261450 1.66332
261600 1.66387
261750 1.66441
261900 1.66494
262050 1.66546
262200 1.66599
262350 1.66652
262500 1.66704
262650 1.66758
262800 1.66815
262950 1.66868
263100 1.6692
263250 1.66972
263400 1.67027
263550 1.67084
263700 1.67137
263850 1.67191
264000 1.67244
264150 1.67299
264300 1.67352
264450 1.67407
264600 1.67461
264750 1.67514
264900 1.67568
265050 1.67622
265200 1.67676
265350 1.67732
265500 1.67786
265650 1.67839
265800 1.67892
265950 1.67946
266100 1.67999
266250 1.68051
266400 1.68106
266550 1.6816
266700 1.68213
266850 1.68267
267000 1.68323
267150 1.68378
267300 1.68431
267450 1.68484
267600 1.68537
267750 1.68591
267900 1.68646
268050 1.68701
268200 1.68758
268350 1.68813
268500 1.68869
268650 1.68924
268800 1.68979
268950 1.69034
269100 1.69088
269250 1.69143
269400 1.692
269550 1.69255
269700 1.6931
269850 1.69365
270000 1.69419
270150 1.69472
270300 1.69528
270450 1.69584
270600 1.69639
270750 1.69692
270900 1.69746
271050 1.69801
271200 1.69855
271350 1.69908
271500 1.69963
271650 1.70018
271800 1.70073
271950 1.70128
272100 1.70183
272250 1.70239
272400 1.70294
272550 1.7035
272700 1.70405
272850 1.7046
273000 1.70517
273150 1.70572
273300 1.70625
273450 1.7068
273600 1.70737
273750 1.70794
273900 1.70849
274050 1.70904
274200 1.70957
274350 1.71011
274500 1.71067
274650 1.71122
274800 1.71177
274950 1.71234
275100 1.7129
275250 1.71346
275400 1.714
275550 1.71462
275700 1.71519
275850 1.71573
276000 1.71629
276150 1.71686
276300 1.71742
276450 1.71798
276600 1.71856
276750 1.71913
276900 1.71968
277050 1.72023
277200 1.72081
277350 1.72138
277500 1.72195
277650 1.7225
277800 1.72306
277950 1.72362
278100 1.72417
278250 1.72473
278400 1.72528
278550 1.72586
278700 1.72641
278850 1.72697
279000 1.72754
279150 1.72814
279300 1.72872
279450 1.72929
279600 1.72986
279750 1.7304
279900 1.73097
280050 1.73153
280200 1.73209
280350 1.73265
280500 1.73324
280650 1.7338
280800 1.73436
280950 1.73493
281100 1.73547
281250 1.73605
281400 1.73662
281550 1.73719
281700 1.73775
281850 1.73834
282000 1.73889
282150 1.73947
282300 1.74003
282450 1.74059
282600 1.74118
282750 1.74176
282900 1.74233
283050 1.74292
283200 1.74348
283350 1.74404
283500 1.74462
283650 1.7452
283800 1.74575
283950 1.74635
284100 1.74701
284250 1.74758
284400 1.74817
284550 1.74871
284700 1.74928
284850 1.74984
285000 1.75042
285150 1.751
285300 1.75158
285450 1.75217
285600 1.75275
285750 1.75335
285900 1.75392
286050 1.7545
286200 1.75508
286350 1.75568
286500 1.75627
286650 1.75686
286800 1.75743
286950 1.75802
287100 1.75861
287250 1.75918
287400 1.75976
287550 1.76036
287700 1.76095
287850 1.76153
288000 1.76213
288150 1.76272
288300 1.76331
288450 1.76391
288600 1.76449
288750 1.76507
288900 1.76567
289050 1.76626
289200 1.76685
289350 1.76744
289500 1.76804
289650 1.76861
289800 1.76921
289950 1.76984
290100 1.77041
290250 1.77102
290400 1.77158
290550 1.77216
290700 1.77273
290850 1.7733
291000 1.77389
291150 1.77448
291300 1.7751
291450 1.77571
291600 1.77628
291750 1.77688
291900 1.77746
292050 1.77805
292200 1.77864
292350 1.77923
292500 1.77985
292650 1.78044
292800 1.78105
292950 1.78163
293100 1.78224
293250 1.78286
293400 1.78346
293550 1.78409
293700 1.78467
293850 1.78527
294000 1.78588
294150 1.78648
294300 1.78709
294450 1.78769
294600 1.78828
294750 1.78885
294900 1.78943
295050 1.79002
295200 1.79064
295350 1.79124
295500 1.79181
295650 1.7924
295800 1.79299
295950 1.79359
296100 1.79422
296250 1.79482
296400 1.79544
296550 1.79606
296700 1.79668
296850 1.79726
297000 1.79787
297150 1.79846
297300 1.79907
297450 1.79968
297600 1.80028
297750 1.80087
297900 1.80147
298050 1.80205
298200 1.80265
298350 1.80327
298500 1.80387
298650 1.80447
298800 1.80507
298950 1.80568
299100 1.80627
299250 1.8069
299400 1.80768
299550 1.80828
299700 1.8089
299850 1.8095
300000 1.81011
300150 1.81073
300300 1.81135
300450 1.81196
300600 1.81257
300750 1.81318
300900 1.81381
301050 1.81439
301200 1.81501
301350 1.81562
301500 1.81625
301650 1.81685
301800 1.81746
301950 1.81807
302100 1.81869
302250 1.81931
302400 1.8199
302550 1.8205
302700 1.82109
302850 1.82172
303000 1.82233
303150 1.82293
303300 1.82356
303450 1.82416
303600 1.82477
303750 1.8254
303900 1.82601
304050 1.82665
304200 1.82728
304350 1.8279
304500 1.82852
304650 1.82915
304800 1.82978
304950 1.8304
305100 1.83101
305250 1.83165
305400 1.83228
305550 1.83292
305700 1.83354
305850 1.83414
306000 1.83476
306150 1.83539
306300 1.83602
306450 1.83668
306600 1.8373
306750 1.83791
306900 1.83852
307050 1.83913
307200 1.83978
307350 1.84043
307500 1.84106
307650 1.84169
307800 1.84234
307950 1.84295
308100 1.84356
308250 1.84416
308400 1.84481
308550 1.84546
308700 1.84609
308850 1.84671
309000 1.84732
309150 1.84795
309300 1.84858
309450 1.8492
309600 1.84983
309750 1.85046
309900 1.85112
310050 1.85175
310200 1.85238
310350 1.85302
310500 1.85367
310650 1.85432
310800 1.85495
310950 1.85559
311100 1.85622
311250 1.85686
311400 1.85751
311550 1.85812
311700 1.85874
311850 1.85938
312000 1.86001
312150 1.86063
312300 1.86124
312450 1.86189
312600 1.86253
312750 1.86318
312900 1.86382
313050 1.86446
313200 1.86509
313350 1.86569
313500 1.86632
313650 1.86697
313800 1.8676
313950 1.86824
314100 1.86888
314250 1.86954
314400 1.87019
314550 1.8711
314700 1.87177
314850 1.87242
315000 1.87306
315150 1.8737
315300 1.87434
315450 1.87498
315600 1.87563
315750 1.87628
315900 1.87691
316050 1.87756
316200 1.87819
316350 1.87884
316500 1.87949
316650 1.88011
316800 1.8808
316950 1.88144
317100 1.8821
317250 1.88274
317400 1.88341
317550 1.88403
317700 1.88467
317850 1.88533
318000 1.88601
318150 1.88666
318300 1.88731
318450 1.88796
318600 1.88861
318750 1.88925
318900 1.88992
319050 1.89056
319200 1.89122
319350 1.89189
319500 1.89253
319650 1.89317
319800 1.89382
319950 1.89449
320100 1.89514
320250 1.89578
320400 1.89644
320550 1.89708
320700 1.89772
320850 1.89839
321000 1.89906
321150 1.89974
321300 1.90042
321450 1.90109
321600 1.90177
321750 1.90242
321900 1.90309
322050 1.90375
322200 1.9044
322350 1.90508
322500 1.90573
322650 1.90639
322800 1.90703
322950 1.90769
323100 1.90839
323250 1.90904
323400 1.90972
323550 1.9104
323700 1.91107
323850 1.91173
324000 1.91238
324150 1.91304
324300 1.91371
324450 1.91436
324600 1.91502
324750 1.91568
324900 1.91635
325050 1.91703
325200 1.91773
325350 1.91839
325500 1.91905
325650 1.91972
325800 1.92037
325950 1.92104
326100 1.9217
326250 1.92238
326400 1.92305
326550 1.92372
326700 1.92445
326850 1.92512
327000 1.92581
327150 1.9265
327300 1.92717
327450 1.92782
327600 1.92851
327750 1.92918
327900 1.92984
328050 1.9305
328200 1.93119
328350 1.93185
328500 1.93252
328650 1.9332
328800 1.9339
328950 1.93463
329100 1.93532
329250 1.93601
329400 1.93667
329550 1.93733
329700 1.93804
329850 1.93873
330000 1.93939
330150 1.94007
330300 1.94079
330450 1.94148
330600 1.94213
330750 1.94283
330900 1.94352
331050 1.94418
331200 1.94485
331350 1.94554
331500 1.94623
331650 1.94693
331800 1.94759
331950 1.94829
332100 1.94898
332250 1.94966
332400 1.95034
332550 1.95102
332700 1.9517
332850 1.95238
333000 1.95307
333150 1.95372
333300 1.9544
333450 1.95507
333600 1.95574
333750 1.95642
333900 1.95708
334050 1.95775
334200 1.95844
334350 1.95916
334500 1.95985
334650 1.96056
334800 1.96122
334950 1.96191
335100 1.96257
335250 1.9633
335400 1.964
335550 1.96466
335700 1.96537
335850 1.96609
336000 1.96677
336150 1.96749
336300 1.96817
336450 1.96887
336600 1.96958
336750 1.97028
336900 1.97097
337050 1.97166
337200 1.97233
337350 1.97301
337500 1.97373
337650 1.97442
337800 1.97514
337950 1.97583
338100 1.97652
338250 1.97724
338400 1.97793
338550 1.97861
338700 1.97933
338850 1.98001
339000 1.98072
339150 1.98141
339300 1.98213
339450 1.98288
339600 1.98359
339750 1.98427
339900 1.98496
340050 1.98567
340200 1.98637
340350 1.98711
340500 1.98786
340650 1.98856
340800 1.98926
340950 1.98996
341100 1.99069
341250 1.99139
341400 1.9921
341550 1.99283
341700 1.99358
341850 1.99434
342000 1.99506
342150 1.99579
342300 1.99649
342450 1.99719
342600 1.99789
342750 1.99859
342900 1.9993
343050 2.00004
343200 2.00075
343350 2.00151
343500 2.00224
343650 2.00297
343800 2.00366
343950 2.00437
344100 2.00512
344250 2.00583
344400 2.00652
344550 2.00726
344700 2.00802
344850 2.00873
345000 2.00945
345150 2.01017
345300 2.01091
345450 2.01162
345600 2.01236
345750 2.01308
345900 2.01377
346050 2.0145
346200 2.0154
346350 2.01615
346500 2.0169
346650 2.01763
346800 2.01834
346950 2.01906
347100 2.01977
347250 2.02049
347400 2.02119
347550 2.02193
347700 2.02265
347850 2.02336
348000 2.0241
348150 2.0248
348300 2.02554
348450 2.02628
348600 2.02703
348750 2.02775
348900 2.02848
349050 2.02944
349200 2.03019
349350 2.03092
349500 2.03165
349650 2.03239
349800 2.03313
349950 2.03386
350100 2.03461
350250 2.03537
350400 2.03613
350550 2.03687
350700 2.03761
350850 2.03836
351000 2.03908
351150 2.03981
351300 2.04058
351450 2.04133
351600 2.04207
351750 2.04279
351900 2.04353
352050 2.04426
352200 2.04495
352350 2.04571
352500 2.04642
352650 2.04718
352800 2.04796
352950 2.04868
353100 2.04941
353250 2.05015
353400 2.0509
353550 2.05164
353700 2.05238
353850 2.05312
354000 2.0539
354150 2.05463
354300 2.05542
354450 2.05618
354600 2.05697
354750 2.05775
354900 2.05851
355050 2.05924
355200 2.05999
355350 2.06076
355500 2.06149
355650 2.06224
355800 2.06297
355950 2.06374
356100 2.06448
356250 2.06521
356400 2.06599
356550 2.06673
356700 2.06748
356850 2.06825
357000 2.06899
357150 2.06979
357300 2.07052
357450 2.07128
357600 2.07201
357750 2.07276
357900 2.07352
358050 2.07428
358200 2.07503
358350 2.07581
358500 2.07657
358650 2.07732
358800 2.07806
358950 2.07885
359100 2.07963
359250 2.08037
359400 2.08111
359550 2.0819
359700 2.08269
359850 2.08343
360000 2.08421
360150 2.085
360300 2.08576
360450 2.08652
360600 2.08728
360750 2.08802
360900 2.0888
361050 2.08957
361200 2.09036
361350 2.09114
361500 2.09192
361650 2.09271
361800 2.09352
361950 2.09427
362100 2.09504
362250 2.09581
362400 2.09659
362550 2.09739
362700 2.09821
362850 2.09896
363000 2.09973
363150 2.1005
363300 2.10128
363450 2.10205
363600 2.10281
363750 2.10357
363900 2.10431
364050 2.10509
364200 2.10585
364350 2.10666
364500 2.1074
364650 2.10818
364800 2.10897
364950 2.10975
365100 2.11052
365250 2.1113
365400 2.11208
365550 2.1129
365700 2.11368
365850 2.11445
366000 2.11525
366150 2.11605
366300 2.11683
366450 2.11763
366600 2.11846
366750 2.11925
366900 2.12006
367050 2.12084
367200 2.12164
367350 2.12243
367500 2.1232
367650 2.124
367800 2.12476
367950 2.12555
368100 2.12633
368250 2.1271
368400 2.12789
368550 2.1287
368700 2.12946
368850 2.13023
369000 2.13104
369150 2.13188
369300 2.1327
369450 2.13347
369600 2.13423
369750 2.13499
369900 2.13578
370050 2.13657
370200 2.13738
370350 2.13819
370500 2.13901
370650 2.13984
370800 2.14064
370950 2.14142
371100 2.14223
371250 2.14307
371400 2.14391
371550 2.14471
371700 2.14547
371850 2.14626
372000 2.14705
372150 2.14786
372300 2.14868
372450 2.14945
372600 2.15026
372750 2.15108
372900 2.15187
373050 2.15267
373200 2.15349
373350 2.15431
373500 2.15511
373650 2.15596
373800 2.15681
373950 2.15764
374100 2.15848
374250 2.15928
374400 2.16012
374550 2.16097
374700 2.1618
374850 2.1627
375000 2.16352
375150 2.16433
375300 2.16517
375450 2.166
375600 2.16681
375750 2.16766
375900 2.16847
376050 2.16926
376200 2.1701
376350 2.17095
376500 2.17176
376650 2.17263
376800 2.17345
376950 2.17428
377100 2.17512
377250 2.17594
377400 2.17678
377550 2.17764
377700 2.17846
377850 2.17928
378000 2.1801
378150 2.18098
378300 2.1818
378450 2.18263
378600 2.18347
378750 2.18431
378900 2.18518
379050 2.18605
379200 2.18686
379350 2.1877
379500 2.18851
379650 2.18938
379800 2.19021
379950 2.19103
380100 2.19189
380250 2.19276
380400 2.19356
380550 2.19442
380700 2.19524
380850 2.19608
381000 2.19693
381150 2.19777
381300 2.19864
381450 2.19943
381600 2.20026
381750 2.2012
381900 2.20203
382050 2.20286
382200 2.20372
382350 2.20457
382500 2.20541
382650 2.20622
382800 2.20708
382950 2.20793
383100 2.20879
383250 2.20963
383400 2.21047
383550 2.21134
383700 2.21221
383850 2.21307
384000 2.21391
384150 2.2148
384300 2.2157
384450 2.21653
384600 2.21738
384750 2.21824
384900 2.21909
385050 2.21997
385200 2.22085
385350 2.2217
385500 2.22256
385650 2.2234
385800 2.22424
385950 2.22516
386100 2.22601
386250 2.22687
386400 2.22776
386550 2.22865
386700 2.22953
386850 2.23043
387000 2.2313
387150 2.2322
387300 2.23309
387450 2.23396
387600 2.23481
387750 2.23571
387900 2.23658
388050 2.23744
388200 2.23832
388350 2.23922
388500 2.24007
388650 2.24098
388800 2.24186
388950 2.24274
389100 2.24361
389250 2.24445
389400 2.24533
389550 2.24619
389700 2.24704
389850 2.24793
390000 2.24883
390150 2.24968
390300 2.25053
390450 2.25146
390600 2.25234
390750 2.25324
390900 2.25412
391050 2.255
391200 2.25594
391350 2.25681
391500 2.25773
391650 2.25863
391800 2.25952
391950 2.26042
392100 2.26127
392250 2.26214
392400 2.26307
392550 2.26397
392700 2.26486
392850 2.26578
393000 2.26667
393150 2.26754
393300 2.26843
393450 2.26935
393600 2.27026
393750 2.27118
393900 2.27208
394050 2.27295
394200 2.27383
394350 2.27466
394500 2.27553
394650 2.27641
394800 2.27732
394950 2.27821
395100 2.2791
395250 2.28003
395400 2.28094
395550 2.28184
395700 2.28274
395850 2.28363
396000 2.28453
396150 2.28549
396300 2.28641
396450 2.28731
396600 2.28818
396750 2.28908
396900 2.28997
397050 2.29098
397200 2.29185
397350 2.29273
397500 2.29363
397650 2.29449
397800 2.2954
397950 2.29634
398100 2.29726
398250 2.29814
398400 2.29899
398550 2.29992
398700 2.30089
398850 2.30182
399000 2.30276
399150 2.30363
399300 2.30455
399450 2.30548
399600 2.30641
399750 2.30732
399900 2.30822
400050 2.30912
400200 2.31002
400350 2.31095
400500 2.31184
400650 2.3128
400800 2.31379
400950 2.3147
401100 2.31561
401250 2.31654
401400 2.31745
401550 2.31841
401700 2.31934
401850 2.32029
402000 2.32122
402150 2.32212
402300 2.32301
402450 2.32395
402600 2.32486
402750 2.3258
402900 2.32671
403050 2.32766
403200 2.3286
403350 2.32955
403500 2.33052
403650 2.33145
403800 2.33237
403950 2.33333
404100 2.3343
404250 2.33526
404400 2.33613
404550 2.33706
404700 2.33802
404850 2.33896
405000 2.33988
405150 2.34082
405300 2.34176
405450 2.34269
405600 2.34364
405750 2.3446
405900 2.34555
406050 2.34648
406200 2.34737
406350 2.34826
406500 2.34921
406650 2.35024
406800 2.35124
406950 2.35222
407100 2.35315
407250 2.35414
407400 2.35506
407550 2.35597
407700 2.3569
407850 2.35786
408000 2.35885
408150 2.35988
408300 2.36078
408450 2.3617
408600 2.36266
408750 2.36362
408900 2.36458
409050 2.3656
409200 2.36654
409350 2.36755
409500 2.36853
409650 2.36952
409800 2.37045
409950 2.37145
410100 2.3724
410250 2.37336
410400 2.37435
410550 2.37536
410700 2.37634
410850 2.37733
411000 2.37835
411150 2.37928
411300 2.38028
411450 2.38128
411600 2.38227
411750 2.38319
411900 2.38415
412050 2.38508
412200 2.38606
412350 2.38696
412500 2.38792
412650 2.38894
412800 2.3899
412950 2.39088
413100 2.39186
413250 2.39283
413400 2.39382
413550 2.39476
413700 2.39576
413850 2.39677
414000 2.39769
414150 2.39868
414300 2.39965
414450 2.40065
414600 2.40166
414750 2.40272
414900 2.40368
415050 2.40471
415200 2.40571
415350 2.40669
415500 2.4077
415650 2.40869
415800 2.40968
415950 2.41066
416100 2.41164
416250 2.41263
416400 2.41363
416550 2.41462
416700 2.41556
416850 2.41653
417000 2.41756
417150 2.41853
417300 2.41948
417450 2.42048
417600 2.42154
417750 2.42252
417900 2.42348
418050 2.42453
418200 2.42557
418350 2.4266
418500 2.42763
418650 2.42867
418800 2.42971
418950 2.43073
419100 2.43174
419250 2.43273
419400 2.43371
419550 2.43467
419700 2.43564
419850 2.43662
420000 2.43771
420150 2.43873
420300 2.4397
420450 2.4407
420600 2.44166
420750 2.44269
420900 2.44372
421050 2.44473
421200 2.4457
421350 2.44671
421500 2.44762
421650 2.44867
421800 2.44969
421950 2.45076
422100 2.45177
422250 2.45281
422400 2.4538
422550 2.45483
422700 2.45586
422850 2.45693
423000 2.45795
423150 2.45898
423300 2.45999
423450 2.46094
423600 2.46196
423750 2.46297
423900 2.46403
424050 2.46513
424200 2.46615
424350 2.46722
424500 2.46829
424650 2.46935
424800 2.4704
424950 2.4714
425100 2.47244
425250 2.47344
425400 2.47449
425550 2.47559
425700 2.4766
425850 2.47759
426000 2.47866
426150 2.47965
426300 2.48067
426450 2.48168
426600 2.4827
426750 2.48372
426900 2.48473
427050 2.48573
427200 2.48674
427350 2.48784
427500 2.48891
427650 2.48998
427800 2.49102
427950 2.49213
428100 2.4932
428250 2.49428
428400 2.49534
428550 2.49638
428700 2.49739
428850 2.49842
429000 2.49948
429150 2.50056
429300 2.50162
429450 2.50267
429600 2.50373
429750 2.50477
429900 2.50584
430050 2.50689
430200 2.50798
430350 2.50902
430500 2.51007
430650 2.51117
430800 2.51227
430950 2.51328
431100 2.51432
431250 2.51533
431400 2.51642
431550 2.51749
431700 2.51854
431850 2.51964
432000 2.52069
432150 2.52176
432300 2.52288
432450 2.52396
432600 2.52507
432750 2.52614
432900 2.52727
433050 2.52834
433200 2.52945
433350 2.53051
433500 2.53155
433650 2.53267
433800 2.53376
433950 2.53485
434100 2.53598
434250 2.53704
434400 2.53811
434550 2.53921
434700 2.54032
434850 2.54138
435000 2.54247
435150 2.54357
435300 2.54464
435450 2.54574
435600 2.54676
435750 2.54785
435900 2.54892
436050 2.55
436200 2.55112
436350 2.55224
436500 2.55329
436650 2.5544
436800 2.5555
436950 2.55654
437100 2.5576
437250 2.55868
437400 2.55979
437550 2.5609
437700 2.56197
437850 2.56304
438000 2.56412
438150 2.56527
438300 2.56635
438450 2.56745
438600 2.56864
438750 2.56973
438900 2.57088
439050 2.57199
439200 2.57308
439350 2.57418
439500 2.57526
439650 2.57634
439800 2.57742
439950 2.57854
440100 2.57966
440250 2.58073
440400 2.58188
440550 2.58298
440700 2.58413
440850 2.5852
441000 2.58635
441150 2.58745
441300 2.58853
441450 2.58968
441600 2.59083
441750 2.59194
441900 2.59301
442050 2.59415
442200 2.59527
442350 2.59642
442500 2.59759
442650 2.59871
442800 2.59989
442950 2.60107
443100 2.60218
443250 2.60331
443400 2.60444
443550 2.60556
443700 2.6067
443850 2.60786
444000 2.60895
444150 2.61012
444300 2.61123
444450 2.61239
444600 2.61356
444750 2.61471
444900 2.61585
445050 2.61697
445200 2.61811
445350 2.61926
445500 2.62041
445650 2.62152
445800 2.62265
445950 2.62378
446100 2.62496
446250 2.62613
446400 2.62726
446550 2.62838
446700 2.62945
446850 2.63058
447000 2.63169
447150 2.63284
447300 2.634
447450 2.63514
447600 2.63629
447750 2.63748
447900 2.63858
448050 2.63978
448200 2.64086
448350 2.64205
448500 2.64327
448650 2.64444
448800 2.64558
448950 2.6468
449100 2.64791
449250 2.649
449400 2.6502
449550 2.65132
449700 2.65246
449850 2.65361
450000 2.65486
450150 2.65599
450300 2.65715
450450 2.65835
450600 2.65954
450750 2.66072
450900 2.66218
451050 2.66335
451200 2.66454
451350 2.6657
451500 2.66687
451650 2.66801
451800 2.66925
451950 2.67041
452100 2.67156
452250 2.67276
452400 2.67393
452550 2.67512
452700 2.67622
452850 2.6774
453000 2.67857
453150 2.67972
453300 2.68091
453450 2.68212
453600 2.6833
453750 2.68452
453900 2.68571
454050 2.6869
454200 2.6881
454350 2.6893
454500 2.69051
454650 2.69171
454800 2.6929
454950 2.69409
455100 2.69525
455250 2.69648
455400 2.69769
455550 2.69883
455700 2.70002
455850 2.70124
456000 2.70245
456150 2.70364
456300 2.70485
456450 2.70601
456600 2.70724
456750 2.70842
456900 2.70966
457050 2.71089
457200 2.71212
457350 2.71333
457500 2.71456
457650 2.71577
457800 2.71701
457950 2.71824
458100 2.71946
458250 2.72076
458400 2.72191
458550 2.72309
458700 2.72435
458850 2.72552
459000 2.72677
459150 2.72799
459300 2.72924
459450 2.73044
459600 2.73164
459750 2.73282
459900 2.73406
460050 2.73531
460200 2.73654
460350 2.73777
460500 2.73903
460650 2.74028
460800 2.74154
460950 2.74271
461100 2.74395
461250 2.74515
461400 2.74636
461550 2.74762
461700 2.74885
461850 2.75004
462000 2.75131
462150 2.75261
462300 2.75389
462450 2.75513
462600 2.75637
462750 2.75771
462900 2.75893
463050 2.76019
463200 2.76147
463350 2.76287
463500 2.7641
463650 2.76539
463800 2.76665
463950 2.76786
464100 2.76913
464250 2.77033
464400 2.77159
464550 2.7729
464700 2.77413
464850 2.77532
465000 2.77652
465150 2.77774
465300 2.779
465450 2.78027
465600 2.78157
465750 2.7828
465900 2.7841
466050 2.78542
466200 2.78668
466350 2.78796
466500 2.78919
466650 2.79048
466800 2.7917
466950 2.793
467100 2.79433
467250 2.79572
467400 2.79704
467550 2.79829
467700 2.79958
467850 2.80082
468000 2.80215
468150 2.80344
468300 2.80474
468450 2.80598
468600 2.80731
468750 2.80861
468900 2.80999
469050 2.8113
469200 2.81256
469350 2.81383
469500 2.81517
469650 2.81641
469800 2.81773
469950 2.81903
470100 2.82032
470250 2.82163
470400 2.82292
470550 2.82416
470700 2.82549
470850 2.82681
471000 2.82805
471150 2.82939
471300 2.83069
471450 2.83199
471600 2.83335
471750 2.83469
471900 2.83601
472050 2.83728
472200 2.83858
472350 2.83993
472500 2.84121
472650 2.8425
472800 2.84373
472950 2.84501
473100 2.84636
473250 2.84768
473400 2.849
473550 2.8503
473700 2.85163
473850 2.85292
474000 2.85425
474150 2.8555
474300 2.85688
474450 2.8582
474600 2.8595
474750 2.86092
474900 2.86234
475050 2.8637
475200 2.86501
475350 2.86635
475500 2.86765
475650 2.86898
475800 2.87042
475950 2.87174
476100 2.87314
476250 2.87442
476400 2.87579
476550 2.87713
476700 2.87851
476850 2.87983
477000 2.88123
477150 2.88259
477300 2.88397
477450 2.88533
477600 2.88677
477750 2.88814
477900 2.88958
478050 2.891
478200 2.8923
478350 2.89371
478500 2.895
478650 2.89634
478800 2.89767
478950 2.89897
479100 2.90035
479250 2.90172
479400 2.90311
479550 2.90449
479700 2.90582
479850 2.90722
480000 2.90856
480150 2.90992
480300 2.91128
480450 2.91271
480600 2.91404
480750 2.91556
480900 2.91699
481050 2.91838
481200 2.91985
481350 2.92124
481500 2.92264
481650 2.92404
481800 2.92544
481950 2.92674
482100 2.92811
482250 2.92951
482400 2.93098
482550 2.93238
482700 2.93375
482850 2.93517
483000 2.93644
483150 2.9379
483300 2.93935
483450 2.94075
483600 2.94219
483750 2.94355
483900 2.94493
484050 2.94637
484200 2.94779
484350 2.94908
484500 2.95053
484650 2.95199
484800 2.95338
484950 2.95494
485100 2.95638
485250 2.95777
485400 2.95919
485550 2.96066
485700 2.96196
485850 2.96325
486000 2.96469
486150 2.96614
486300 2.96753
486450 2.96899
486600 2.97043
486750 2.97187
486900 2.97323
487050 2.97467
487200 2.97608
487350 2.97757
487500 2.97895
487650 2.98051
487800 2.98197
487950 2.98343
488100 2.98487
488250 2.98632
488400 2.98778
488550 2.98922
488700 2.9907
488850 2.9922
489000 2.9937
489150 2.99513
489300 2.99665
489450 2.99811
489600 2.99963
489750 3.0011
489900 3.00252
490050 3.0041
490200 3.0055
490350 3.00697
490500 3.00854
490650 3.01004
490800 3.01154
490950 3.01309
491100 3.01456
491250 3.01605
491400 3.01751
491550 3.0189
491700 3.02036
491850 3.02175
492000 3.02318
492150 3.02464
492300 3.02607
492450 3.02757
492600 3.02914
492750 3.03062
492900 3.03213
493050 3.03359
493200 3.03504
493350 3.03638
493500 3.03788
493650 3.03944
493800 3.04091
493950 3.0425
494100 3.0441
494250 3.04556
494400 3.04701
494550 3.04846
494700 3.04998
494850 3.05141
495000 3.05293
495150 3.05444
495300 3.05595
495450 3.05749
495600 3.05898
495750 3.06038
495900 3.06187
496050 3.06336
496200 3.0648
496350 3.0663
496500 3.06781
496650 3.0693
496800 3.07075
496950 3.0722
497100 3.07375
497250 3.07531
497400 3.07688
497550 3.07839
497700 3.07993
497850 3.08137
498000 3.08296
498150 3.0845
498300 3.08601
498450 3.08752
498600 3.08908
498750 3.09057
498900 3.09211
499050 3.09359
499200 3.09523
499350 3.09669
499500 3.09829
499650 3.09981
499800 3.10132
499950 3.10286
500100 3.10445
500250 3.10604
500400 3.10757
500550 3.10911
500700 3.11067
500850 3.11229
501000 3.11389
501150 3.11542
501300 3.117
501450 3.1185
501600 3.12001
501750 3.12156
501900 3.12315
502050 3.12469
502200 3.12624
502350 3.12784
502500 3.12955
502650 3.13109
502800 3.1326
502950 3.13424
503100 3.13567
503250 3.13723
503400 3.13881
503550 3.14035
503700 3.14205
503850 3.14355
504000 3.14512
504150 3.14666
504300 3.14818
504450 3.14985
504600 3.15138
504750 3.15294
504900 3.15455
505050 3.15617
505200 3.15776
505350 3.15932
505500 3.1609
505650 3.16253
505800 3.16413
505950 3.16575
506100 3.1677
506250 3.16931
506400 3.17089
506550 3.17247
506700 3.17405
506850 3.17564
507000 3.17729
507150 3.17876
507300 3.18039
507450 3.18204
507600 3.18366
507750 3.18533
507900 3.187
508050 3.18869
508200 3.19029
508350 3.19187
508500 3.19349
508650 3.19508
508800 3.19673
508950 3.19833
509100 3.19994
509250 3.20157
509400 3.20323
509550 3.20482
509700 3.20646
509850 3.20808
510000 3.20975
510150 3.21143
510300 3.21313
510450 3.21479
510600 3.21639
510750 3.21808
510900 3.21964
511050 3.22129
511200 3.22292
511350 3.22457
511500 3.22625
511650 3.22789
511800 3.22955
511950 3.23119
512100 3.23287
512250 3.23448
512400 3.23626
512550 3.23797
512700 3.23967
512850 3.24124
513000 3.24289
513150 3.24463
513300 3.24624
513450 3.24784
513600 3.24951
513750 3.2512
513900 3.25288
514050 3.25459
514200 3.25625
514350 3.25786
514500 3.2596
514650 3.26128
514800 3.26304
514950 3.26476
515100 3.26636
515250 3.26804
515400 3.2697
515550 3.2715
515700 3.27312
515850 3.27483
516000 3.27654
516150 3.27819
516300 3.28
516450 3.28163
516600 3.28332
516750 3.28507
516900 3.28686
517050 3.28861
517200 3.2903
517350 3.29199
517500 3.29362
517650 3.29535
517800 3.29706
517950 3.29876
518100 3.30049
518250 3.30225
518400 3.30407
518550 3.30584
518700 3.30749
518850 3.30927
519000 3.31088
519150 3.31258
519300 3.31431
519450 3.31598
519600 3.31774
519750 3.31962
519900 3.32129
520050 3.32322
520200 3.32498
520350 3.32667
520500 3.32831
520650 3.33
520800 3.33168
520950 3.33336
521100 3.33515
521250 3.33689
521400 3.33868
521550 3.34039
521700 3.34215
521850 3.34397
522000 3.34572
522150 3.3475
522300 3.34925
522450 3.3511
522600 3.3529
522750 3.35464
522900 3.35648
523050 3.35824
523200 3.35998
523350 3.36173
523500 3.3635
523650 3.36526
523800 3.36705
523950 3.3688
524100 3.37057
524250 3.37239
524400 3.37419
524550 3.37605
524700 3.37778
524850 3.37949
525000 3.38126
525150 3.38297
525300 3.3847
525450 3.3865
525600 3.38824
525750 3.39008
525900 3.39201
526050 3.3938
526200 3.39565
526350 3.39743
526500 3.39926
526650 3.40108
526800 3.40278
526950 3.4046
527100 3.40644
527250 3.40824
527400 3.41008
527550 3.41196
527700 3.41392
527850 3.41581
528000 3.41759
528150 3.41945
528300 3.42122
528450 3.42309
528600 3.42494
528750 3.42676
528900 3.42862
529050 3.43037
529200 3.43223
529350 3.43401
529500 3.43584
529650 3.4376
529800 3.43947
529950 3.4413
530100 3.44308
530250 3.4449
530400 3.44684
530550 3.44872
530700 3.45062
530850 3.45245
531000 3.45436
531150 3.45632
531300 3.45805
531450 3.45997
531600 3.4618
531750 3.46366
531900 3.46558
532050 3.46741
532200 3.46929
532350 3.47109
532500 3.47292
532650 3.47491
532800 3.47681
532950 3.47874
533100 3.48061
533250 3.48251
533400 3.48451
533550 3.48628
533700 3.48816
533850 3.49002
534000 3.49189
534150 3.49376
534300 3.49579
534450 3.49767
534600 3.49961
534750 3.50151
534900 3.50335
535050 3.50519
535200 3.50718
535350 3.50902
535500 3.51094
535650 3.51276
535800 3.51463
535950 3.51657
536100 3.5185
536250 3.5206
536400 3.5226
536550 3.52463
536700 3.5266
536850 3.52855
537000 3.53043
537150 3.53234
537300 3.53419
537450 3.536
537600 3.538
537750 3.53997
537900 3.542
538050 3.54401
538200 3.54598
538350 3.54811
538500 3.55009
538650 3.55219
538800 3.55416
538950 3.55615
539100 3.55805
539250 3.56008
539400 3.56207
539550 3.56407
539700 3.56618
539850 3.56815
540000 3.57012
540150 3.57217
540300 3.57429
540450 3.57636
540600 3.57829
540750 3.58043
540900 3.58254
541050 3.58459
541200 3.5867
541350 3.58864
541500 3.59067
541650 3.5926
541800 3.59458
541950 3.59657
542100 3.59879
542250 3.6007
542400 3.60277
542550 3.6047
542700 3.60675
542850 3.60863
543000 3.61079
543150 3.61291
543300 3.61489
543450 3.61692
543600 3.61897
543750 3.62094
543900 3.62301
544050 3.62502
544200 3.62701
544350 3.62902
544500 3.63102
544650 3.63302
544800 3.63513
544950 3.63728
545100 3.63932
545250 3.64133
545400 3.64336
545550 3.64547
545700 3.64748
545850 3.64961
546000 3.65178
546150 3.65383
546300 3.65598
546450 3.65795
546600 3.65999
546750 3.66215
546900 3.66426
547050 3.6663
547200 3.66833
547350 3.67044
547500 3.67251
547650 3.67455
547800 3.67659
547950 3.67863
548100 3.68086
548250 3.68295
548400 3.68506
548550 3.687
548700 3.68918
548850 3.69123
549000 3.69338
549150 3.69539
549300 3.69747
549450 3.69961
549600 3.70171
549750 3.70375
549900 3.7058
550050 3.70794
550200 3.71003
550350 3.71216
550500 3.71415
550650 3.71631
550800 3.71837
550950 3.72037
551100 3.72264
551250 3.72465
551400 3.72691
551550 3.72904
551700 3.73118
551850 3.73331
552000 3.73549
552150 3.73762
552300 3.73962
552450 3.74192
552600 3.74421
552750 3.74635
552900 3.7484
553050 3.75064
553200 3.7528
553350 3.75491
553500 3.757
553650 3.75918
553800 3.76131
553950 3.76338
554100 3.76552
554250 3.76774
554400 3.76988
554550 3.77192
554700 3.77414
554850 3.77628
555000 3.77859
555150 3.78073
555300 3.78299
555450 3.78529
555600 3.78735
555750 3.7896
555900 3.79187
556050 3.79409
556200 3.79643
556350 3.79859
556500 3.80076
556650 3.80302
556800 3.8053
556950 3.80747
557100 3.80965
557250 3.81194
557400 3.81413
557550 3.81637
557700 3.81858
557850 3.82082
558000 3.82296
558150 3.82514
558300 3.82728
558450 3.82949
558600 3.83187
558750 3.83413
558900 3.83633
559050 3.8386
559200 3.84092
559350 3.84303
559500 3.84534
559650 3.84749
559800 3.84969
559950 3.8518
560100 3.85406
560250 3.8562
560400 3.85843
560550 3.86069
560700 3.86315
560850 3.86555
561000 3.86781
561150 3.87004
561300 3.87225
561450 3.87466
561600 3.87684
561750 3.87913
561900 3.88149
562050 3.88389
562200 3.88616
562350 3.88844
562500 3.89088
562650 3.89333
562800 3.8957
562950 3.89785
563100 3.90015
563250 3.90237
563400 3.90465
563550 3.90703
563700 3.9093
563850 3.91162
564000 3.91432
564150 3.91663
564300 3.91897
564450 3.92132
564600 3.92365
564750 3.92614
564900 3.92853
565050 3.93081
565200 3.93326
565350 3.93567
565500 3.93803
565650 3.94028
565800 3.94268
565950 3.94501
566100 3.9474
566250 3.94977
566400 3.95212
566550 3.95464
566700 3.957
566850 3.95937
567000 3.9618
567150 3.96414
567300 3.96642
567450 3.96893
567600 3.97141
567750 3.9737
567900 3.9762
568050 3.97851
568200 3.9809
568350 3.98339
568500 3.98572
568650 3.98813
568800 3.99066
568950 3.99309
569100 3.99555
569250 3.99805
569400 4.00045
569550 4.00289
569700 4.00531
569850 4.00781
570000 4.01025
570150 4.01265
570300 4.01524
570450 4.01766
570600 4.02019
570750 4.02261
570900 4.025
571050 4.02736
571200 4.02962
571350 4.03221
571500 4.03456
571650 4.03704
571800 4.0394
571950 4.04191
572100 4.04449
572250 4.04691
572400 4.04925
572550 4.05169
572700 4.05429
572850 4.05678
573000 4.05916
573150 4.06155
573300 4.064
573450 4.06656
573600 4.06908
573750 4.07159
573900 4.07412
574050 4.07654
574200 4.0791
574350 4.08155
574500 4.0841
574650 4.08663
574800 4.08918
574950 4.09171
575100 4.09421
575250 4.09696
575400 4.09941
575550 4.10167
575700 4.10432
575850 4.10699
576000 4.10942
576150 4.11175
576300 4.11432
576450 4.1169
576600 4.11955
576750 4.12211
576900 4.12473
577050 4.12729
577200 4.12996
577350 4.13269
577500 4.13519
577650 4.13772
577800 4.14019
577950 4.14263
578100 4.14512
578250 4.14773
578400 4.15036
578550 4.15286
578700 4.15541
578850 4.15795
579000 4.16045
579150 4.16317
579300 4.16569
579450 4.16833
579600 4.17095
579750 4.17376
579900 4.17635
580050 4.17907
580200 4.18189
580350 4.1844
580500 4.18711
580650 4.18962
580800 4.19233
580950 4.195
581100 4.1978
581250 4.20048
581400 4.20314
581550 4.20576
581700 4.20839
581850 4.21131
582000 4.21416
582150 4.21678
582300 4.21948
582450 4.22217
582600 4.22496
582750 4.22749
582900 4.23019
583050 4.23279
583200 4.23533
583350 4.23792
583500 4.24081
583650 4.2437
583800 4.2464
583950 4.24898
584100 4.25167
584250 4.25436
584400 4.25697
584550 4.25968
584700 4.26237
584850 4.26516
585000 4.26787
585150 4.2707
585300 4.27351
585450 4.27621
585600 4.27894
585750 4.28176
585900 4.28448
586050 4.28729
586200 4.29
586350 4.29285
586500 4.29553
586650 4.29818
586800 4.30097
586950 4.30381
587100 4.30656
587250 4.30936
587400 4.31203
587550 4.31458
587700 4.31744
587850 4.3202
588000 4.32297
588150 4.32618
588300 4.32908
588450 4.33183
588600 4.33465
588750 4.33772
588900 4.34049
589050 4.34329
589200 4.34623
589350 4.34921
589500 4.35191
589650 4.35485
589800 4.35755
589950 4.36036
590100 4.36318
590250 4.36587
590400 4.36887
590550 4.37183
590700 4.37463
590850 4.37745
591000 4.38034
591150 4.38306
591300 4.38588
591450 4.38871
591600 4.39166
591750 4.39471
591900 4.39759
592050 4.40033
592200 4.40321
592350 4.40597
592500 4.40872
592650 4.41154
592800 4.41451
592950 4.41738
593100 4.42029
593250 4.42331
593400 4.42613
593550 4.42896
593700 4.43174
593850 4.4347
594000 4.43761
594150 4.44059
594300 4.44357
594450 4.44656
594600 4.44931
594750 4.45236
594900 4.4554
595050 4.45835
595200 4.46143
595350 4.46441
595500 4.46736
595650 4.4701
595800 4.47301
595950 4.4761
596100 4.47889
596250 4.48184
596400 4.4848
596550 4.48771
596700 4.49048
596850 4.49364
597000 4.49645
597150 4.4998
597300 4.5028
597450 4.5057
597600 4.50882
597750 4.51185
597900 4.51471
598050 4.5178
598200 4.52064
598350 4.52384
598500 4.52673
598650 4.52984
598800 4.53291
598950 4.536
599100 4.53916
599250 4.54199
599400 4.54511
599550 4.54817
599700 4.55136
599850 4.55462
600000 4.55775
600150 4.56082
600300 4.56382
600450 4.5669
600600 4.57002
600750 4.57321
600900 4.57634
601050 4.57957
601200 4.58245
601350 4.58543
601500 4.58855
601650 4.59173
601800 4.5947
601950 4.59786
602100 4.60087
602250 4.60389
602400 4.60711
602550 4.6103
602700 4.61333
602850 4.61655
603000 4.61962
603150 4.62271
603300 4.62589
603450 4.62905
603600 4.63242
603750 4.63565
603900 4.63879
604050 4.64178
604200 4.64491
604350 4.64801
604500 4.65108
604650 4.65429
604800 4.65728
604950 4.66019
605100 4.66319
605250 4.66628
605400 4.66961
605550 4.67282
605700 4.67599
605850 4.67924
606000 4.68251
606150 4.68585
606300 4.68907
606450 4.69229
606600 4.69567
606750 4.69907
606900 4.70222
607050 4.70544
607200 4.70864
607350 4.71186
607500 4.71496
607650 4.71831
607800 4.72166
607950 4.72495
608100 4.72814
608250 4.73158
608400 4.73496
608550 4.73844
608700 4.74149
608850 4.74488
609000 4.7482
609150 4.7515
609300 4.75489
609450 4.75808
609600 4.76121
609750 4.7645
609900 4.76772
610050 4.77105
610200 4.77431
610350 4.7777
610500 4.78083
610650 4.78426
610800 4.78792
610950 4.79138
611100 4.79518
611250 4.79855
611400 4.80184
611550 4.80532
611700 4.80875
611850 4.81221
612000 4.8153
612150 4.81844
612300 4.82195
612450 4.82525
612600 4.82883
612750 4.83208
612900 4.83558
613050 4.83933
613200 4.84288
613350 4.84624
613500 4.84955
613650 4.85286
613800 4.85607
613950 4.85956
614100 4.8629
614250 4.86634
614400 4.86984
614550 4.8735
614700 4.87695
614850 4.88031
615000 4.88402
615150 4.88756
615300 4.89087
615450 4.89427
615600 4.89765
615750 4.90128
615900 4.90478
616050 4.9081
616200 4.91169
616350 4.9154
616500 4.91911
616650 4.92253
616800 4.92605
616950 4.92965
617100 4.93341
617250 4.93695
617400 4.94046
617550 4.94395
617700 4.94766
617850 4.95123
618000 4.95473
618150 4.95845
618300 4.96201
618450 4.96584
618600 4.9694
618750 4.97301
618900 4.97661
619050 4.98025
619200 4.98401
619350 4.98749
619500 4.99143
619650 4.99498
619800 4.99866
619950 5.0022
620100 5.00578
620250 5.00974
620400 5.01357
620550 5.017
620700 5.0206
620850 5.02407
621000 5.02777
621150 5.03136
621300 5.03521
621450 5.03912
621600 5.04281
621750 5.04631
621900 5.0499
622050 5.05355
622200 5.05729
622350 5.06097
622500 5.06458
622650 5.06818
622800 5.07192
622950 5.07567
623100 5.07917
623250 5.0831
623400 5.08695
623550 5.09079
623700 5.09448
623850 5.09807
624000 5.10178
624150 5.10512
624300 5.10873
624450 5.11272
624600 5.1166
624750 5.12017
624900 5.12389
625050 5.12757
625200 5.13133
625350 5.13515
625500 5.13904
625650 5.14292
625800 5.14674
625950 5.15068
626100 5.15461
626250 5.1585
626400 5.16249
626550 5.16583
626700 5.16965
626850 5.17334
627000 5.17717
627150 5.18119
627300 5.18533
627450 5.18941
627600 5.19362
627750 5.19762
627900 5.20137
628050 5.20528
628200 5.20901
628350 5.21291
628500 5.21701
628650 5.22092
628800 5.22489
628950 5.22875
629100 5.23279
629250 5.23642
629400 5.24016
629550 5.24389
629700 5.24767
629850 5.25174
630000 5.25581
630150 5.25987
630300 5.26371
630450 5.26764
630600 5.27169
630750 5.27577
630900 5.27964
631050 5.28342
631200 5.2874
631350 5.2914
631500 5.29513
631650 5.29906
631800 5.30282
631950 5.30691
632100 5.31132
632250 5.31546
632400 5.31949
632550 5.32347
632700 5.32784
632850 5.33198
633000 5.33598
633150 5.34023
633300 5.34433
633450 5.34846
633600 5.35258
633750 5.35646
633900 5.36051
634050 5.3648
634200 5.36889
634350 5.37291
634500 5.37697
634650 5.38109
634800 5.3853
634950 5.38937
635100 5.3938
635250 5.39825
635400 5.40259
635550 5.40662
635700 5.4112
635850 5.41528
636000 5.41961
636150 5.42362
636300 5.42762
636450 5.43178
636600 5.43609
636750 5.4403
636900 5.44446
637050 5.44836
637200 5.45251
637350 5.45674
637500 5.461
637650 5.46536
637800 5.46941
637950 5.4739
638100 5.47825
638250 5.48227
638400 5.48646
638550 5.49058
638700 5.49483
638850 5.49939
639000 5.50379
639150 5.50805
639300 5.51244
639450 5.51694
639600 5.52148
639750 5.52581
639900 5.53004
640050 5.53451
640200 5.53883
640350 5.54299
640500 5.54754
640650 5.55193
640800 5.5563
640950 5.56073
641100 5.56497
641250 5.56939
641400 5.57366
641550 5.57829
641700 5.58245
641850 5.58697
642000 5.59163
642150 5.59599
642300 5.60059
642450 5.60481
642600 5.60935
642750 5.61379
642900 5.61839
643050 5.62288
643200 5.62749
643350 5.63216
643500 5.63689
643650 5.64149
643800 5.64582
643950 5.65059
644100 5.65511
644250 5.65965
644400 5.66435
644550 5.66864
644700 5.67308
644850 5.67753
645000 5.68188
645150 5.68657
645300 5.69125
645450 5.69585
645600 5.70039
645750 5.70488
645900 5.70978
646050 5.71428
646200 5.71879
646350 5.72338
646500 5.7281
646650 5.73293
646800 5.73778
646950 5.74253
647100 5.74688
647250 5.75183
647400 5.75673
647550 5.76164
647700 5.76613
647850 5.77098
648000 5.7759
648150 5.78067
648300 5.78585
648450 5.79042
648600 5.79524
648750 5.79973
648900 5.80457
649050 5.80913
649200 5.81386
649350 5.81866
649500 5.82345
649650 5.82869
649800 5.83356
649950 5.83827
650100 5.84293
650250 5.8479
650400 5.85266
650550 5.85756
650700 5.86248
650850 5.86708
651000 5.87172
651150 5.87706
651300 5.88172
651450 5.88646
651600 5.8916
651750 5.89625
651900 5.90099
652050 5.90607
652200 5.91113
652350 5.91615
652500 5.92087
652650 5.92636
652800 5.93104
652950 5.93575
653100 5.94075
653250 5.94583
653400 5.95053
653550 5.95524
653700 5.96003
653850 5.96496
654000 5.96993
654150 5.97534
654300 5.98016
654450 5.98521
654600 5.99043
654750 5.9953
654900 6.0002
655050 6.00551
655200 6.01064
655350 6.0157
655500 6.0209
655650 6.02585
655800 6.03124
655950 6.03673
656100 6.04165
656250 6.04678
656400 6.05238
656550 6.0578
656700 6.06317
656850 6.0688
657000 6.07422
657150 6.07936
657300 6.08459
657450 6.08999
657600 6.09493
657750 6.09988
657900 6.10478
658050 6.10998
658200 6.11529
658350 6.1206
658500 6.12584
658650 6.1313
658800 6.13676
658950 6.14185
659100 6.14691
659250 6.15243
659400 6.15792
659550 6.16303
659700 6.16866
659850 6.1741
660000 6.17967
660150 6.18474
660300 6.19021
660450 6.19577
660600 6.2013
660750 6.20659
660900 6.21199
661050 6.21698
661200 6.22238
661350 6.22776
661500 6.23327
661650 6.2382
661800 6.24394
661950 6.24912
662100 6.25405
662250 6.25968
662400 6.265
662550 6.27065
662700 6.276
662850 6.28145
663000 6.2867
663150 6.29185
663300 6.29729
663450 6.30295
663600 6.30815
663750 6.31361
663900 6.31949
664050 6.32507
664200 6.33065
664350 6.33591
664500 6.34135
664650 6.34722
664800 6.35286
664950 6.35845
665100 6.36458
665250 6.37035
665400 6.37601
665550 6.38182
665700 6.38731
665850 6.39323
666000 6.39887
666150 6.40484
666300 6.41071
666450 6.41624
666600 6.42218
666750 6.42782
666900 6.4334
667050 6.43944
667200 6.44544
667350 6.45137
667500 6.45758
667650 6.46386
667800 6.46992
667950 6.47618
668100 6.48245
668250 6.48905
668400 6.49471
668550 6.50036
668700 6.50592
668850 6.51172
669000 6.51807
669150 6.52441
669300 6.53011
669450 6.53572
669600 6.54166
669750 6.54762
669900 6.55394
670050 6.55965
670200 6.56545
670350 6.57114
670500 6.57724
670650 6.58336
670800 6.58941
670950 6.59517
671100 6.60099
671250 6.60678
671400 6.6128
671550 6.61924
671700 6.62562
671850 6.63177
672000 6.6378
672150 6.64401
672300 6.65029
672450 6.65607
672600 6.66202
672750 6.66804
672900 6.67411
673050 6.68063
673200 6.68684
673350 6.6935
673500 6.69971
673650 6.70563
673800 6.71171
673950 6.71754
674100 6.72339
674250 6.72988
674400 6.73626
674550 6.74224
674700 6.74846
674850 6.75511
675000 6.76185
675150 6.7684
675300 6.77479
675450 6.78165
675600 6.78841
675750 6.79471
675900 6.80086
676050 6.80677
676200 6.81297
676350 6.8195
676500 6.82676
676650 6.83274
676800 6.83958
676950 6.84531
677100 6.85182
677250 6.85815
677400 6.8647
677550 6.87132
677700 6.87837
677850 6.8848
678000 6.8913
678150 6.89754
678300 6.90362
678450 6.90972
678600 6.91603
678750 6.92274
678900 6.92947
679050 6.9363
679200 6.94309
679350 6.94991
679500 6.95653
679650 6.96282
679800 6.96943
679950 6.97609
680100 6.98279
680250 6.98973
680400 6.99663
680550 7.0032
680700 7.01007
680850 7.01722
681000 7.02434
681150 7.03056
681300 7.03718
681450 7.04402
681600 7.05109
681750 7.05801
681900 7.06472
682050 7.07116
682200 7.07796
682350 7.08535
682500 7.09219
682650 7.09889
682800 7.1061
682950 7.1126
683100 7.11946
683250 7.12674
683400 7.1337
683550 7.14052
683700 7.14749
683850 7.15464
684000 7.16187
684150 7.16841
684300 7.17526
684450 7.18223
684600 7.18956
684750 7.19614
684900 7.20331
685050 7.21068
685200 7.21772
685350 7.22584
685500 7.23282
685650 7.24014
685800 7.24728
685950 7.25479
686100 7.26163
686250 7.26882
686400 7.2764
686550 7.28353
686700 7.29127
686850 7.2986
687000 7.3062
687150 7.31408
687300 7.32065
687450 7.32794
687600 7.33535
687750 7.3431
687900 7.35032
688050 7.35787
688200 7.36478
688350 7.3722
688500 7.37941
688650 7.38621
688800 7.39412
688950 7.40188
689100 7.4092
689250 7.41664
689400 7.42399
689550 7.43161
689700 7.43919
689850 7.44689
690000 7.4545
690150 7.46238
690300 7.47056
690450 7.47774
690600 7.48514
690750 7.49319
690900 7.50121
691050 7.50892
691200 7.5166
691350 7.52452
691500 7.53231
691650 7.54053
691800 7.54866
691950 7.55662
692100 7.56433
692250 7.57255
692400 7.58137
692550 7.58919
692700 7.59704
692850 7.60431
693000 7.61246
693150 7.61981
693300 7.62788
693450 7.63608
693600 7.64387
693750 7.6517
693900 7.66
694050 7.66715
694200 7.67525
694350 7.68401
694500 7.69237
694650 7.70051
694800 7.7083
694950 7.71607
695100 7.72397
695250 7.73279
695400 7.74068
695550 7.74895
695700 7.75816
695850 7.76677
696000 7.77472
696150 7.78267
696300 7.79089
696450 7.79927
696600 7.80748
696750 7.81629
696900 7.82483
697050 7.83284
697200 7.84039
697350 7.84854
697500 7.85653
697650 7.86555
697800 7.87414
697950 7.88295
698100 7.89197
698250 7.90102
698400 7.90917
698550 7.91806
698700 7.92673
698850 7.93571
699000 7.94379
699150 7.95287
699300 7.96225
699450 7.97033
699600 7.97948
699750 7.98749
699900 7.99588
700050 8.00391
700200 8.01225
700350 8.02132
700500 8.03057
700650 8.03929
700800 8.04773
700950 8.05605
701100 8.06474
701250 8.07414
701400 8.08288
701550 8.09144
701700 8.10024
701850 8.10906
702000 8.11732
702150 8.1258
702300 8.13465
702450 8.14308
702600 8.15217
702750 8.1605
702900 8.16982
703050 8.17925
703200 8.18806
703350 8.1972
703500 8.20629
703650 8.21491
703800 8.22451
703950 8.23368
704100 8.24268
704250 8.25207
704400 8.26098
704550 8.27006
704700 8.27894
704850 8.28773
705000 8.29673
705150 8.30567
705300 8.31422
705450 8.32377
705600 8.3337
705750 8.34281
705900 8.35216
706050 8.36147
706200 8.37163
706350 8.3806
706500 8.38966
706650 8.39947
706800 8.40871
706950 8.41812
707100 8.4278
707250 8.43693
707400 8.44711
707550 8.45688
707700 8.46646
707850 8.47691
708000 8.48721
708150 8.49675
708300 8.50581
708450 8.51487
708600 8.52491
708750 8.53481
708900 8.54382
709050 8.55371
709200 8.56291
709350 8.57306
709500 8.58267
709650 8.59266
709800 8.60213
709950 8.6117
710100 8.62193
710250 8.63105
710400 8.64069
710550 8.65021
710700 8.65991
710850 8.66934
711000 8.67905
711150 8.68878
711300 8.69875
711450 8.70934
711600 8.71988
711750 8.72962
711900 8.73954
712050 8.74931
712200 8.75998
712350 8.77037
712500 8.78032
712650 8.79085
712800 8.80219
712950 8.81292
713100 8.82283
713250 8.83334
713400 8.84387
713550 8.85433
713700 8.86444
713850 8.87481
714000 8.88462
714150 8.89517
714300 8.90537
714450 8.917
714600 8.92768
714750 8.93772
714900 8.94885
715050 8.95943
715200 8.97062
715350 8.98223
715500 8.99312
715650 9.00378
715800 9.0151
715950 9.02511
716100 9.03548
716250 9.04703
716400 9.05813
716550 9.06902
716700 9.07962
716850 9.09069
717000 9.101
717150 9.11277
717300 9.12341
717450 9.13457
717600 9.14518
717750 9.15611
717900 9.16616
718050 9.17736
718200 9.18829
718350 9.19984
718500 9.21027
718650 9.22212
718800 9.23385
718950 9.24427
719100 9.25677
719250 9.26719
719400 9.27764
719550 9.28785
719700 9.29957
719850 9.31037
720000 9.3211
720150 9.33223
720300 9.34424
720450 9.35677
720600 9.36864
720750 9.38059
720900 9.39264
721050 9.40314
721200 9.41419
721350 9.42654
721500 9.43803
721650 9.45031
721800 9.46247
721950 9.4744
722100 9.48588
722250 9.49751
722400 9.50868
722550 9.52007
722700 9.53285
722850 9.54538
723000 9.55604
723150 9.56844
723300 9.57966
723450 9.59299
723600 9.60507
723750 9.61694
723900 9.6283
724050 9.64144
724200 9.65367
724350 9.6662
724500 9.67835
724650 9.69147
724800 9.70361
724950 9.71569
725100 9.72885
725250 9.74053
725400 9.75281
725550 9.76474
725700 9.77651
725850 9.78933
726000 9.80135
726150 9.81333
726300 9.8257
726450 9.83795
726600 9.85006
726750 9.86235
726900 9.87515
727050 9.88787
727200 9.90017
727350 9.91224
727500 9.92499
727650 9.93771
727800 9.95071
727950 9.9637
728100 9.97724
728250 9.98999
728400 10.0024
728550 10.0151
728700 10.0288
728850 10.0422
729000 10.0549
729150 10.0686
729300 10.082
729450 10.0949
729600 10.1076
729750 10.1211
729900 10.1348
730050 10.1475
730200 10.161
730350 10.1754
730500 10.1893
730650 10.2026
730800 10.2161
730950 10.2291
731100 10.2422
731250 10.2551
731400 10.2671
731550 10.2819
731700 10.2957
731850 10.3104
732000 10.324
732150 10.338
732300 10.352
732450 10.3659
732600 10.3798
732750 10.3928
732900 10.4063
733050 10.4206
733200 10.4353
733350 10.4492
733500 10.4631
733650 10.4774
733800 10.4924
733950 10.5064
734100 10.521
734250 10.5366
734400 10.5519
734550 10.5652
734700 10.5791
734850 10.5937
735000 10.6085
735150 10.6221
735300 10.6362
735450 10.6513
735600 10.666
735750 10.6805
735900 10.6947
736050 10.7095
736200 10.7239
736350 10.7385
736500 10.7531
736650 10.7672
736800 10.7835
736950 10.7983
737100 10.8129
737250 10.8279
737400 10.8428
737550 10.8581
737700 10.8732
737850 10.8874
738000 10.9023
738150 10.9189
738300 10.9338
738450 10.9475
738600 10.9636
738750 10.9796
738900 10.9946
739050 11.0092
739200 11.0241
739350 11.0401
739500 11.0549
739650 11.0723
739800 11.0889
739950 11.1058
740100 11.1213
740250 11.1383
740400 11.1545
740550 11.1716
740700 11.1887
740850 11.2046
741000 11.2215
741150 11.2386
741300 11.2543
741450 11.2698
741600 11.2855
741750 11.301
741900 11.317
742050 11.3337
742200 11.3504
742350 11.3661
742500 11.3822
742650 11.3984
742800 11.4147
742950 11.4313
743100 11.4487
743250 11.465
743400 11.4821
743550 11.4998
743700 11.5165
743850 11.5329
744000 11.5504
744150 11.5674
744300 11.5844
744450 11.6015
744600 11.6184
744750 11.6352
744900 11.6528
745050 11.67
745200 11.6893
745350 11.7059
745500 11.7234
745650 11.7408
745800 11.7586
745950 11.7755
746100 11.7916
746250 11.8095
746400 11.8269
746550 11.8448
746700 11.8609
746850 11.8781
747000 11.8943
747150 11.9117
747300 11.9279
747450 11.9455
747600 11.9654
747750 11.9838
747900 12.0006
748050 12.0179
748200 12.0368
748350 12.0542
748500 12.0723
748650 12.0913
748800 12.1087
748950 12.127
749100 12.1475
749250 12.1662
749400 12.1837
749550 12.2022
749700 12.2217
749850 12.2417
750000 12.2606
750150 12.2796
750300 12.298
750450 12.3167
750600 12.3364
750750 12.3565
750900 12.3762
751050 12.3941
751200 12.4149
751350 12.4376
751500 12.4558
751650 12.4753
751800 12.4961
751950 12.5153
752100 12.5344
752250 12.5529
752400 12.5722
752550 12.5935
752700 12.6142
752850 12.6328
753000 12.6536
753150 12.6746
753300 12.6944
753450 12.7148
753600 12.7341
753750 12.7544
753900 12.7747
754050 12.7952
754200 12.8174
754350 12.8395
754500 12.8611
754650 12.882
754800 12.9033
754950 12.9243
755100 12.9451
755250 12.9673
755400 12.9885
755550 13.0103
755700 13.0318
755850 13.0544
756000 13.0759
756150 13.0978
756300 13.1179
756450 13.1422
756600 13.1662
756750 13.1875
756900 13.2105
757050 13.2327
757200 13.2541
757350 13.277
757500 13.2993
757650 13.3221
757800 13.3445
757950 13.3662
758100 13.3865
758250 13.4058
758400 13.429
758550 13.452
758700 13.4742
758850 13.4964
759000 13.5177
759150 13.5383
759300 13.5597
759450 13.5802
759600 13.6028
759750 13.626
759900 13.6498
760050 13.6732
760200 13.6969
760350 13.7174
760500 13.7417
760650 13.7664
760800 13.7921
760950 13.8161
761100 13.8388
761250 13.8637
761400 13.8886
761550 13.9115
761700 13.9356
761850 13.9606
762000 13.9836
762150 14.0086
762300 14.0334
762450 14.0552
762600 14.0799
762750 14.1035
762900 14.1274
763050 14.1508
763200 14.1742
763350 14.202
763500 14.2262
763650 14.2534
763800 14.2795
763950 14.3049
764100 14.3311
764250 14.3584
764400 14.383
764550 14.4096
764700 14.4366
764850 14.4642
765000 14.4904
765150 14.5161
765300 14.5446
765450 14.5702
765600 14.5944
765750 14.6208
765900 14.6494
766050 14.6748
766200 14.7035
766350 14.7319
766500 14.758
766650 14.7846
766800 14.8099
766950 14.8356
767100 14.8624
767250 14.8908
767400 14.9204
767550 14.9482
767700 14.9779
767850 15.0059
768000 15.0332
768150 15.0601
768300 15.0896
768450 15.1176
768600 15.1426
768750 15.1737
768900 15.2005
769050 15.229
769200 15.2548
769350 15.2837
769500 15.3123
769650 15.3425
769800 15.3733
769950 15.4034
770100 15.4307
770250 15.459
770400 15.4907
770550 15.5216
770700 15.55
770850 15.5785
771000 15.6083
771150 15.6392
771300 15.6703
771450 15.6983
771600 15.7297
771750 15.7603
771900 15.7923
772050 15.8239
772200 15.8558
772350 15.8855
772500 15.9151
772650 15.9447
772800 15.974
772950 16.0072
773100 16.0377
773250 16.0691
773400 16.1026
773550 16.1381
773700 16.1669
773850 16.1967
774000 16.2291
774150 16.2614
774300 16.2925
774450 16.3262
774600 16.361
774750 16.3902
774900 16.4279
775050 16.4599
775200 16.4927
775350 16.5246
775500 16.5604
775650 16.5943
775800 16.6273
775950 16.6617
776100 16.6986
776250 16.7344
776400 16.7688
776550 16.8015
776700 16.8371
776850 16.8701
777000 16.9033
777150 16.9378
777300 16.9742
777450 17.0093
777600 17.0459
777750 17.078
777900 17.1121
778050 17.1501
778200 17.187
778350 17.2202
778500 17.253
778650 17.2913
778800 17.3292
778950 17.3636
779100 17.4034
779250 17.4413
779400 17.4788
779550 17.5152
779700 17.5551
779850 17.5909
780000 17.6262
780150 17.6642
780300 17.7022
780450 17.7411
780600 17.7771
780750 17.8159
780900 17.8515
781050 17.8895
781200 17.93
781350 17.9706
781500 18.0076
781650 18.0471
781800 18.0882
781950 18.1296
782100 18.1656
782250 18.2029
782400 18.242
782550 18.2821
782700 18.3236
782850 18.3651
783000 18.4057
783150 18.4468
783300 18.4836
783450 18.5234
783600 18.5659
783750 18.6049
783900 18.6433
784050 18.6856
784200 18.7272
784350 18.7705
784500 18.8176
784650 18.8603
784800 18.9053
784950 18.9484
785100 18.9906
785250 19.0351
785400 19.0759
785550 19.1176
785700 19.1628
785850 19.2056
786000 19.2461
786150 19.2958
786300 19.3405
786450 19.3815
786600 19.4252
786750 19.4683
786900 19.5115
787050 19.5567
787200 19.6003
787350 19.6439
787500 19.687
787650 19.7322
787800 19.784
787950 19.8314
788100 19.8769
788250 19.9197
788400 19.9686
788550 20.0155
788700 20.0582
788850 20.1072
789000 20.1518
789150 20.2018
789300 20.2526
789450 20.3002
789600 20.3457
789750 20.3945
789900 20.4411
790050 20.486
790200 20.5365
790350 20.5851
790500 20.6341
790650 20.6823
790800 20.7363
790950 20.7901
791100 20.8408
791250 20.8876
791400 20.9431
791550 20.9957
791700 21.0528
791850 21.1076
792000 21.1603
792150 21.2173
792300 21.2713
792450 21.3258
792600 21.3768
792750 21.4303
792900 21.4866
793050 21.5432
793200 21.6005
793350 21.6577
793500 21.7064
793650 21.7659
793800 21.8167
793950 21.8692
794100 21.9287
794250 21.9803
794400 22.0355
794550 22.0918
794700 22.1487
794850 22.2076
795000 22.2688
795150 22.3229
795300 22.3853
795450 22.4481
795600 22.5031
795750 22.5654
795900 22.6264
796050 22.6914
796200 22.7587
796350 22.8279
796500 22.894
796650 22.9542
796800 23.0215
796950 23.0828
797100 23.1494
797250 23.2043
797400 23.2651
797550 23.3286
797700 23.3888
797850 23.4485
798000 23.5135
798150 23.5815
798300 23.6438
798450 23.7098
798600 23.776
798750 23.837
798900 23.9067
799050 23.9702
799200 24.0378
799350 24.1076
799500 24.168
799650 24.2316
799800 24.3028
799950 24.3682
800100 24.4297
800250 24.4963
800400 24.5589
800550 24.6269
800700 24.6922
800850 24.7633
801000 24.8365
801150 24.9125
801300 24.9867
801450 25.0567
801600 25.1338
801750 25.2064
801900 25.2742
802050 25.3382
802200 25.411
802350 25.4871
802500 25.5586
802650 25.6356
802800 25.7155
802950 25.7927
803100 25.8655
803250 25.9483
803400 26.0245
803550 26.1059
803700 26.1851
803850 26.2567
804000 26.33
804150 26.4103
804300 26.491
804450 26.5738
804600 26.6538
804750 26.7431
804900 26.8289
805050 26.9127
805200 26.9853
805350 27.0662
805500 27.1542
805650 27.2292
805800 27.3127
805950 27.3973
806100 27.4767
806250 27.5642
806400 27.6428
806550 27.7424
806700 27.8284
806850 27.9142
807000 28.0063
807150 28.0947
807300 28.18
807450 28.2709
807600 28.3661
807750 28.4622
807900 28.5562
808050 28.6487
808200 28.7403
808350 28.8204
808500 28.9177
808650 29.0131
808800 29.1147
808950 29.2089
809100 29.3053
809250 29.4009
809400 29.5044
809550 29.6011
809700 29.7047
809850 29.807
810000 29.8995
810150 30.0015
810300 30.0953
810450 30.1997
810600 30.3057
810750 30.4048
810900 30.5083
811050 30.6066
811200 30.7123
811350 30.8093
811500 30.9193
811650 31.0276
811800 31.1351
811950 31.2457
812100 31.36
812250 31.4639
812400 31.57
812550 31.6817
812700 31.7986
812850 31.899
813000 32.0192
813150 32.1461
813300 32.2569
813450 32.3783
813600 32.4999
813750 32.6274
813900 32.7535
814050 32.8734
814200 32.984
814350 33.0933
814500 33.207
814650 33.3237
814800 33.4448
814950 33.5653
815100 33.6874
815250 33.8125
815400 33.945
815550 34.0661
815700 34.2001
815850 34.3198
816000 34.4591
816150 34.5696
816300 34.7063
816450 34.8457
816600 34.964
816750 35.0943
816900 35.2268
817050 35.3764
817200 35.5231
817350 35.6788
817500 35.8168
817650 35.963
817800 36.11
817950 36.2578
818100 36.3964
818250 36.5431
818400 36.693
818550 36.8428
818700 37.0009
818850 37.1579
819000 37.313
819150 37.4624
819300 37.6105
819450 37.7764
819600 37.931
819750 38.0804
819900 38.2259
820050 38.3896
820200 38.5325
820350 38.6844
820500 38.8359
820650 38.9914
820800 39.17
820950 39.3292
821100 39.507
821250 39.6906
821400 39.8708
821550 40.0499
821700 40.2167
821850 40.3791
822000 40.5441
822150 40.7156
822300 40.8911
822450 41.0707
822600 41.2437
822750 41.4363
822900 41.615
823050 41.8016
823200 41.9956
823350 42.2149
823500 42.3913
823650 42.5901
823800 42.791
823950 43.0015
824100 43.2071
824250 43.4058
824400 43.5909
824550 43.7901
824700 44.0027
824850 44.21
825000 44.4034
825150 44.5977
825300 44.8355
825450 45.0362
825600 45.2572
825750 45.4849
825900 45.7042
826050 45.9132
826200 46.14
826350 46.3541
826500 46.5553
826650 46.8014
826800 47.0306
826950 47.2768
827100 47.5128
827250 47.7601
827400 47.9972
827550 48.2661
827700 48.5072
827850 48.75
828000 48.984
828150 49.2454
828300 49.5356
828450 49.8053
828600 50.0759
828750 50.362
828900 50.6295
829050 50.9219
829200 51.2163
829350 51.5108
829500 51.7633
829650 52.0441
829800 52.3046
829950 52.5904
830100 52.9147
830250 53.2359
830400 53.5248
830550 53.8797
830700 54.1792
830850 54.484
831000 54.7758
831150 55.0848
831300 55.4021
831450 55.7392
831600 56.0611
831750 56.4173
831900 56.7557
832050 57.137
832200 57.471
832350 57.8457
832500 58.1975
832650 58.5454
832800 58.9308
832950 59.2702
833100 59.6229
833250 59.9548
833400 60.3175
833550 60.686
833700 61.0759
833850 61.4712
834000 61.8716
834150 62.2637
834300 62.6705
834450 63.0891
834600 63.5234
834750 63.9461
834900 64.3568
835050 64.7905
835200 65.2759
835350 65.7291
835500 66.219
835650 66.6391
835800 67.1091
835950 67.5966
836100 68.0742
836250 68.4945
836400 68.9587
836550 69.498
836700 70.0181
836850 70.4626
837000 71.0029
837150 71.5111
837300 72.0982
837450 72.6611
837600 73.2583
837750 73.7999
837900 74.3665
838050 74.8564
838200 75.4238
838350 76.0036
838500 76.6182
838650 77.2626
838800 77.8609
838950 78.4227
839100 79.1131
839250 79.7571
839400 80.4161
839550 81.1295
839700 81.758
839850 82.3597
840000 83.0449
840150 83.821
840300 84.5965
840450 85.3718
840600 86.1809
840750 86.8575
840900 87.6838
841050 88.4505
841200 89.2213
841350 89.9651
841500 90.7876
841650 91.5986
841800 92.4374
841950 93.3363
842100 94.2919
842250 95.1077
842400 96.0704
842550 97.0239
842700 97.9156
842850 98.8439
843000 99.8347
843150 100.818
843300 101.866
843450 103.079
843600 104.043
843750 105.165
843900 106.44
844050 107.646
844200 108.837
844350 109.96
844500 110.997
844650 112.084
844800 113.179
844950 114.521
845100 115.746
845250 117.059
845400 118.581
845550 119.986
845700 121.547
845850 122.96
846000 124.496
846150 126.102
846300 127.712
846450 129.153
846600 130.78
846750 132.489
846900 133.997
847050 135.656
847200 137.555
847350 139.599
847500 141.223
847650 143.093
847800 145.172
847950 147.296
848100 149.348
848250 151.284
848400 153.272
848550 155.047
848700 157.897
848850 160.341
849000 162.791
849150 165.021
849300 167.473
849450 169.946
849600 172.816
849750 175.483
849900 178.362
850050 181.509
850200 184.588
850350 187.599
850500 190.579
850650 194.141
850800 197.519
850950 200.465
851100 204.788
851250 208.932
851400 213.315
851550 217.712
851700 222.115
851850 227.018
852000 231.702
852150 236.689
852300 241.485
852450 246.945
852600 252.529
852750 258.009
852900 264.476
853050 271.925
853200 279.176
853350 286.871
853500 293.727
853650 302.329
853800 309.918
853950 318.708
854100 326.546
854250 335.519
854400 344.076
854550 352.315
854700 362.456
854850 373.615
855000 384.874
855150 396.609
855300 410.205
855450 426.978
855600 442.424
855750 458.722
855900 478.442
856050 501.727
856200 526.293
856350 550.6
856500 577.034
856650 602.167
856800 630.485
856950 671.611
857100 707.376
857250 746.87
857400 793.603
857550 842.788
857700 907.431
857850 987.7
858000 1059.2
858150 1143.21
858300 1263.58
858450 1366.76
858600 1566.02
858750 1772.26
858900 2067.87
859050 2595.98
859200 3359.45
859350 4597.69
859500 3840.59
859650 4432.41
859800 5415.61
859950 1559.35
860100 1834.27
860250 2954.45
860400 1752.93
860550 899.882
860700 1186.65
860850 1578.89
861000 1483.25
861150 243.873
861300 288.804
861450 199.139
861600 172.88
861750 79.5081
861900 74.2952
862050 69.5794
862200 60.98
862350 59.5479
862500 52.2563
862650 47.7037
862800 46.6028
862950 43.1758
863100 40.842
863250 39.5599
863400 37.918
863550 37.2491
863700 36.9527
863850 35.5231
864000 33.5736
864150 32.4414
864300 31.9852
864450 29.1621
864600 28.6627
864750 26.7686
864900 25.4986
865050 25.272
865200 24.686
865350 24.0893
865500 23.5191
865650 23.1153
865800 22.637
865950 22.4832
866100 21.732
866250 21.5493
866400 20.8682
866550 20.6384
866700 20.5559
866850 20.4019
867000 20.2404
867150 19.6738
867300 19.4836
867450 19.0379
867600 18.3571
867750 18.2373
867900 17.9176
868050 17.9145
868200 16.8722
868350 16.4353
868500 16.2711
868650 15.9287
868800 15.6472
868950 15.3374
869100 15.1425
869250 14.8236
869400 14.5774
869550 14.3588
869700 14.298
869850 14.1606
870000 13.5957
870150 13.3938
870300 13.2535
870450 13.0424
870600 12.879
870750 12.8396
870900 12.4952
871050 12.418
871200 12.3633
871350 12.2333
871500 12.1855
871650 12.0328
871800 11.9593
871950 11.7937
872100 11.602
872250 11.3773
872400 11.2738
872550 11.1785
872700 10.8907
872850 10.7187
873000 10.5769
873150 10.5272
873300 10.4478
873450 10.2436
873600 10.2058
873750 10.094
873900 10.0581
874050 9.94964
874200 9.89844
874350 9.85865
874500 9.81563
874650 9.75465
874800 9.72127
874950 9.65628
875100 9.6147
875250 9.50581
875400 9.38737
875550 9.34968
875700 9.3262
875850 9.26101
876000 9.18005
876150 9.08274
876300 9.04046
876450 8.87281
876600 8.8141
876750 8.77701
876900 8.73077
877050 8.66591
877200 8.62821
877350 8.53562
877500 8.51209
877650 8.44412
877800 8.38725
877950 8.30055
878100 8.2385
878250 8.20193
878400 8.14634
878550 8.11394
878700 8.02063
878850 7.99164
879000 7.95866
879150 7.90272
879300 7.80706
879450 7.76779
879600 7.69831
879750 7.6794
879900 7.64855
880050 7.56818
880200 7.57062
880350 7.50806
880500 7.46857
880650 7.43495
880800 7.41312
880950 7.29276
881100 7.25587
881250 7.23142
881400 7.15104
881550 7.1117
881700 7.07765
881850 7.01132
882000 6.99271
882150 6.96096
882300 6.94167
882450 6.89042
882600 6.85295
882750 6.83172
882900 6.77938
883050 6.74209
883200 6.6903
883350 6.65451
883500 6.64926
883650 6.6221
883800 6.59911
883950 6.57924
884100 6.54199
884250 6.50187
884400 6.4693
884550 6.43294
884700 6.41884
884850 6.39564
885000 6.36027
885150 6.33257
885300 6.30038
885450 6.26775
885600 6.23187
885750 6.17788
885900 6.14419
886050 6.10333
886200 6.07517
886350 6.0541
886500 6.00472
886650 5.9718
886800 5.96067
886950 5.94759
887100 5.9333
887250 5.89933
887400 5.8749
887550 5.84786
887700 5.82574
887850 5.80667
888000 5.78948
888150 5.76133
888300 5.74624
888450 5.71509
888600 5.69821
888750 5.6687
888900 5.63821
889050 5.61194
889200 5.58431
889350 5.54107
889500 5.52816
889650 5.5269
889800 5.50363
889950 5.46569
890100 5.45343
890250 5.4345
890400 5.42586
890550 5.40944
890700 5.38202
890850 5.36945
891000 5.35192
891150 5.33156
891300 5.3119
891450 5.302
891600 5.27447
891750 5.25977
891900 5.23916
892050 5.21844
892200 5.20066
892350 5.19644
892500 5.17742
892650 5.1494
892800 5.13188
892950 5.11271
893100 5.10551
893250 5.08811
893400 5.06267
893550 5.0496
893700 5.04716
893850 5.00889
894000 4.99724
894150 4.97703
894300 4.9597
894450 4.94804
894600 4.91913
894750 4.89873
894900 4.86976
895050 4.85321
895200 4.83396
895350 4.82352
895500 4.80616
895650 4.78133
895800 4.77193
895950 4.76628
896100 4.7423
896250 4.73621
896400 4.71435
896550 4.70565
896700 4.68035
896850 4.63603
897000 4.61951
897150 4.6099
897300 4.59781
897450 4.58282
897600 4.56947
897750 4.5432
897900 4.53681
898050 4.51918
898200 4.50099
898350 4.4918
898500 4.46916
898650 4.45332
898800 4.45102
898950 4.43974
899100 4.42963
899250 4.41904
899400 4.40656
899550 4.38443
899700 4.372
899850 4.3643
900000 4.35067
900150 4.34369
900300 4.33969
900450 4.33404
900600 4.32095
900750 4.31009
900900 4.29583
901050 4.28415
901200 4.26763
901350 4.26127
901500 4.25106
901650 4.23292
901800 4.22663
901950 4.20168
902100 4.18958
902250 4.18113
902400 4.16847
902550 4.16697
902700 4.15687
902850 4.1396
903000 4.12269
903150 4.10946
903300 4.10245
903450 4.09372
903600 4.08602
903750 4.07236
903900 4.06039
904050 4.04805
904200 4.03595
904350 4.03183
904500 4.0214
904650 4.01565
904800 4.01126
904950 4.00101
905100 3.99113
905250 3.98372
905400 3.96989
905550 3.95519
905700 3.94494
905850 3.93185
906000 3.92694
906150 3.92018
906300 3.91201
906450 3.9049
906600 3.88607
906750 3.86949
906900 3.85446
907050 3.8421
907200 3.83243
907350 3.82273
907500 3.81521
907650 3.80953
907800 3.80343
907950 3.79904
908100 3.79644
908250 3.78788
908400 3.77642
908550 3.76742
908700 3.75924
908850 3.75159
909000 3.73972
909150 3.73116
909300 3.72627
909450 3.71757
909600 3.71226
909750 3.70432
909900 3.69878
910050 3.69002
910200 3.68195
910350 3.67784
910500 3.6692
910650 3.66286
910800 3.64962
910950 3.64052
911100 3.63464
911250 3.62744
911400 3.61231
911550 3.60395
911700 3.59751
911850 3.58724
912000 3.57773
912150 3.56869
912300 3.56308
912450 3.55666
912600 3.55092
912750 3.54518
912900 3.53904
913050 3.53229
913200 3.52759
913350 3.52011
913500 3.51167
913650 3.50575
913800 3.49351
913950 3.48239
914100 3.47533
914250 3.47158
914400 3.46762
914550 3.46299
914700 3.45213
914850 3.44071
915000 3.43452
915150 3.42861
915300 3.41834
915450 3.41312
915600 3.40902
915750 3.40469
915900 3.39211
916050 3.38542
916200 3.37778
916350 3.36993
916500 3.3602
916650 3.3538
916800 3.34507
916950 3.33904
917100 3.33249
917250 3.32041
917400 3.31313
917550 3.30679
917700 3.29727
917850 3.2919
918000 3.28764
918150 3.28327
918300 3.27893
918450 3.27098
918600 3.26039
918750 3.25697
918900 3.24944
919050 3.24151
919200 3.23575
919350 3.22692
919500 3.22258
919650 3.21829
919800 3.21066
919950 3.20597
920100 3.199
920250 3.19545
920400 3.1922
920550 3.18713
920700 3.18207
920850 3.18034
921000 3.1746
921150 3.17038
921300 3.17047
921450 3.16545
921600 3.16182
921750 3.15087
921900 3.14448
922050 3.13979
922200 3.13197
922350 3.12634
922500 3.11777
922650 3.11451
922800 3.11182
922950 3.10696
923100 3.10366
923250 3.09075
923400 3.08449
923550 3.08162
923700 3.07764
923850 3.073
924000 3.06951
924150 3.06496
924300 3.05859
924450 3.05499
924600 3.05076
924750 3.04629
924900 3.04282
925050 3.03638
925200 3.02565
925350 3.01999
925500 3.01487
925650 3.00931
925800 3.00165
925950 2.9963
926100 2.99077
926250 2.98735
926400 2.98295
926550 2.97322
926700 2.9686
926850 2.965
927000 2.95791
927150 2.95521
927300 2.9516
927450 2.94638
927600 2.94504
927750 2.9353
927900 2.92037
928050 2.91787
928200 2.91499
928350 2.9107
928500 2.90553
928650 2.90188
928800 2.89671
928950 2.88978
929100 2.88597
929250 2.87983
929400 2.87385
929550 2.87236
929700 2.87003
929850 2.86753
930000 2.86448
930150 2.86036
930300 2.85362
930450 2.85131
930600 2.84707
930750 2.83826
930900 2.83105
931050 2.82341
931200 2.81966
931350 2.8176
931500 2.81351
931650 2.80951
931800 2.80608
931950 2.80066
932100 2.79657
932250 2.7929
932400 2.7883
932550 2.78501
932700 2.7792
932850 2.77504
933000 2.77146
933150 2.76714
933300 2.76544
933450 2.76112
933600 2.75924
933750 2.75493
933900 2.75046
934050 2.74621
934200 2.74181
934350 2.73855
934500 2.73328
934650 2.72994
934800 2.72398
934950 2.72024
935100 2.71745
935250 2.71518
935400 2.71319
935550 2.71011
935700 2.70759
935850 2.70264
936000 2.69889
936150 2.69715
936300 2.6948
936450 2.68984
936600 2.68655
936750 2.68506
936900 2.68212
937050 2.67822
937200 2.67615
937350 2.67226
937500 2.66901
937650 2.66651
937800 2.66271
937950 2.65541
938100 2.65249
938250 2.64673
938400 2.64425
938550 2.64166
938700 2.63616
938850 2.63424
939000 2.63173
939150 2.62922
939300 2.62568
939450 2.62224
939600 2.61582
939750 2.61172
939900 2.6106
940050 2.60446
940200 2.60205
940350 2.60012
940500 2.59804
940650 2.59393
940800 2.59208
940950 2.58865
941100 2.58721
941250 2.584
941400 2.58089
941550 2.57853
941700 2.57489
941850 2.57096
942000 2.56894
942150 2.56776
942300 2.56526
942450 2.56397
942600 2.56072
942750 2.55762
942900 2.55487
943050 2.54909
943200 2.5466
943350 2.54371
943500 2.53728
943650 2.5335
943800 2.53162
943950 2.52912
944100 2.52772
944250 2.52435
944400 2.52162
944550 2.51835
944700 2.51388
944850 2.51087
945000 2.50768
945150 2.50451
945300 2.50148
945450 2.4997
945600 2.49576
945750 2.49376
945900 2.4912
946050 2.48994
946200 2.48835
946350 2.48437
946500 2.48191
946650 2.47728
946800 2.47639
946950 2.47284
947100 2.46786
947250 2.46486
947400 2.46235
947550 2.45907
947700 2.45642
947850 2.45347
948000 2.45077
948150 2.44762
948300 2.44495
948450 2.44373
948600 2.4424
948750 2.43791
948900 2.43525
949050 2.43334
949200 2.43073
949350 2.42963
949500 2.42779
949650 2.42577
949800 2.42413
949950 2.4219
950100 2.42166
950250 2.42093
950400 2.41776
950550 2.41713
950700 2.41439
950850 2.41139
951000 2.40798
951150 2.40697
951300 2.40597
951450 2.40381
951600 2.40291
951750 2.40057
951900 2.39946
952050 2.39707
952200 2.39602
952350 2.39261
952500 2.38941
952650 2.38583
952800 2.38332
952950 2.37938
953100 2.37789
953250 2.37452
953400 2.37183
953550 2.3692
953700 2.36717
953850 2.36467
954000 2.36168
954150 2.36043
954300 2.3581
954450 2.35612
954600 2.35348
954750 2.35184
954900 2.35063
955050 2.3479
955200 2.34417
955350 2.34163
955500 2.33895
955650 2.33796
955800 2.33625
955950 2.33296
956100 2.33136
956250 2.33006
956400 2.3281
956550 2.32439
956700 2.3225
956850 2.32094
957000 2.31801
957150 2.31571
957300 2.31221
957450 2.31116
957600 2.30956
957750 2.30666
957900 2.30433
958050 2.30209
958200 2.29975
958350 2.29706
958500 2.2954
958650 2.2934
958800 2.29099
958950 2.28971
959100 2.28614
959250 2.28448
959400 2.28346
959550 2.28193
959700 2.27973
959850 2.27682
960000 2.27517
960150 2.27423
960300 2.2693
960450 2.26671
960600 2.26483
960750 2.26229
960900 2.26145
961050 2.2593
961200 2.25825
961350 2.25727
961500 2.25408
961650 2.25252
961800 2.2516
961950 2.24981
962100 2.24807
962250 2.24573
962400 2.24428
962550 2.24152
962700 2.24077
962850 2.23986
963000 2.23818
963150 2.23639
963300 2.23371
963450 2.23189
963600 2.22939
963750 2.22656
963900 2.22361
964050 2.22218
964200 2.22039
964350 2.21893
964500 2.21628
964650 2.21481
964800 2.21378
964950 2.21216
965100 2.21101
965250 2.20844
965400 2.20694
965550 2.20472
965700 2.20245
965850 2.20139
966000 2.1987
966150 2.19708
966300 2.19528
966450 2.19252
966600 2.19164
966750 2.1906
966900 2.18826
967050 2.18703
967200 2.18471
967350 2.18272
967500 2.1819
967650 2.17971
967800 2.17784
967950 2.1755
968100 2.17341
968250 2.17108
968400 2.16957
968550 2.16917
968700 2.16631
968850 2.16377
969000 2.16255
969150 2.161
969300 2.15895
969450 2.15714
969600 2.15509
969750 2.15435
969900 2.15269
970050 2.15189
970200 2.14975
970350 2.14811
970500 2.14619
970650 2.14341
970800 2.14189
970950 2.14026
971100 2.13866
971250 2.13781
971400 2.13586
971550 2.13358
971700 2.13125
971850 2.12911
972000 2.12706
972150 2.12496
972300 2.12374
972450 2.12186
972600 2.11971
972750 2.1185
972900 2.1174
973050 2.11684
973200 2.11539
973350 2.11266
973500 2.1118
973650 2.11031
973800 2.10895
973950 2.10723
974100 2.10612
974250 2.10458
974400 2.10312
974550 2.10181
974700 2.09978
974850 2.09842
975000 2.09555
975150 2.09395
975300 2.09324
975450 2.09258
975600 2.09191
975750 2.09028
975900 2.08781
976050 2.08686
976200 2.08567
976350 2.08487
976500 2.08382
976650 2.0829
976800 2.08183
976950 2.0797
977100 2.07802
977250 2.07598
977400 2.07325
977550 2.07194
977700 2.07006
977850 2.0692
978000 2.06776
978150 2.06513
978300 2.06346
978450 2.06239
978600 2.06118
978750 2.05893
978900 2.05774
979050 2.05624
979200 2.05482
979350 2.05342
979500 2.05248
979650 2.05079
979800 2.04962
979950 2.04892
980100 2.04741
980250 2.04573
980400 2.04507
980550 2.04429
980700 2.04251
980850 2.04127
981000 2.04095
981150 2.0393
981300 2.03802
981450 2.03635
981600 2.03527
981750 2.03311
981900 2.03143
982050 2.03034
982200 2.02906
982350 2.02739
982500 2.02585
982650 2.02361
982800 2.02221
982950 2.02075
983100 2.01988
983250 2.01874
983400 2.0172
983550 2.01554
983700 2.01424
983850 2.0118
984000 2.01097
984150 2.00785
984300 2.00594
984450 2.00489
984600 2.00313
984750 2.00214
984900 2.00065
985050 1.99962
985200 1.99916
985350 1.99753
985500 1.99687
985650 1.99597
985800 1.99485
985950 1.99428
986100 1.99391
986250 1.99184
986400 1.99005
986550 1.98898
986700 1.98779
986850 1.9868
987000 1.98609
987150 1.98476
987300 1.98269
987450 1.98144
987600 1.98001
987750 1.97885
987900 1.97633
988050 1.97544
988200 1.97429
988350 1.97302
988500 1.97202
988650 1.97044
988800 1.9697
988950 1.96915
989100 1.96795
989250 1.9661
989400 1.96431
989550 1.9636
989700 1.96217
989850 1.96121
990000 1.95851
990150 1.95784
990300 1.95717
990450 1.95601
990600 1.95482
990750 1.95339
990900 1.95301
991050 1.95189
991200 1.9507
991350 1.94998
991500 1.94832
991650 1.94772
991800 1.94715
991950 1.9464
992100 1.9459
992250 1.94396
992400 1.94301
992550 1.94239
992700 1.94199
992850 1.94057
993000 1.94016
993150 1.93929
993300 1.93778
993450 1.93543
993600 1.93432
993750 1.93424
993900 1.93237
994050 1.93164
994200 1.93081
994350 1.92929
994500 1.92873
994650 1.92828
994800 1.92721
994950 1.92624
995100 1.92461
995250 1.92389
995400 1.92299
995550 1.92137
995700 1.91907
995850 1.91723
996000 1.91425
996150 1.91316
996300 1.91248
996450 1.91136
996600 1.90988
996750 1.90924
996900 1.90787
997050 1.90659
997200 1.90481
997350 1.9038
997500 1.90292
997650 1.90118
997800 1.90071
997950 1.9002
998100 1.89887
998250 1.89783
998400 1.89595
998550 1.89571
998700 1.89566
998850 1.89454
999000 1.89319
999150 1.89229
999300 1.89135
999450 1.89004
999600 1.8887
999750 1.88797
